caprst_fall_first_-20: 5.105152e-05
caprst_fall_first_-40: 5.020152e-05
caprst_fall_first_0: 5.115152e-05
caprst_fall_first_100: 5.265152e-05
caprst_fall_first_125: 5.300152e-05
caprst_fall_first_20: 5.130152e-05
caprst_fall_first_40: 5.285152e-05
caprst_fall_first_60: 5.230152e-05
caprst_fall_first_80: 5.250152e-05
caprst_fall_second_-20: 7.090152e-05
caprst_fall_second_-40: 6.900152e-05
caprst_fall_second_0: 7.100152e-05
caprst_fall_second_100: 7.250152e-05
caprst_fall_second_125: 7.285152e-05
caprst_fall_second_20: 7.115152e-05
caprst_fall_second_40: 7.270152e-05
caprst_fall_second_60: 7.215152e-05
caprst_fall_second_80: 7.235152e-05
caprst_rise_first_-20: 6.240152e-05
caprst_rise_first_-40: 6.155152e-05
caprst_rise_first_0: 6.250152e-05
caprst_rise_first_100: 6.400152e-05
caprst_rise_first_125: 6.435152e-05
caprst_rise_first_20: 6.265152e-05
caprst_rise_first_40: 6.420152e-05
caprst_rise_first_60: 6.365152e-05
caprst_rise_first_80: 6.385152e-05
caprst_rise_second_-20: 8.225152e-05
caprst_rise_second_-40: 8.035152e-05
caprst_rise_second_0: 8.235152e-05
caprst_rise_second_100: 8.385152e-05
caprst_rise_second_125: 8.420152e-05
caprst_rise_second_20: 8.250152e-05
caprst_rise_second_40: 8.405152e-05
caprst_rise_second_60: 8.350152e-05
caprst_rise_second_80: 8.370152e-05
ipc_setupincluded_-20: -8.40785e-05
ipc_setupincluded_-40: -8.181109e-05
ipc_setupincluded_0: -8.641909e-05
ipc_setupincluded_100: -9.746633e-05
ipc_setupincluded_125: -0.000100286
ipc_setupincluded_20: -8.867525e-05
ipc_setupincluded_40: -9.10712e-05
ipc_setupincluded_60: -9.309636e-05
ipc_setupincluded_80: -9.524622e-05
iptat_first_-20: 6.017126e-06
iptat_first_-40: 5.556349e-06
iptat_first_0: 6.456782e-06
iptat_first_100: 8.387114e-06
iptat_first_125: 8.78544e-06
iptat_first_20: 6.886396e-06
iptat_first_40: 7.293653e-06
iptat_first_60: 7.682755e-06
iptat_first_80: 8.047167e-06
iptat_second_-20: 5.694148e-06
iptat_second_-40: 5.252677e-06
iptat_second_0: 6.123944e-06
iptat_second_100: 8.009899e-06
iptat_second_125: 8.400658e-06
iptat_second_20: 6.538561e-06
iptat_second_40: 6.935382e-06
iptat_second_60: 7.313057e-06
iptat_second_80: 7.674256e-06
pwrup_fall_-20: 8.230152e-05
pwrup_fall_-40: 8.040152e-05
pwrup_fall_0: 8.240152e-05
pwrup_fall_100: 8.390152e-05
pwrup_fall_125: 8.425152e-05
pwrup_fall_20: 8.255152e-05
pwrup_fall_40: 8.410152e-05
pwrup_fall_60: 8.355152e-05
pwrup_fall_80: 8.375152e-05
pwrup_rise_-20: 2.5152e-07
pwrup_rise_-40: 2.5152e-07
pwrup_rise_0: 2.5152e-07
pwrup_rise_100: 2.5152e-07
pwrup_rise_125: 2.5152e-07
pwrup_rise_20: 2.5152e-07
pwrup_rise_40: 2.5152e-07
pwrup_rise_60: 2.5152e-07
pwrup_rise_80: 2.5152e-07
tmpcount1_-20: 0.1376471
tmpcount1_-40: 0.1281176
tmpcount1_0: 0.144
tmpcount1_100: 0.1831765
tmpcount1_125: 0.1937647
tmpcount1_20: 0.1514118
tmpcount1_40: 0.1598824
tmpcount1_60: 0.1662353
tmpcount1_80: 0.1747059
tmpcount2_-20: 0.1312941
tmpcount2_-40: 0.1217647
tmpcount2_0: 0.1365882
tmpcount2_100: 0.1757647
tmpcount2_125: 0.1874118
tmpcount2_20: 0.144
tmpcount2_40: 0.1514118
tmpcount2_60: 0.1598824
tmpcount2_80: 0.1672941
