caprst_fall_first_-20: 5.390152e-05
caprst_fall_first_-40: 5.395152e-05
caprst_fall_first_0: 5.380152e-05
caprst_fall_first_100: 5.545152e-05
caprst_fall_first_125: 5.560152e-05
caprst_fall_first_20: 5.525152e-05
caprst_fall_first_40: 5.520152e-05
caprst_fall_first_60: 5.525152e-05
caprst_fall_first_80: 5.535152e-05
caprst_fall_second_-20: 7.375152e-05
caprst_fall_second_-40: 7.380152e-05
caprst_fall_second_0: 7.365152e-05
caprst_fall_second_100: 7.530152e-05
caprst_fall_second_125: 7.545152e-05
caprst_fall_second_20: 7.510152e-05
caprst_fall_second_40: 7.505152e-05
caprst_fall_second_60: 7.405152e-05
caprst_fall_second_80: 7.520152e-05
caprst_rise_first_-20: 6.525152e-05
caprst_rise_first_-40: 6.530152e-05
caprst_rise_first_0: 6.515152e-05
caprst_rise_first_100: 6.680152e-05
caprst_rise_first_125: 6.695152e-05
caprst_rise_first_20: 6.660152e-05
caprst_rise_first_40: 6.655152e-05
caprst_rise_first_60: 6.660152e-05
caprst_rise_first_80: 6.670152e-05
caprst_rise_second_-20: 8.515152e-05
caprst_rise_second_-40: 8.515152e-05
caprst_rise_second_0: 8.500152e-05
caprst_rise_second_100: 8.665152e-05
caprst_rise_second_125: 8.680152e-05
caprst_rise_second_20: 8.645152e-05
caprst_rise_second_40: 8.640152e-05
caprst_rise_second_60: 8.540152e-05
caprst_rise_second_80: 8.655152e-05
ipc_setupincluded_-20: -0.0001275325
ipc_setupincluded_-40: -0.0001234558
ipc_setupincluded_0: -0.0001322406
ipc_setupincluded_100: -0.0001613232
ipc_setupincluded_125: -0.0001704422
ipc_setupincluded_20: -0.0001372837
ipc_setupincluded_40: -0.0001430348
ipc_setupincluded_60: -0.0001488836
ipc_setupincluded_80: -0.0001540824
iptat_first_-20: 6.949707e-06
iptat_first_-40: 6.423769e-06
iptat_first_0: 7.450685e-06
iptat_first_100: 9.671601e-06
iptat_first_125: 1.014204e-05
iptat_first_20: 7.94327e-06
iptat_first_40: 8.409484e-06
iptat_first_60: 8.855886e-06
iptat_first_80: 9.276751e-06
iptat_second_-20: 6.485819e-06
iptat_second_-40: 5.971016e-06
iptat_second_0: 6.983291e-06
iptat_second_100: 9.199286e-06
iptat_second_125: 9.675823e-06
iptat_second_20: 7.468103e-06
iptat_second_40: 7.932744e-06
iptat_second_60: 8.378022e-06
iptat_second_80: 8.802847e-06
pwrup_fall_-20: 8.520152e-05
pwrup_fall_-40: 8.520152e-05
pwrup_fall_0: 8.505152e-05
pwrup_fall_100: 8.670152e-05
pwrup_fall_125: 8.685152e-05
pwrup_fall_20: 8.650152e-05
pwrup_fall_40: 8.645152e-05
pwrup_fall_60: 8.545152e-05
pwrup_fall_80: 8.660152e-05
pwrup_rise_-20: 2.5152e-07
pwrup_rise_-40: 2.5152e-07
pwrup_rise_0: 2.5152e-07
pwrup_rise_100: 2.5152e-07
pwrup_rise_125: 2.5152e-07
pwrup_rise_20: 2.5152e-07
pwrup_rise_40: 2.5152e-07
pwrup_rise_60: 2.5152e-07
pwrup_rise_80: 2.5152e-07
tmpcount1_-20: 0.1667368
tmpcount1_-40: 0.1563158
tmpcount1_0: 0.18
tmpcount1_100: 0.2245263
tmpcount1_125: 0.2349474
tmpcount1_20: 0.1904211
tmpcount1_40: 0.1998947
tmpcount1_60: 0.2141053
tmpcount1_80: 0.2150526
tmpcount2_-20: 0.1582105
tmpcount2_-40: 0.1458947
tmpcount2_0: 0.1714737
tmpcount2_100: 0.2150526
tmpcount2_125: 0.2264211
tmpcount2_20: 0.18
tmpcount2_40: 0.1904211
tmpcount2_60: 0.1998947
tmpcount2_80: 0.2141053
