caprst_fall_first_-20: 5.685152e-05
caprst_fall_first_-40: 5.705152e-05
caprst_fall_first_0: 5.675152e-05
caprst_fall_first_100: 5.815152e-05
caprst_fall_first_125: 5.755152e-05
caprst_fall_first_20: 5.670152e-05
caprst_fall_first_40: 5.660152e-05
caprst_fall_first_60: 5.670152e-05
caprst_fall_first_80: 5.810152e-05
caprst_fall_second_-20: 7.715152e-05
caprst_fall_second_-40: 7.690152e-05
caprst_fall_second_0: 7.675152e-05
caprst_fall_second_100: 7.855152e-05
caprst_fall_second_125: 7.755152e-05
caprst_fall_second_20: 7.655152e-05
caprst_fall_second_40: 7.645152e-05
caprst_fall_second_60: 7.695152e-05
caprst_fall_second_80: 7.800152e-05
caprst_rise_first_-20: 6.865152e-05
caprst_rise_first_-40: 6.840152e-05
caprst_rise_first_0: 6.825152e-05
caprst_rise_first_100: 7.005152e-05
caprst_rise_first_125: 6.905152e-05
caprst_rise_first_20: 6.805152e-05
caprst_rise_first_40: 6.795152e-05
caprst_rise_first_60: 6.845152e-05
caprst_rise_first_80: 6.950152e-05
caprst_rise_second_-20: 8.885152e-05
caprst_rise_second_-40: 8.860152e-05
caprst_rise_second_0: 8.810152e-05
caprst_rise_second_100: 9.030152e-05
caprst_rise_second_125: 8.910152e-05
caprst_rise_second_20: 8.810152e-05
caprst_rise_second_40: 8.780152e-05
caprst_rise_second_60: 8.830152e-05
caprst_rise_second_80: 8.935152e-05
ipc_setupincluded_-20: -8.818366e-05
ipc_setupincluded_-40: -8.610068e-05
ipc_setupincluded_0: -9.008952e-05
ipc_setupincluded_100: -9.965675e-05
ipc_setupincluded_125: -0.0001029894
ipc_setupincluded_20: -9.199094e-05
ipc_setupincluded_40: -9.381437e-05
ipc_setupincluded_60: -9.562448e-05
ipc_setupincluded_80: -9.777943e-05
iptat_first_-20: 5.369739e-06
iptat_first_-40: 5.003164e-06
iptat_first_0: 5.746812e-06
iptat_first_100: 7.446548e-06
iptat_first_125: 7.799835e-06
iptat_first_20: 6.117443e-06
iptat_first_40: 6.474503e-06
iptat_first_60: 6.817663e-06
iptat_first_80: 7.138807e-06
iptat_second_-20: 5.078527e-06
iptat_second_-40: 4.659942e-06
iptat_second_0: 5.477848e-06
iptat_second_100: 7.206403e-06
iptat_second_125: 7.570735e-06
iptat_second_20: 5.856733e-06
iptat_second_40: 6.222011e-06
iptat_second_60: 6.566147e-06
iptat_second_80: 6.895177e-06
pwrup_fall_-20: 8.890152e-05
pwrup_fall_-40: 8.865152e-05
pwrup_fall_0: 8.815152e-05
pwrup_fall_100: 9.035152e-05
pwrup_fall_125: 8.915152e-05
pwrup_fall_20: 8.815152e-05
pwrup_fall_40: 8.785152e-05
pwrup_fall_60: 8.835152e-05
pwrup_fall_80: 8.940152e-05
pwrup_rise_-20: 2.5152e-07
pwrup_rise_-40: 2.5152e-07
pwrup_rise_0: 2.5152e-07
pwrup_rise_100: 2.5152e-07
pwrup_rise_125: 2.5152e-07
pwrup_rise_20: 2.5152e-07
pwrup_rise_40: 2.5152e-07
pwrup_rise_60: 2.5152e-07
pwrup_rise_80: 2.5152e-07
tmpcount1_-20: 0.1203158
tmpcount1_-40: 0.1108421
tmpcount1_0: 0.1231579
tmpcount1_100: 0.1458947
tmpcount1_125: 0.1468421
tmpcount1_20: 0.126
tmpcount1_40: 0.1288421
tmpcount1_60: 0.1364211
tmpcount1_80: 0.1364211
tmpcount2_-20: 0.1136842
tmpcount2_-40: 0.1070526
tmpcount2_0: 0.1165263
tmpcount2_100: 0.1402105
tmpcount2_125: 0.144
tmpcount2_20: 0.1241053
tmpcount2_40: 0.1250526
tmpcount2_60: 0.1278947
tmpcount2_80: 0.1316842
