caprst_fall_first_-20: 5.370152e-05
caprst_fall_first_-40: 5.380152e-05
caprst_fall_first_0: 5.370152e-05
caprst_fall_first_100: 5.415152e-05
caprst_fall_first_125: 5.435152e-05
caprst_fall_first_20: 5.375152e-05
caprst_fall_first_40: 5.385152e-05
caprst_fall_first_60: 5.390152e-05
caprst_fall_first_80: 5.400152e-05
caprst_fall_second_-20: 7.355152e-05
caprst_fall_second_-40: 7.365152e-05
caprst_fall_second_0: 7.355152e-05
caprst_fall_second_100: 7.400152e-05
caprst_fall_second_125: 7.420152e-05
caprst_fall_second_20: 7.360152e-05
caprst_fall_second_40: 7.370152e-05
caprst_fall_second_60: 7.270152e-05
caprst_fall_second_80: 7.385152e-05
caprst_rise_first_-20: 6.505152e-05
caprst_rise_first_-40: 6.515152e-05
caprst_rise_first_0: 6.505152e-05
caprst_rise_first_100: 6.550152e-05
caprst_rise_first_125: 6.570152e-05
caprst_rise_first_20: 6.510152e-05
caprst_rise_first_40: 6.520152e-05
caprst_rise_first_60: 6.525152e-05
caprst_rise_first_80: 6.535152e-05
caprst_rise_second_-20: 8.490152e-05
caprst_rise_second_-40: 8.510152e-05
caprst_rise_second_0: 8.490152e-05
caprst_rise_second_100: 8.535152e-05
caprst_rise_second_125: 8.555152e-05
caprst_rise_second_20: 8.495152e-05
caprst_rise_second_40: 8.510152e-05
caprst_rise_second_60: 8.405152e-05
caprst_rise_second_80: 8.520152e-05
ipc_setupincluded_-20: -0.0001040172
ipc_setupincluded_-40: -0.0001012095
ipc_setupincluded_0: -0.0001069645
ipc_setupincluded_100: -0.0001219631
ipc_setupincluded_125: -0.0001257505
ipc_setupincluded_20: -0.0001098635
ipc_setupincluded_40: -0.0001127463
ipc_setupincluded_60: -0.0001160652
ipc_setupincluded_80: -0.0001188843
iptat_first_-20: 6.071953e-06
iptat_first_-40: 5.606654e-06
iptat_first_0: 6.51006e-06
iptat_first_100: 8.460414e-06
iptat_first_125: 8.861049e-06
iptat_first_20: 6.935413e-06
iptat_first_40: 7.349023e-06
iptat_first_60: 7.73985e-06
iptat_first_80: 8.109259e-06
iptat_second_-20: 5.669218e-06
iptat_second_-40: 5.224798e-06
iptat_second_0: 6.10292e-06
iptat_second_100: 8.022137e-06
iptat_second_125: 8.426301e-06
iptat_second_20: 6.519905e-06
iptat_second_40: 6.922374e-06
iptat_second_60: 7.308288e-06
iptat_second_80: 7.674304e-06
pwrup_fall_-20: 8.495152e-05
pwrup_fall_-40: 8.515152e-05
pwrup_fall_0: 8.495152e-05
pwrup_fall_100: 8.540152e-05
pwrup_fall_125: 8.560152e-05
pwrup_fall_20: 8.500152e-05
pwrup_fall_40: 8.515152e-05
pwrup_fall_60: 8.410152e-05
pwrup_fall_80: 8.525152e-05
pwrup_rise_-20: 2.5152e-07
pwrup_rise_-40: 2.5152e-07
pwrup_rise_0: 2.5152e-07
pwrup_rise_100: 2.5152e-07
pwrup_rise_125: 2.5152e-07
pwrup_rise_20: 2.5152e-07
pwrup_rise_40: 2.5152e-07
pwrup_rise_60: 2.5152e-07
pwrup_rise_80: 2.5152e-07
tmpcount1_-20: 0.1288421
tmpcount1_-40: 0.1203158
tmpcount1_0: 0.1373684
tmpcount1_100: 0.1714737
tmpcount1_125: 0.1790526
tmpcount1_20: 0.1430526
tmpcount1_40: 0.1534737
tmpcount1_60: 0.1601053
tmpcount1_80: 0.1667368
tmpcount2_-20: 0.1212632
tmpcount2_-40: 0.1136842
tmpcount2_0: 0.1288421
tmpcount2_100: 0.1648421
tmpcount2_125: 0.1714737
tmpcount2_20: 0.1373684
tmpcount2_40: 0.1458947
tmpcount2_60: 0.1525263
tmpcount2_80: 0.1591579
