ipmos_-20: 1.496289e-05
ipmos_-40: 1.503154e-05
ipmos_0: 1.490237e-05
ipmos_100: 1.405734e-05
ipmos_125: 1.378646e-05
ipmos_20: 1.479029e-05
ipmos_40: 1.466785e-05
ipmos_60: 1.45147e-05
ipmos_80: 1.429173e-05
isnk_-20: 4.620491e-07
isnk_-40: 4.353795e-07
isnk_0: 4.866392e-07
isnk_100: 5.879533e-07
isnk_125: 6.089143e-07
isnk_20: 5.093876e-07
isnk_40: 5.307054e-07
isnk_60: 5.507936e-07
isnk_80: 5.698019e-07
isrc_-20: 5.59264e-07
isrc_-40: 5.201041e-07
isrc_0: 5.953797e-07
isrc_100: 7.356551e-07
isrc_125: 7.613644e-07
isrc_20: 6.286146e-07
isrc_40: 6.59129e-07
isrc_60: 6.870618e-07
isrc_80: 7.125396e-07
vctrl_-20: 0.3930466
vctrl_-40: 0.37246
vctrl_0: 0.4141449
vctrl_100: 0.5335687
vctrl_125: 0.5668878
vctrl_20: 0.4362379
vctrl_40: 0.4592497
vctrl_60: 0.4832392
vctrl_80: 0.5077507
vctrlmax_-20: 0.4447869
vctrlmax_-40: 0.4226115
vctrlmax_0: 0.4677567
vctrlmax_100: 0.5936877
vctrlmax_125: 0.6270361
vctrlmax_20: 0.4915495
vctrlmax_40: 0.5158093
vctrlmax_60: 0.5417533
vctrlmax_80: 0.5675814
vctrlmin_-20: 0.3579559
vctrlmin_-40: 0.3382783
vctrlmin_0: 0.3919468
vctrlmin_100: 0.503593
vctrlmin_125: 0.5277861
vctrlmin_20: 0.4017384
vctrlmin_40: 0.4216525
vctrlmin_60: 0.4450167
vctrlmin_80: 0.4705786
vref_-20: 1.050053
vref_-40: 1.05089
vref_0: 1.050501
vref_100: 1.047865
vref_125: 1.045618
vref_20: 1.050718
vref_40: 1.050445
vref_60: 1.049755
vref_80: 1.04883
