ipmos_-20: 1.45951e-05
ipmos_-40: 1.462456e-05
ipmos_0: 1.453213e-05
ipmos_100: 1.392855e-05
ipmos_125: 1.363939e-05
ipmos_20: 1.44729e-05
ipmos_40: 1.434617e-05
ipmos_60: 1.429497e-05
ipmos_80: 1.412283e-05
isnk_-20: 5.817779e-07
isnk_-40: 5.357191e-07
isnk_0: 6.242716e-07
isnk_100: 7.843231e-07
isnk_125: 8.124542e-07
isnk_20: 6.631497e-07
isnk_40: 6.985135e-07
isnk_60: 7.302708e-07
isnk_80: 7.588287e-07
isrc_-20: 5.729104e-07
isrc_-40: 5.225301e-07
isrc_0: 6.203168e-07
isrc_100: 8.057662e-07
isrc_125: 8.394755e-07
isrc_20: 6.643475e-07
isrc_40: 7.048432e-07
isrc_60: 7.418163e-07
isrc_80: 7.753994e-07
vctrl_-20: 0.3974888
vctrl_-40: 0.377024
vctrl_0: 0.418787
vctrl_100: 0.5384992
vctrl_125: 0.5715412
vctrl_20: 0.4409527
vctrl_40: 0.4639099
vctrl_60: 0.4877828
vctrl_80: 0.5126738
vctrlmax_-20: 0.4419566
vctrlmax_-40: 0.4182334
vctrlmax_0: 0.4657332
vctrlmax_100: 0.5950683
vctrlmax_125: 0.6287909
vctrlmax_20: 0.4900974
vctrlmax_40: 0.5149722
vctrlmax_60: 0.5416868
vctrlmax_80: 0.5682129
vctrlmin_-20: 0.3799644
vctrlmin_-40: 0.3489608
vctrlmin_0: 0.3874903
vctrlmin_100: 0.5007377
vctrlmin_125: 0.538422
vctrlmin_20: 0.4079178
vctrlmin_40: 0.4421221
vctrlmin_60: 0.459078
vctrlmin_80: 0.4845167
vref_-20: 1.049903
vref_-40: 1.05012
vref_0: 1.050204
vref_100: 1.05049
vref_125: 1.049445
vref_20: 1.050867
vref_40: 1.051366
vref_60: 1.051511
vref_80: 1.051308
