ipmos_-20: 1.495749e-05
ipmos_-40: 1.50165e-05
ipmos_0: 1.490873e-05
ipmos_100: 1.419532e-05
ipmos_125: 1.392348e-05
ipmos_20: 1.482307e-05
ipmos_40: 1.469097e-05
ipmos_60: 1.456281e-05
ipmos_80: 1.438974e-05
isnk_-20: 5.437069e-07
isnk_-40: 4.990242e-07
isnk_0: 5.85752e-07
isnk_100: 7.474209e-07
isnk_125: 7.763244e-07
isnk_20: 6.244873e-07
isnk_40: 6.599159e-07
isnk_60: 6.921163e-07
isnk_80: 7.212307e-07
isrc_-20: 5.387613e-07
isrc_-40: 4.930358e-07
isrc_0: 5.815251e-07
isrc_100: 7.499007e-07
isrc_125: 7.814311e-07
isrc_20: 6.211665e-07
isrc_40: 6.576899e-07
isrc_60: 6.912063e-07
isrc_80: 7.218827e-07
vctrl_-20: 0.3883142
vctrl_-40: 0.3681853
vctrl_0: 0.4092016
vctrl_100: 0.5280871
vctrl_125: 0.5612865
vctrl_20: 0.4310924
vctrl_40: 0.4539575
vctrl_60: 0.4777348
vctrl_80: 0.5024835
vctrlmax_-20: 0.4411693
vctrlmax_-40: 0.4183093
vctrlmax_0: 0.4656987
vctrlmax_100: 0.5865045
vctrlmax_125: 0.6255736
vctrlmax_20: 0.4882323
vctrlmax_40: 0.5100846
vctrlmax_60: 0.5357725
vctrlmax_80: 0.5613425
vctrlmin_-20: 0.3650831
vctrlmin_-40: 0.3464755
vctrlmin_0: 0.3695806
vctrlmin_100: 0.4842804
vctrlmin_125: 0.5153973
vctrlmin_20: 0.3966586
vctrlmin_40: 0.4192337
vctrlmin_60: 0.4465652
vctrlmin_80: 0.4694429
vref_-20: 1.054096
vref_-40: 1.053805
vref_0: 1.055129
vref_100: 1.05412
vref_125: 1.05239
vref_20: 1.055847
vref_40: 1.055995
vref_60: 1.055846
vref_80: 1.055113
