ipmos_-20: 1.459722e-05
ipmos_-40: 1.461003e-05
ipmos_0: 1.453765e-05
ipmos_100: 1.381863e-05
ipmos_125: 1.360239e-05
ipmos_20: 1.445271e-05
ipmos_40: 1.430532e-05
ipmos_60: 1.416756e-05
ipmos_80: 1.400198e-05
isnk_-20: 5.654765e-07
isnk_-40: 5.300341e-07
isnk_0: 5.975048e-07
isnk_100: 7.185763e-07
isnk_125: 7.407499e-07
isnk_20: 6.265473e-07
isnk_40: 6.529137e-07
isnk_60: 6.770513e-07
isnk_80: 6.988653e-07
isrc_-20: 5.958319e-07
isrc_-40: 5.533892e-07
isrc_0: 6.352562e-07
isrc_100: 7.904836e-07
isrc_125: 8.198852e-07
isrc_20: 6.716885e-07
isrc_40: 7.052555e-07
isrc_60: 7.361237e-07
isrc_80: 7.64479e-07
vctrl_-20: 0.3960446
vctrl_-40: 0.3758244
vctrl_0: 0.4171164
vctrl_100: 0.5360263
vctrl_125: 0.5692338
vctrl_20: 0.4390484
vctrl_40: 0.4620056
vctrl_60: 0.4857063
vctrl_80: 0.5104361
vctrlmax_-20: 0.4366608
vctrlmax_-40: 0.414476
vctrlmax_0: 0.4619894
vctrlmax_100: 0.5820885
vctrlmax_125: 0.617781
vctrlmax_20: 0.4847966
vctrlmax_40: 0.5065654
vctrlmax_60: 0.531232
vctrlmax_80: 0.5564488
vctrlmin_-20: 0.3670486
vctrlmin_-40: 0.3577258
vctrlmin_0: 0.3871812
vctrlmin_100: 0.5134629
vctrlmin_125: 0.5348848
vctrlmin_20: 0.4150773
vctrlmin_40: 0.4407288
vctrlmin_60: 0.4539141
vctrlmin_80: 0.4774221
vref_-20: 1.050279
vref_-40: 1.05005
vref_0: 1.050862
vref_100: 1.051078
vref_125: 1.049767
vref_20: 1.051587
vref_40: 1.05169
vref_60: 1.051987
vref_80: 1.051656
