ipmos_-20: 1.459981e-05
ipmos_-40: 1.469491e-05
ipmos_0: 1.451236e-05
ipmos_100: 1.372465e-05
ipmos_125: 1.348251e-05
ipmos_20: 1.442445e-05
ipmos_40: 1.424866e-05
ipmos_60: 1.413021e-05
ipmos_80: 1.388225e-05
isnk_-20: 5.213338e-07
isnk_-40: 4.967632e-07
isnk_0: 5.432949e-07
isnk_100: 6.337668e-07
isnk_125: 6.518854e-07
isnk_20: 5.636281e-07
isnk_40: 5.825446e-07
isnk_60: 6.005619e-07
isnk_80: 6.183353e-07
isrc_-20: 5.020753e-07
isrc_-40: 4.633183e-07
isrc_0: 5.380197e-07
isrc_100: 6.813272e-07
isrc_125: 7.089689e-07
isrc_20: 5.713179e-07
isrc_40: 6.021434e-07
isrc_60: 6.306614e-07
isrc_80: 6.570205e-07
vctrl_-20: 0.3927502
vctrl_-40: 0.372354
vctrl_0: 0.4138968
vctrl_100: 0.5332713
vctrl_125: 0.5667308
vctrl_20: 0.436014
vctrl_40: 0.4589589
vctrl_60: 0.4829037
vctrl_80: 0.5073861
vctrlmax_-20: 0.4356633
vctrlmax_-40: 0.4147327
vctrlmax_0: 0.4589921
vctrlmax_100: 0.5820149
vctrlmax_125: 0.6115733
vctrlmax_20: 0.4840848
vctrlmax_40: 0.5080244
vctrlmax_60: 0.5324791
vctrlmax_80: 0.5554961
vctrlmin_-20: 0.3772977
vctrlmin_-40: 0.3440644
vctrlmin_0: 0.3908724
vctrlmin_100: 0.5136313
vctrlmin_125: 0.5430237
vctrlmin_20: 0.4051473
vctrlmin_40: 0.4414318
vctrlmin_60: 0.4614536
vctrlmin_80: 0.4898661
vref_-20: 1.041624
vref_-40: 1.041444
vref_0: 1.042389
vref_100: 1.043177
vref_125: 1.040621
vref_20: 1.04275
vref_40: 1.042839
vref_60: 1.042954
vref_80: 1.044866
