ipmos_-20: 1.464628e-05
ipmos_-40: 1.457311e-05
ipmos_0: 1.460382e-05
ipmos_100: 1.396306e-05
ipmos_125: 1.367802e-05
ipmos_20: 1.451011e-05
ipmos_40: 1.442534e-05
ipmos_60: 1.427477e-05
ipmos_80: 1.411836e-05
isnk_-20: 5.062972e-07
isnk_-40: 4.782784e-07
isnk_0: 5.319183e-07
isnk_100: 6.339682e-07
isnk_125: 6.545074e-07
isnk_20: 5.553464e-07
isnk_40: 5.771991e-07
isnk_60: 5.974211e-07
isnk_80: 6.163232e-07
isrc_-20: 3.810684e-07
isrc_-40: 3.46843e-07
isrc_0: 4.132129e-07
isrc_100: 5.503526e-07
isrc_125: 5.797496e-07
isrc_20: 4.435271e-07
isrc_40: 4.722404e-07
isrc_60: 4.995342e-07
isrc_80: 5.25542e-07
vctrl_-20: 0.3920573
vctrl_-40: 0.3718701
vctrl_0: 0.4130619
vctrl_100: 0.5326411
vctrl_125: 0.5654207
vctrl_20: 0.4350627
vctrl_40: 0.4579647
vctrl_60: 0.4818616
vctrl_80: 0.5066161
vctrlmax_-20: 0.4357177
vctrlmax_-40: 0.4128991
vctrlmax_0: 0.4582551
vctrlmax_100: 0.5815096
vctrlmax_125: 0.6209469
vctrlmax_20: 0.4835547
vctrlmax_40: 0.508285
vctrlmax_60: 0.5341669
vctrlmax_80: 0.5601625
vctrlmin_-20: 0.363992
vctrlmin_-40: 0.3605162
vctrlmin_0: 0.3988132
vctrlmin_100: 0.5052336
vctrlmin_125: 0.5384126
vctrlmin_20: 0.4188116
vctrlmin_40: 0.4278476
vctrlmin_60: 0.456815
vctrlmin_80: 0.4761205
vref_-20: 1.053673
vref_-40: 1.053591
vref_0: 1.054407
vref_100: 1.052233
vref_125: 1.050347
vref_20: 1.054711
vref_40: 1.054636
vref_60: 1.054117
vref_80: 1.053439
