ipmos_-20: 1.454585e-05
ipmos_-40: 1.464786e-05
ipmos_0: 1.450666e-05
ipmos_100: 1.373303e-05
ipmos_125: 1.350111e-05
ipmos_20: 1.438284e-05
ipmos_40: 1.426351e-05
ipmos_60: 1.412484e-05
ipmos_80: 1.395661e-05
isnk_-20: 5.626393e-07
isnk_-40: 5.21386e-07
isnk_0: 6.002535e-07
isnk_100: 7.44124e-07
isnk_125: 7.700256e-07
isnk_20: 6.348491e-07
isnk_40: 6.663452e-07
isnk_60: 6.949811e-07
isnk_80: 7.208952e-07
isrc_-20: 5.613576e-07
isrc_-40: 5.141452e-07
isrc_0: 6.057669e-07
isrc_100: 7.798331e-07
isrc_125: 8.112981e-07
isrc_20: 6.470486e-07
isrc_40: 6.850663e-07
isrc_60: 7.198109e-07
isrc_80: 7.513592e-07
vctrl_-20: 0.3952195
vctrl_-40: 0.3748326
vctrl_0: 0.4163792
vctrl_100: 0.5355433
vctrl_125: 0.5688522
vctrl_20: 0.4382632
vctrl_40: 0.4613221
vctrl_60: 0.4851873
vctrl_80: 0.5100315
vctrlmax_-20: 0.4422288
vctrlmax_-40: 0.4205571
vctrlmax_0: 0.4637912
vctrlmax_100: 0.583425
vctrlmax_125: 0.6187643
vctrlmax_20: 0.4886871
vctrlmax_40: 0.512953
vctrlmax_60: 0.5380218
vctrlmax_80: 0.5576714
vctrlmin_-20: 0.370432
vctrlmin_-40: 0.3452432
vctrlmin_0: 0.38502
vctrlmin_100: 0.5120894
vctrlmin_125: 0.541458
vctrlmin_20: 0.4117117
vctrlmin_40: 0.4346032
vctrlmin_60: 0.4574628
vctrlmin_80: 0.4824021
vref_-20: 1.04415
vref_-40: 1.043909
vref_0: 1.044723
vref_100: 1.044861
vref_125: 1.04351
vref_20: 1.045908
vref_40: 1.045794
vref_60: 1.045954
vref_80: 1.045411
