ipmos_-20: 1.460548e-05
ipmos_-40: 1.463131e-05
ipmos_0: 1.453469e-05
ipmos_100: 1.385578e-05
ipmos_125: 1.356862e-05
ipmos_20: 1.437528e-05
ipmos_40: 1.424167e-05
ipmos_60: 1.410584e-05
ipmos_80: 1.39371e-05
isnk_-20: 5.436334e-07
isnk_-40: 5.028267e-07
isnk_0: 5.812749e-07
isnk_100: 7.253415e-07
isnk_125: 7.513919e-07
isnk_20: 6.158119e-07
isnk_40: 6.473392e-07
isnk_60: 6.760319e-07
isnk_80: 7.020229e-07
isrc_-20: 5.90975e-07
isrc_-40: 5.534351e-07
isrc_0: 6.254684e-07
isrc_100: 7.607415e-07
isrc_125: 7.864589e-07
isrc_20: 6.571858e-07
isrc_40: 6.863805e-07
isrc_60: 7.132645e-07
isrc_80: 7.380072e-07
vctrl_-20: 0.3898544
vctrl_-40: 0.3696413
vctrl_0: 0.4108804
vctrl_100: 0.5303207
vctrl_125: 0.5637236
vctrl_20: 0.4331517
vctrl_40: 0.4561437
vctrl_60: 0.4799499
vctrl_80: 0.5047793
vctrlmax_-20: 0.433843
vctrlmax_-40: 0.4101698
vctrlmax_0: 0.4570371
vctrlmax_100: 0.5832376
vctrlmax_125: 0.6113982
vctrlmax_20: 0.480452
vctrlmax_40: 0.5059754
vctrlmax_60: 0.5309116
vctrlmax_80: 0.55683
vctrlmin_-20: 0.3684315
vctrlmin_-40: 0.355925
vctrlmin_0: 0.3896696
vctrlmin_100: 0.4964305
vctrlmin_125: 0.5383611
vctrlmin_20: 0.4155386
vctrlmin_40: 0.4346044
vctrlmin_60: 0.4603854
vctrlmin_80: 0.4830258
vref_-20: 1.043264
vref_-40: 1.043106
vref_0: 1.044114
vref_100: 1.042803
vref_125: 1.040998
vref_20: 1.04468
vref_40: 1.044628
vref_60: 1.044676
vref_80: 1.043902
