ipmos_20: 1.621189e-05
isnk_20: 5.921369e-07
isrc_20: 5.797341e-07
vctrl_20: 0.4204796
vctrlmax_20: 0.4281525
vctrlmin_20: 0.4132137
vref_20: 0.5830273
