ipmos_20: 1.669124e-05
isnk_20: 5.388203e-07
isrc_20: 4.838034e-07
vctrl_20: 0.4307736
vctrlmax_20: 0.4722157
vctrlmin_20: 0.3917394
vref_20: 0.5785351
