ipmos_20: 1.648961e-05
isnk_20: 6.000749e-07
isrc_20: 6.72409e-07
vctrl_20: 0.4183114
vctrlmax_20: 0.4605436
vctrlmin_20: 0.3789996
vref_20: 0.5761044
