ipmos_20: 1.607056e-05
isnk_20: 5.920235e-07
isrc_20: 7.101085e-07
vctrl_20: 0.4221942
vctrlmax_20: 0.4263419
vctrlmin_20: 0.4184258
vref_20: 0.5816606
