ipmos_20: 1.609204e-05
isnk_20: 5.573043e-07
isrc_20: 7.214815e-07
vctrl_20: 0.420592
vctrlmax_20: 0.4258536
vctrlmin_20: 0.4159138
vref_20: 0.5807072
