ipmos_20: 1.639939e-05
isnk_20: 4.994997e-07
isrc_20: 7.012308e-07
vctrl_20: 0.4267235
vctrlmax_20: 0.4618767
vctrlmin_20: 0.3907052
vref_20: 0.5766917
