ipmos_20: 1.62599e-05
isnk_20: 6.774775e-07
isrc_20: 7.538139e-07
vctrl_20: 0.4238631
vctrlmax_20: 0.4368875
vctrlmin_20: 0.4121104
vref_20: 0.5811506
