ipmos_20: 1.648707e-05
isnk_20: 6.836312e-07
isrc_20: 4.873717e-07
vctrl_20: 0.4228032
vctrlmax_20: 0.4433345
vctrlmin_20: 0.4025742
vref_20: 0.5847301
