ipmos_20: 1.615954e-05
isnk_20: 6.285275e-07
isrc_20: 7.024049e-07
vctrl_20: 0.416365
vctrlmax_20: 0.4244296
vctrlmin_20: 0.4094351
vref_20: 0.5816179
