ipmos_20: 1.619201e-05
isnk_20: 5.558917e-07
isrc_20: 4.953269e-07
vctrl_20: 0.4239736
vctrlmax_20: 0.4287279
vctrlmin_20: 0.4196271
vref_20: 0.5829996
