ipmos_20: 1.621954e-05
isnk_20: 5.998561e-07
isrc_20: 5.209662e-07
vctrl_20: 0.4212643
vctrlmax_20: 0.4266002
vctrlmin_20: 0.4166401
vref_20: 0.5831518
