ipmos_20: 1.630554e-05
isnk_20: 5.048628e-07
isrc_20: 6.712001e-07
vctrl_20: 0.4148547
vctrlmax_20: 0.428832
vctrlmin_20: 0.4014499
vref_20: 0.5798367
