ipmos_20: 1.620011e-05
isnk_20: 6.700666e-07
isrc_20: 6.596399e-07
vctrl_20: 0.422784
vctrlmax_20: 0.4308976
vctrlmin_20: 0.4151778
vref_20: 0.5826082
