ipmos_20: 1.631035e-05
isnk_20: 6.223968e-07
isrc_20: 5.164328e-07
vctrl_20: 0.4163432
vctrlmax_20: 0.4273843
vctrlmin_20: 0.4059784
vref_20: 0.5838178
