ipmos_20: 1.626606e-05
isnk_20: 6.034088e-07
isrc_20: 5.755537e-07
vctrl_20: 0.4216404
vctrlmax_20: 0.4309013
vctrlmin_20: 0.4131547
vref_20: 0.5828217
