ipmos_20: 1.646148e-05
isnk_20: 5.799409e-07
isrc_20: 6.123108e-07
vctrl_20: 0.4277595
vctrlmax_20: 0.4640958
vctrlmin_20: 0.3918594
vref_20: 0.5781388
