ipmos_20: 1.614682e-05
isnk_20: 6.482413e-07
isrc_20: 6.694394e-07
vctrl_20: 0.4168587
vctrlmax_20: 0.4234331
vctrlmin_20: 0.4109831
vref_20: 0.5823476
