ipmos_20: 1.640618e-05
isnk_20: 5.778527e-07
isrc_20: 5.201195e-07
vctrl_20: 0.4247968
vctrlmax_20: 0.4409645
vctrlmin_20: 0.4091667
vref_20: 0.5828629
