ipmos_20: 1.640215e-05
isnk_20: 6.35883e-07
isrc_20: 6.296751e-07
vctrl_20: 0.4182656
vctrlmax_20: 0.4360336
vctrlmin_20: 0.4016116
vref_20: 0.5821608
