ipmos_20: 1.64424e-05
isnk_20: 6.438282e-07
isrc_20: 5.025395e-07
vctrl_20: 0.4239989
vctrlmax_20: 0.4398612
vctrlmin_20: 0.4096705
vref_20: 0.5838271
