ipmos_20: 1.645245e-05
isnk_20: 6.3135e-07
isrc_20: 6.919254e-07
vctrl_20: 0.4267219
vctrlmax_20: 0.4789312
vctrlmin_20: 0.3782026
vref_20: 0.5708152
