ipmos_20: 1.616903e-05
isnk_20: 6.777923e-07
isrc_20: 6.262539e-07
vctrl_20: 0.4301863
vctrlmax_20: 0.4367059
vctrlmin_20: 0.4243986
vref_20: 0.5833784
