ipmos_20: 1.660238e-05
isnk_20: 6.089736e-07
isrc_20: 5.678018e-07
vctrl_20: 0.4213639
vctrlmax_20: 0.450775
vctrlmin_20: 0.394792
vref_20: 0.5804009
