ipmos_20: 1.639346e-05
isnk_20: 6.089935e-07
isrc_20: 6.099646e-07
vctrl_20: 0.419354
vctrlmax_20: 0.4370163
vctrlmin_20: 0.402797
vref_20: 0.5821993
