ipmos_20: 1.649153e-05
isnk_20: 5.200039e-07
isrc_20: 6.657407e-07
vctrl_20: 0.4254293
vctrlmax_20: 0.4653508
vctrlmin_20: 0.3867309
vref_20: 0.5758675
