ipmos_20: 1.617669e-05
isnk_20: 6.336586e-07
isrc_20: 6.50957e-07
vctrl_20: 0.4205378
vctrlmax_20: 0.4283895
vctrlmin_20: 0.413858
vref_20: 0.5824526
