ipmos_20: 1.651514e-05
isnk_20: 6.176472e-07
isrc_20: 5.003206e-07
vctrl_20: 0.418791
vctrlmax_20: 0.4407588
vctrlmin_20: 0.3974727
vref_20: 0.583107
