ipmos_20: 1.623183e-05
isnk_20: 5.652232e-07
isrc_20: 6.997868e-07
vctrl_20: 0.4224722
vctrlmax_20: 0.4331313
vctrlmin_20: 0.4129963
vref_20: 0.5808264
