ipmos_20: 1.627735e-05
isnk_20: 5.486357e-07
isrc_20: 5.278782e-07
vctrl_20: 0.4173719
vctrlmax_20: 0.4269101
vctrlmin_20: 0.4086806
vref_20: 0.5826337
