ipmos_20: 1.622864e-05
isnk_20: 6.792299e-07
isrc_20: 6.505974e-07
vctrl_20: 0.4250481
vctrlmax_20: 0.4335041
vctrlmin_20: 0.4171037
vref_20: 0.5826442
