ipmos_-20: 1.475585e-05
ipmos_-40: 1.478011e-05
ipmos_0: 1.469609e-05
ipmos_100: 1.398021e-05
ipmos_125: 1.370432e-05
ipmos_20: 1.460285e-05
ipmos_40: 1.448482e-05
ipmos_60: 1.433863e-05
ipmos_80: 1.416954e-05
isnk_-20: 5.408692e-07
isnk_-40: 5.174118e-07
isnk_0: 5.617357e-07
isnk_100: 6.48027e-07
isnk_125: 6.660016e-07
isnk_20: 5.809365e-07
isnk_40: 5.990347e-07
isnk_60: 6.162566e-07
isnk_80: 6.325538e-07
isrc_-20: 5.347321e-07
isrc_-40: 4.894641e-07
isrc_0: 5.771043e-07
isrc_100: 7.426752e-07
isrc_125: 7.727541e-07
isrc_20: 6.163775e-07
isrc_40: 6.525003e-07
isrc_60: 6.855179e-07
isrc_80: 7.155324e-07
vctrl_-20: 0.3924643
vctrl_-40: 0.3723933
vctrl_0: 0.4134628
vctrl_100: 0.5325309
vctrl_125: 0.5656598
vctrl_20: 0.4354538
vctrl_40: 0.4583614
vctrl_60: 0.4822129
vctrl_80: 0.5069517
vctrlmax_-20: 0.440265
vctrlmax_-40: 0.416618
vctrlmax_0: 0.4638275
vctrlmax_100: 0.5898948
vctrlmax_125: 0.622571
vctrlmax_20: 0.4877406
vctrlmax_40: 0.5121213
vctrlmax_60: 0.5377766
vctrlmax_80: 0.5636319
vctrlmin_-20: 0.3665458
vctrlmin_-40: 0.3557
vctrlmin_0: 0.3937974
vctrlmin_100: 0.4945143
vctrlmin_125: 0.5339522
vctrlmin_20: 0.4002191
vctrlmin_40: 0.4305251
vctrlmin_60: 0.4473373
vctrlmin_80: 0.4691581
vref_-20: 1.040832
vref_-40: 1.040052
vref_0: 1.041666
vref_100: 1.041855
vref_125: 1.040705
vref_20: 1.042386
vref_40: 1.042643
vref_60: 1.042652
vref_80: 1.042242
