ipmos_-20: 1.464443e-05
ipmos_-40: 1.467755e-05
ipmos_0: 1.459085e-05
ipmos_100: 1.388169e-05
ipmos_125: 1.365676e-05
ipmos_20: 1.451368e-05
ipmos_40: 1.43915e-05
ipmos_60: 1.424143e-05
ipmos_80: 1.407029e-05
isnk_-20: 5.510724e-07
isnk_-40: 5.16205e-07
isnk_0: 5.827524e-07
isnk_100: 7.039778e-07
isnk_125: 7.267445e-07
isnk_20: 6.116105e-07
isnk_40: 6.3789e-07
isnk_60: 6.619169e-07
isnk_80: 6.838781e-07
isrc_-20: 5.713636e-07
isrc_-40: 5.236298e-07
isrc_0: 6.160813e-07
isrc_100: 7.886981e-07
isrc_125: 8.191232e-07
isrc_20: 6.57463e-07
isrc_40: 6.953769e-07
isrc_60: 7.298199e-07
isrc_80: 7.608805e-07
vctrl_-20: 0.3898412
vctrl_-40: 0.3695154
vctrl_0: 0.4109069
vctrl_100: 0.5306047
vctrl_125: 0.564055
vctrl_20: 0.432922
vctrl_40: 0.4559469
vctrl_60: 0.4799236
vctrl_80: 0.504802
vctrlmax_-20: 0.4328416
vctrlmax_-40: 0.4094433
vctrlmax_0: 0.4564617
vctrlmax_100: 0.5845994
vctrlmax_125: 0.615035
vctrlmax_20: 0.4805569
vctrlmax_40: 0.5065704
vctrlmax_60: 0.5319932
vctrlmax_80: 0.5580957
vctrlmin_-20: 0.360494
vctrlmin_-40: 0.3409398
vctrlmin_0: 0.3803703
vctrlmin_100: 0.5058299
vctrlmin_125: 0.5334149
vctrlmin_20: 0.4150176
vctrlmin_40: 0.4323706
vctrlmin_60: 0.4585473
vctrlmin_80: 0.4767748
vref_-20: 1.052542
vref_-40: 1.053008
vref_0: 1.053076
vref_100: 1.051024
vref_125: 1.049504
vref_20: 1.053434
vref_40: 1.053194
vref_60: 1.05263
vref_80: 1.05214
