ipmos_-20: 1.477065e-05
ipmos_-40: 1.481671e-05
ipmos_0: 1.471912e-05
ipmos_100: 1.409853e-05
ipmos_125: 1.380015e-05
ipmos_20: 1.463956e-05
ipmos_40: 1.452819e-05
ipmos_60: 1.437574e-05
ipmos_80: 1.422067e-05
isnk_-20: 5.854852e-07
isnk_-40: 5.44067e-07
isnk_0: 6.234833e-07
isnk_100: 7.662363e-07
isnk_125: 7.916215e-07
isnk_20: 6.581328e-07
isnk_40: 6.895542e-07
isnk_60: 7.180457e-07
isnk_80: 7.437176e-07
isrc_-20: 4.484809e-07
isrc_-40: 4.044735e-07
isrc_0: 4.899825e-07
isrc_100: 6.541231e-07
isrc_125: 6.839036e-07
isrc_20: 5.286995e-07
isrc_40: 5.644876e-07
isrc_60: 5.972974e-07
isrc_80: 6.271548e-07
vctrl_-20: 0.3881837
vctrl_-40: 0.3679007
vctrl_0: 0.4091512
vctrl_100: 0.5279348
vctrl_125: 0.5610459
vctrl_20: 0.4310214
vctrl_40: 0.4538725
vctrl_60: 0.4775985
vctrl_80: 0.5021483
vctrlmax_-20: 0.4382829
vctrlmax_-40: 0.4158721
vctrlmax_0: 0.4612641
vctrlmax_100: 0.5892056
vctrlmax_125: 0.6208044
vctrlmax_20: 0.4844675
vctrlmax_40: 0.5104132
vctrlmax_60: 0.5359081
vctrlmax_80: 0.562185
vctrlmin_-20: 0.3553991
vctrlmin_-40: 0.350343
vctrlmin_0: 0.3746721
vctrlmin_100: 0.487633
vctrlmin_125: 0.5268566
vctrlmin_20: 0.3944541
vctrlmin_40: 0.4227678
vctrlmin_60: 0.4482527
vctrlmin_80: 0.4684379
vref_-20: 1.043739
vref_-40: 1.042999
vref_0: 1.044731
vref_100: 1.046481
vref_125: 1.045434
vref_20: 1.045938
vref_40: 1.046618
vref_60: 1.047132
vref_80: 1.047126
