ipmos_-20: 1.449311e-05
ipmos_-40: 1.451403e-05
ipmos_0: 1.445357e-05
ipmos_100: 1.366621e-05
ipmos_125: 1.340968e-05
ipmos_20: 1.437045e-05
ipmos_40: 1.415279e-05
ipmos_60: 1.400442e-05
ipmos_80: 1.385252e-05
isnk_-20: 5.111117e-07
isnk_-40: 4.762412e-07
isnk_0: 5.430062e-07
isnk_100: 6.678716e-07
isnk_125: 6.91652e-07
isnk_20: 5.723098e-07
isnk_40: 5.99237e-07
isnk_60: 6.240571e-07
isnk_80: 6.468932e-07
isrc_-20: 5.62353e-07
isrc_-40: 5.264204e-07
isrc_0: 5.954735e-07
isrc_100: 7.276316e-07
isrc_125: 7.532872e-07
isrc_20: 6.260928e-07
isrc_40: 6.544513e-07
isrc_60: 6.807439e-07
isrc_80: 7.051051e-07
vctrl_-20: 0.3906319
vctrl_-40: 0.3704098
vctrl_0: 0.4116223
vctrl_100: 0.5310069
vctrl_125: 0.5642017
vctrl_20: 0.4335747
vctrl_40: 0.4567724
vctrl_60: 0.4805873
vctrl_80: 0.5053513
vctrlmax_-20: 0.4362634
vctrlmax_-40: 0.4137021
vctrlmax_0: 0.4590081
vctrlmax_100: 0.5837027
vctrlmax_125: 0.6128892
vctrlmax_20: 0.4822675
vctrlmax_40: 0.5072378
vctrlmax_60: 0.5320346
vctrlmax_80: 0.5573443
vctrlmin_-20: 0.3673908
vctrlmin_-40: 0.351957
vctrlmin_0: 0.3813977
vctrlmin_100: 0.5093173
vctrlmin_125: 0.5412807
vctrlmin_20: 0.4028994
vctrlmin_40: 0.4255061
vctrlmin_60: 0.4612665
vctrlmin_80: 0.4820958
vref_-20: 1.03551
vref_-40: 1.035535
vref_0: 1.036414
vref_100: 1.035583
vref_125: 1.034214
vref_20: 1.037058
vref_40: 1.037062
vref_60: 1.037035
vref_80: 1.036512
