ipmos_-20: 1.476381e-05
ipmos_-40: 1.480693e-05
ipmos_0: 1.46157e-05
ipmos_100: 1.384347e-05
ipmos_125: 1.356847e-05
ipmos_20: 1.454603e-05
ipmos_40: 1.442636e-05
ipmos_60: 1.428082e-05
ipmos_80: 1.403386e-05
isnk_-20: 5.251157e-07
isnk_-40: 4.829449e-07
isnk_0: 5.643394e-07
isnk_100: 7.162265e-07
isnk_125: 7.438367e-07
isnk_20: 6.004316e-07
isnk_40: 6.336287e-07
isnk_60: 6.63911e-07
isnk_80: 6.915061e-07
isrc_-20: 6.329061e-07
isrc_-40: 5.758454e-07
isrc_0: 6.874494e-07
isrc_100: 9.010411e-07
isrc_125: 9.37911e-07
isrc_20: 7.385621e-07
isrc_40: 7.856671e-07
isrc_60: 8.284694e-07
isrc_80: 8.669037e-07
vctrl_-20: 0.3930363
vctrl_-40: 0.3728007
vctrl_0: 0.414359
vctrl_100: 0.5338053
vctrl_125: 0.5670417
vctrl_20: 0.4363697
vctrl_40: 0.4593987
vctrl_60: 0.4833377
vctrl_80: 0.5080786
vctrlmax_-20: 0.4406576
vctrlmax_-40: 0.4187976
vctrlmax_0: 0.4633052
vctrlmax_100: 0.5864817
vctrlmax_125: 0.613501
vctrlmax_20: 0.4862341
vctrlmax_40: 0.5110112
vctrlmax_60: 0.5354844
vctrlmax_80: 0.5604945
vctrlmin_-20: 0.3679569
vctrlmin_-40: 0.3482901
vctrlmin_0: 0.3966045
vctrlmin_100: 0.5110996
vctrlmin_125: 0.5430379
vctrlmin_20: 0.409869
vctrlmin_40: 0.4337529
vctrlmin_60: 0.450183
vctrlmin_80: 0.4808769
vref_-20: 1.050594
vref_-40: 1.050765
vref_0: 1.050575
vref_100: 1.048961
vref_125: 1.047791
vref_20: 1.051122
vref_40: 1.050892
vref_60: 1.050471
vref_80: 1.049768
