ipmos_-20: 1.478863e-05
ipmos_-40: 1.481166e-05
ipmos_0: 1.473254e-05
ipmos_100: 1.403855e-05
ipmos_125: 1.378604e-05
ipmos_20: 1.464652e-05
ipmos_40: 1.452965e-05
ipmos_60: 1.43962e-05
ipmos_80: 1.4244e-05
isnk_-20: 5.801157e-07
isnk_-40: 5.340919e-07
isnk_0: 6.229758e-07
isnk_100: 7.853866e-07
isnk_125: 8.136294e-07
isnk_20: 6.622515e-07
isnk_40: 6.978851e-07
isnk_60: 7.305833e-07
isnk_80: 7.595369e-07
isrc_-20: 5.296124e-07
isrc_-40: 4.845566e-07
isrc_0: 5.719434e-07
isrc_100: 7.408351e-07
isrc_125: 7.728118e-07
isrc_20: 6.113791e-07
isrc_40: 6.478919e-07
isrc_60: 6.815554e-07
isrc_80: 7.124909e-07
vctrl_-20: 0.3965058
vctrl_-40: 0.376421
vctrl_0: 0.4176319
vctrl_100: 0.5372064
vctrl_125: 0.570465
vctrl_20: 0.4396445
vctrl_40: 0.4626095
vctrl_60: 0.486613
vctrl_80: 0.5116106
vctrlmax_-20: 0.4480243
vctrlmax_-40: 0.425678
vctrlmax_0: 0.4730283
vctrlmax_100: 0.595589
vctrlmax_125: 0.6312982
vctrlmax_20: 0.4968039
vctrlmax_40: 0.5217252
vctrlmax_60: 0.5456638
vctrlmax_80: 0.5692258
vctrlmin_-20: 0.3663886
vctrlmin_-40: 0.3407916
vctrlmin_0: 0.3862535
vctrlmin_100: 0.4992243
vctrlmin_125: 0.5240318
vctrlmin_20: 0.3990523
vctrlmin_40: 0.4319756
vctrlmin_60: 0.4488589
vctrlmin_80: 0.4752036
vref_-20: 1.043764
vref_-40: 1.043825
vref_0: 1.044295
vref_100: 1.044452
vref_125: 1.042957
vref_20: 1.044937
vref_40: 1.045366
vref_60: 1.045576
vref_80: 1.044981
