ipmos_-20: 1.492745e-05
ipmos_-40: 1.495361e-05
ipmos_0: 1.488308e-05
ipmos_100: 1.416774e-05
ipmos_125: 1.389518e-05
ipmos_20: 1.480324e-05
ipmos_40: 1.46842e-05
ipmos_60: 1.452131e-05
ipmos_80: 1.434664e-05
isnk_-20: 5.005008e-07
isnk_-40: 4.629508e-07
isnk_0: 5.350401e-07
isnk_100: 6.690875e-07
isnk_125: 6.940956e-07
isnk_20: 5.665726e-07
isnk_40: 5.958124e-07
isnk_60: 6.224544e-07
isnk_80: 6.468313e-07
isrc_-20: 4.833612e-07
isrc_-40: 4.505248e-07
isrc_0: 5.135683e-07
isrc_100: 6.360682e-07
isrc_125: 6.604492e-07
isrc_20: 5.415724e-07
isrc_40: 5.67679e-07
isrc_60: 5.920651e-07
isrc_80: 6.14842e-07
vctrl_-20: 0.385894
vctrl_-40: 0.3657664
vctrl_0: 0.4068649
vctrl_100: 0.5260572
vctrl_125: 0.5592733
vctrl_20: 0.4288601
vctrl_40: 0.4517083
vctrl_60: 0.4755108
vctrl_80: 0.5002527
vctrlmax_-20: 0.4330955
vctrlmax_-40: 0.4108105
vctrlmax_0: 0.4550545
vctrlmax_100: 0.5778956
vctrlmax_125: 0.6129708
vctrlmax_20: 0.4804981
vctrlmax_40: 0.5047217
vctrlmax_60: 0.5285359
vctrlmax_80: 0.550761
vctrlmin_-20: 0.3623864
vctrlmin_-40: 0.3351282
vctrlmin_0: 0.3742369
vctrlmin_100: 0.4985165
vctrlmin_125: 0.5268512
vctrlmin_20: 0.3953725
vctrlmin_40: 0.4219497
vctrlmin_60: 0.4516401
vctrlmin_80: 0.4639294
vref_-20: 1.059233
vref_-40: 1.059331
vref_0: 1.059692
vref_100: 1.058252
vref_125: 1.056536
vref_20: 1.060205
vref_40: 1.060366
vref_60: 1.06006
vref_80: 1.059325
