ipmos_-20: 1.463952e-05
ipmos_-40: 1.468039e-05
ipmos_0: 1.45943e-05
ipmos_100: 1.389936e-05
ipmos_125: 1.3699e-05
ipmos_20: 1.451037e-05
ipmos_40: 1.439597e-05
ipmos_60: 1.425472e-05
ipmos_80: 1.409207e-05
isnk_-20: 5.475382e-07
isnk_-40: 5.139751e-07
isnk_0: 5.782004e-07
isnk_100: 6.973877e-07
isnk_125: 7.198465e-07
isnk_20: 6.063214e-07
isnk_40: 6.321459e-07
isnk_60: 6.558636e-07
isnk_80: 6.776092e-07
isrc_-20: 5.491077e-07
isrc_-40: 5.019458e-07
isrc_0: 5.935072e-07
isrc_100: 7.695155e-07
isrc_125: 8.022497e-07
isrc_20: 6.348632e-07
isrc_40: 6.73078e-07
isrc_60: 7.081808e-07
isrc_80: 7.402823e-07
vctrl_-20: 0.381732
vctrl_-40: 0.3615912
vctrl_0: 0.4026902
vctrl_100: 0.5215304
vctrl_125: 0.5546657
vctrl_20: 0.4245494
vctrl_40: 0.4474015
vctrl_60: 0.4711798
vctrl_80: 0.4958256
vctrlmax_-20: 0.4254588
vctrlmax_-40: 0.4023497
vctrlmax_0: 0.4488303
vctrlmax_100: 0.5751227
vctrlmax_125: 0.6086333
vctrlmax_20: 0.4726767
vctrlmax_40: 0.497163
vctrlmax_60: 0.5220138
vctrlmax_80: 0.5484188
vctrlmin_-20: 0.3678049
vctrlmin_-40: 0.3395141
vctrlmin_0: 0.3738375
vctrlmin_100: 0.4933676
vctrlmin_125: 0.523244
vctrlmin_20: 0.3977011
vctrlmin_40: 0.4218233
vctrlmin_60: 0.4515892
vctrlmin_80: 0.472653
vref_-20: 1.052281
vref_-40: 1.052165
vref_0: 1.053039
vref_100: 1.052878
vref_125: 1.05201
vref_20: 1.053843
vref_40: 1.054101
vref_60: 1.054061
vref_80: 1.053957
