ivdd_-10: -3.222867e-05
ivdd_-20: -2.962394e-05
ivdd_-30: -2.678591e-05
ivdd_-40: -2.378553e-05
ivdd_0: -3.407663e-05
ivdd_10: -3.594351e-05
ivdd_100: -4.354375e-05
ivdd_110: -4.340749e-05
ivdd_120: -4.421732e-05
ivdd_125: -4.533957e-05
ivdd_20: -3.820711e-05
ivdd_30: -3.834479e-05
ivdd_40: -3.936811e-05
ivdd_50: -4.031422e-05
ivdd_60: -4.084338e-05
ivdd_70: -4.127386e-05
ivdd_80: -4.199917e-05
ivdd_90: -4.175662e-05
vref_-10: 0.594046
vref_-20: 0.5932459
vref_-30: 0.5937908
vref_-40: 0.5947101
vref_0: 0.5929857
vref_10: 0.5944816
vref_100: 0.5922634
vref_110: 0.5917704
vref_120: 0.591127
vref_125: 0.5916572
vref_20: 0.5951717
vref_30: 0.5929832
vref_40: 0.5936354
vref_50: 0.593928
vref_60: 0.5939509
vref_70: 0.5930205
vref_80: 0.5928729
vref_90: 0.592085
