ipmos_-20: 1.480103e-05
ipmos_-40: 1.494156e-05
ipmos_0: 1.473698e-05
ipmos_100: 1.403752e-05
ipmos_125: 1.375583e-05
ipmos_20: 1.464854e-05
ipmos_40: 1.450702e-05
ipmos_60: 1.432775e-05
ipmos_80: 1.423781e-05
isnk_-20: 6.192108e-07
isnk_-40: 5.747602e-07
isnk_0: 6.596147e-07
isnk_100: 8.100095e-07
isnk_125: 8.359856e-07
isnk_20: 6.964743e-07
isnk_40: 7.293059e-07
isnk_60: 7.593203e-07
isnk_80: 7.861475e-07
isrc_-20: 5.839312e-07
isrc_-40: 5.366933e-07
isrc_0: 6.283632e-07
isrc_100: 8.039299e-07
isrc_125: 8.364588e-07
isrc_20: 6.697068e-07
isrc_40: 7.078651e-07
isrc_60: 7.428708e-07
isrc_80: 7.748408e-07
vctrl_-20: 0.391691
vctrl_-40: 0.3718832
vctrl_0: 0.4128247
vctrl_100: 0.5320417
vctrl_125: 0.5654214
vctrl_20: 0.4347832
vctrl_40: 0.4583654
vctrl_60: 0.4823065
vctrl_80: 0.5063192
vctrlmax_-20: 0.4420008
vctrlmax_-40: 0.419092
vctrlmax_0: 0.4651808
vctrlmax_100: 0.5930577
vctrlmax_125: 0.621508
vctrlmax_20: 0.4885798
vctrlmax_40: 0.5147003
vctrlmax_60: 0.5400954
vctrlmax_80: 0.5663145
vctrlmin_-20: 0.3602241
vctrlmin_-40: 0.3532868
vctrlmin_0: 0.3830407
vctrlmin_100: 0.5016345
vctrlmin_125: 0.5333524
vctrlmin_20: 0.4117871
vctrlmin_40: 0.4330979
vctrlmin_60: 0.4553908
vctrlmin_80: 0.4673567
vref_-20: 1.045076
vref_-40: 1.045108
vref_0: 1.045002
vref_100: 1.042138
vref_125: 1.039963
vref_20: 1.045333
vref_40: 1.04523
vref_60: 1.044609
vref_80: 1.043575
