ipmos_-20: 1.448799e-05
ipmos_-40: 1.451613e-05
ipmos_0: 1.443194e-05
ipmos_100: 1.372423e-05
ipmos_125: 1.348567e-05
ipmos_20: 1.439681e-05
ipmos_40: 1.43364e-05
ipmos_60: 1.41679e-05
ipmos_80: 1.394211e-05
isnk_-20: 5.756605e-07
isnk_-40: 5.352451e-07
isnk_0: 6.128572e-07
isnk_100: 7.54046e-07
isnk_125: 7.791821e-07
isnk_20: 6.468604e-07
isnk_40: 6.778255e-07
isnk_60: 7.059073e-07
isnk_80: 7.312439e-07
isrc_-20: 5.882332e-07
isrc_-40: 5.453838e-07
isrc_0: 6.280475e-07
isrc_100: 7.830073e-07
isrc_125: 8.113676e-07
isrc_20: 6.647997e-07
isrc_40: 6.985508e-07
isrc_60: 7.294133e-07
isrc_80: 7.575199e-07
vctrl_-20: 0.3871546
vctrl_-40: 0.3669332
vctrl_0: 0.4081971
vctrl_100: 0.5274954
vctrl_125: 0.5607649
vctrl_20: 0.4302268
vctrl_40: 0.4531566
vctrl_60: 0.4769709
vctrl_80: 0.501788
vctrlmax_-20: 0.4264904
vctrlmax_-40: 0.4046123
vctrlmax_0: 0.4499967
vctrlmax_100: 0.573474
vctrlmax_125: 0.6033653
vctrlmax_20: 0.4736099
vctrlmax_40: 0.4989618
vctrlmax_60: 0.5236596
vctrlmax_80: 0.5486706
vctrlmin_-20: 0.3745416
vctrlmin_-40: 0.3553115
vctrlmin_0: 0.3889476
vctrlmin_100: 0.5077271
vctrlmin_125: 0.5394511
vctrlmin_20: 0.4116767
vctrlmin_40: 0.4248097
vctrlmin_60: 0.4466768
vctrlmin_80: 0.4711241
vref_-20: 1.045188
vref_-40: 1.045292
vref_0: 1.045764
vref_100: 1.044387
vref_125: 1.042757
vref_20: 1.046016
vref_40: 1.046188
vref_60: 1.046221
vref_80: 1.045482
