ipmos_-20: 1.45433e-05
ipmos_-40: 1.456647e-05
ipmos_0: 1.44896e-05
ipmos_100: 1.389479e-05
ipmos_125: 1.354767e-05
ipmos_20: 1.435451e-05
ipmos_40: 1.424699e-05
ipmos_60: 1.412914e-05
ipmos_80: 1.3937e-05
isnk_-20: 5.627616e-07
isnk_-40: 5.174632e-07
isnk_0: 6.047745e-07
isnk_100: 7.650581e-07
isnk_125: 7.934703e-07
isnk_20: 6.437636e-07
isnk_40: 6.792916e-07
isnk_60: 7.10879e-07
isnk_80: 7.394324e-07
isrc_-20: 5.290033e-07
isrc_-40: 4.889893e-07
isrc_0: 5.661182e-07
isrc_100: 7.117383e-07
isrc_125: 7.386897e-07
isrc_20: 6.004234e-07
isrc_40: 6.320308e-07
isrc_60: 6.61053e-07
isrc_80: 6.875921e-07
vctrl_-20: 0.3926753
vctrl_-40: 0.3724701
vctrl_0: 0.413722
vctrl_100: 0.5328847
vctrl_125: 0.5661089
vctrl_20: 0.4356324
vctrl_40: 0.4585085
vctrl_60: 0.4823536
vctrl_80: 0.5070414
vctrlmax_-20: 0.4355319
vctrlmax_-40: 0.4135364
vctrlmax_0: 0.4560316
vctrlmax_100: 0.5786044
vctrlmax_125: 0.6122127
vctrlmax_20: 0.4814515
vctrlmax_40: 0.504869
vctrlmax_60: 0.5258416
vctrlmax_80: 0.5524621
vctrlmin_-20: 0.3635618
vctrlmin_-40: 0.3532496
vctrlmin_0: 0.3917367
vctrlmin_100: 0.5084367
vctrlmin_125: 0.5425696
vctrlmin_20: 0.4123767
vctrlmin_40: 0.4365609
vctrlmin_60: 0.4607177
vctrlmin_80: 0.4876253
vref_-20: 1.049359
vref_-40: 1.049139
vref_0: 1.050804
vref_100: 1.050679
vref_125: 1.049191
vref_20: 1.051658
vref_40: 1.05208
vref_60: 1.051878
vref_80: 1.051642
