ipmos_-20: 1.453656e-05
ipmos_-40: 1.459563e-05
ipmos_0: 1.448332e-05
ipmos_100: 1.389741e-05
ipmos_125: 1.365727e-05
ipmos_20: 1.445708e-05
ipmos_40: 1.437916e-05
ipmos_60: 1.423933e-05
ipmos_80: 1.408282e-05
isnk_-20: 6.066357e-07
isnk_-40: 5.646402e-07
isnk_0: 6.457382e-07
isnk_100: 7.923041e-07
isnk_125: 8.179497e-07
isnk_20: 6.818036e-07
isnk_40: 7.138642e-07
isnk_60: 7.427487e-07
isnk_80: 7.689151e-07
isrc_-20: 5.665425e-07
isrc_-40: 5.210368e-07
isrc_0: 6.091375e-07
isrc_100: 7.766448e-07
isrc_125: 8.075928e-07
isrc_20: 6.486612e-07
isrc_40: 6.8508e-07
isrc_60: 7.184601e-07
isrc_80: 7.489352e-07
vctrl_-20: 0.3913046
vctrl_-40: 0.3706076
vctrl_0: 0.412348
vctrl_100: 0.5303282
vctrl_125: 0.5648484
vctrl_20: 0.4335857
vctrl_40: 0.4563591
vctrl_60: 0.4801827
vctrl_80: 0.5047743
vctrlmax_-20: 0.4406301
vctrlmax_-40: 0.4166347
vctrlmax_0: 0.4643416
vctrlmax_100: 0.5908522
vctrlmax_125: 0.6244137
vctrlmax_20: 0.4884814
vctrlmax_40: 0.5132247
vctrlmax_60: 0.53831
vctrlmax_80: 0.5646148
vctrlmin_-20: 0.3698195
vctrlmin_-40: 0.3408498
vctrlmin_0: 0.3915235
vctrlmin_100: 0.4975883
vctrlmin_125: 0.5317698
vctrlmin_20: 0.3970429
vctrlmin_40: 0.4261272
vctrlmin_60: 0.4545096
vctrlmin_80: 0.4771753
vref_-20: 1.031852
vref_-40: 1.031491
vref_0: 1.03282
vref_100: 1.034412
vref_125: 1.033398
vref_20: 1.03393
vref_40: 1.034628
vref_60: 1.034493
vref_80: 1.034753
