ipmos_-20: 1.462222e-05
ipmos_-40: 1.464892e-05
ipmos_0: 1.454556e-05
ipmos_100: 1.380639e-05
ipmos_125: 1.355289e-05
ipmos_20: 1.449372e-05
ipmos_40: 1.438845e-05
ipmos_60: 1.419832e-05
ipmos_80: 1.398661e-05
isnk_-20: 5.583979e-07
isnk_-40: 5.128365e-07
isnk_0: 6.007968e-07
isnk_100: 7.630003e-07
isnk_125: 7.91752e-07
isnk_20: 6.398095e-07
isnk_40: 6.754306e-07
isnk_60: 7.077369e-07
isnk_80: 7.368649e-07
isrc_-20: 4.444736e-07
isrc_-40: 4.032785e-07
isrc_0: 4.832459e-07
isrc_100: 6.395649e-07
isrc_125: 6.693577e-07
isrc_20: 5.194947e-07
isrc_40: 5.532047e-07
isrc_60: 5.844074e-07
isrc_80: 6.131676e-07
vctrl_-20: 0.3905044
vctrl_-40: 0.3702175
vctrl_0: 0.4115198
vctrl_100: 0.5301469
vctrl_125: 0.5632688
vctrl_20: 0.4334129
vctrl_40: 0.4562189
vctrl_60: 0.4799727
vctrl_80: 0.5046134
vctrlmax_-20: 0.4365111
vctrlmax_-40: 0.4131587
vctrlmax_0: 0.4577754
vctrlmax_100: 0.5794083
vctrlmax_125: 0.613721
vctrlmax_20: 0.4827334
vctrlmax_40: 0.5036319
vctrlmax_60: 0.5278842
vctrlmax_80: 0.5537954
vctrlmin_-20: 0.3685074
vctrlmin_-40: 0.3421467
vctrlmin_0: 0.3789855
vctrlmin_100: 0.495315
vctrlmin_125: 0.5295481
vctrlmin_20: 0.4063667
vctrlmin_40: 0.4362513
vctrlmin_60: 0.4585562
vctrlmin_80: 0.482157
vref_-20: 1.046981
vref_-40: 1.047308
vref_0: 1.047892
vref_100: 1.04917
vref_125: 1.048377
vref_20: 1.048803
vref_40: 1.049557
vref_60: 1.049794
vref_80: 1.049651
