ipmos_-20: 1.461964e-05
ipmos_-40: 1.465709e-05
ipmos_0: 1.456366e-05
ipmos_100: 1.395536e-05
ipmos_125: 1.36942e-05
ipmos_20: 1.447683e-05
ipmos_40: 1.438666e-05
ipmos_60: 1.424435e-05
ipmos_80: 1.406798e-05
isnk_-20: 5.66436e-07
isnk_-40: 5.249584e-07
isnk_0: 6.044942e-07
isnk_100: 7.477254e-07
isnk_125: 7.735442e-07
isnk_20: 6.390185e-07
isnk_40: 6.706791e-07
isnk_60: 6.991279e-07
isnk_80: 7.247397e-07
isrc_-20: 5.521899e-07
isrc_-40: 5.053664e-07
isrc_0: 5.961798e-07
isrc_100: 7.692681e-07
isrc_125: 8.01006e-07
isrc_20: 6.370741e-07
isrc_40: 6.747653e-07
isrc_60: 7.09292e-07
isrc_80: 7.407471e-07
vctrl_-20: 0.3881489
vctrl_-40: 0.3676997
vctrl_0: 0.4092136
vctrl_100: 0.5280815
vctrl_125: 0.5615657
vctrl_20: 0.431206
vctrl_40: 0.45417
vctrl_60: 0.4780011
vctrl_80: 0.5032344
vctrlmax_-20: 0.4336168
vctrlmax_-40: 0.411945
vctrlmax_0: 0.4584544
vctrlmax_100: 0.5822078
vctrlmax_125: 0.6193708
vctrlmax_20: 0.4817374
vctrlmax_40: 0.5066093
vctrlmax_60: 0.5280632
vctrlmax_80: 0.5552428
vctrlmin_-20: 0.3653781
vctrlmin_-40: 0.3435015
vctrlmin_0: 0.3916871
vctrlmin_100: 0.4997453
vctrlmin_125: 0.5203688
vctrlmin_20: 0.4058464
vctrlmin_40: 0.4284704
vctrlmin_60: 0.4497143
vctrlmin_80: 0.4771301
vref_-20: 1.03604
vref_-40: 1.036878
vref_0: 1.036839
vref_100: 1.036253
vref_125: 1.034167
vref_20: 1.037525
vref_40: 1.037671
vref_60: 1.037781
vref_80: 1.036985
