ipmos_-20: 1.476247e-05
ipmos_-40: 1.478343e-05
ipmos_0: 1.459982e-05
ipmos_100: 1.383214e-05
ipmos_125: 1.35545e-05
ipmos_20: 1.454615e-05
ipmos_40: 1.44619e-05
ipmos_60: 1.418018e-05
ipmos_80: 1.412037e-05
isnk_-20: 5.334936e-07
isnk_-40: 4.943776e-07
isnk_0: 5.695262e-07
isnk_100: 7.08149e-07
isnk_125: 7.33397e-07
isnk_20: 6.025468e-07
isnk_40: 6.327534e-07
isnk_60: 6.603126e-07
isnk_80: 6.851666e-07
isrc_-20: 6.195402e-07
isrc_-40: 5.790544e-07
isrc_0: 6.569486e-07
isrc_100: 8.033191e-07
isrc_125: 8.309629e-07
isrc_20: 6.914002e-07
isrc_40: 7.230714e-07
isrc_60: 7.521556e-07
isrc_80: 7.788507e-07
vctrl_-20: 0.3929214
vctrl_-40: 0.3724926
vctrl_0: 0.4141385
vctrl_100: 0.5337627
vctrl_125: 0.5673322
vctrl_20: 0.4362237
vctrl_40: 0.4592486
vctrl_60: 0.483595
vctrl_80: 0.5081569
vctrlmax_-20: 0.4381623
vctrlmax_-40: 0.415678
vctrlmax_0: 0.4615214
vctrlmax_100: 0.5792665
vctrlmax_125: 0.6139813
vctrlmax_20: 0.482373
vctrlmax_40: 0.5061657
vctrlmax_60: 0.5297984
vctrlmax_80: 0.5541775
vctrlmin_-20: 0.3761845
vctrlmin_-40: 0.3415052
vctrlmin_0: 0.3895569
vctrlmin_100: 0.512583
vctrlmin_125: 0.5448113
vctrlmin_20: 0.4104662
vctrlmin_40: 0.4402133
vctrlmin_60: 0.4634329
vctrlmin_80: 0.4768058
vref_-20: 1.053767
vref_-40: 1.054008
vref_0: 1.053109
vref_100: 1.054144
vref_125: 1.05316
vref_20: 1.053933
vref_40: 1.054421
vref_60: 1.054883
vref_80: 1.0545
