ipmos_-20: 1.471642e-05
ipmos_-40: 1.473833e-05
ipmos_0: 1.465686e-05
ipmos_100: 1.404817e-05
ipmos_125: 1.387061e-05
ipmos_20: 1.465503e-05
ipmos_40: 1.454275e-05
ipmos_60: 1.444275e-05
ipmos_80: 1.425563e-05
isnk_-20: 6.178648e-07
isnk_-40: 5.736467e-07
isnk_0: 6.585837e-07
isnk_100: 8.105268e-07
isnk_125: 8.365081e-07
isnk_20: 6.960842e-07
isnk_40: 7.29323e-07
isnk_60: 7.59515e-07
isnk_80: 7.864916e-07
isrc_-20: 5.979862e-07
isrc_-40: 5.572302e-07
isrc_0: 6.353922e-07
isrc_100: 7.773083e-07
isrc_125: 8.025646e-07
isrc_20: 6.695657e-07
isrc_40: 7.006617e-07
isrc_60: 7.288764e-07
isrc_80: 7.543756e-07
vctrl_-20: 0.3907056
vctrl_-40: 0.3705623
vctrl_0: 0.4117582
vctrl_100: 0.5314204
vctrl_125: 0.5640338
vctrl_20: 0.432948
vctrl_40: 0.4557705
vctrl_60: 0.4806042
vctrl_80: 0.5055797
vctrlmax_-20: 0.4375591
vctrlmax_-40: 0.4148557
vctrlmax_0: 0.463166
vctrlmax_100: 0.5864331
vctrlmax_125: 0.6248642
vctrlmax_20: 0.4866654
vctrlmax_40: 0.5084965
vctrlmax_60: 0.5343206
vctrlmax_80: 0.5601819
vctrlmin_-20: 0.371654
vctrlmin_-40: 0.3387687
vctrlmin_0: 0.3763032
vctrlmin_100: 0.4983091
vctrlmin_125: 0.527651
vctrlmin_20: 0.3982647
vctrlmin_40: 0.4252129
vctrlmin_60: 0.4475543
vctrlmin_80: 0.4750485
vref_-20: 1.051511
vref_-40: 1.051109
vref_0: 1.052053
vref_100: 1.051116
vref_125: 1.049431
vref_20: 1.052877
vref_40: 1.053011
vref_60: 1.052837
vref_80: 1.05231
