ipmos_-20: 1.470943e-05
ipmos_-40: 1.481541e-05
ipmos_0: 1.465739e-05
ipmos_100: 1.374726e-05
ipmos_125: 1.351758e-05
ipmos_20: 1.457376e-05
ipmos_40: 1.430107e-05
ipmos_60: 1.419908e-05
ipmos_80: 1.393294e-05
isnk_-20: 5.745274e-07
isnk_-40: 5.413616e-07
isnk_0: 6.044083e-07
isnk_100: 7.18756e-07
isnk_125: 7.394548e-07
isnk_20: 6.315398e-07
isnk_40: 6.563007e-07
isnk_60: 6.790017e-07
isnk_80: 6.99627e-07
isrc_-20: 4.547139e-07
isrc_-40: 4.177027e-07
isrc_0: 4.890502e-07
isrc_100: 6.268406e-07
isrc_125: 6.536108e-07
isrc_20: 5.209109e-07
isrc_40: 5.504829e-07
isrc_60: 5.779179e-07
isrc_80: 6.033387e-07
vctrl_-20: 0.3938757
vctrl_-40: 0.3733083
vctrl_0: 0.4148889
vctrl_100: 0.5342762
vctrl_125: 0.5673785
vctrl_20: 0.4368755
vctrl_40: 0.4596947
vctrl_60: 0.4838485
vctrl_80: 0.5085643
vctrlmax_-20: 0.4414567
vctrlmax_-40: 0.4187872
vctrlmax_0: 0.4638568
vctrlmax_100: 0.5842101
vctrlmax_125: 0.6185724
vctrlmax_20: 0.4868975
vctrlmax_40: 0.5102034
vctrlmax_60: 0.534281
vctrlmax_80: 0.559096
vctrlmin_-20: 0.3679701
vctrlmin_-40: 0.3575476
vctrlmin_0: 0.3821085
vctrlmin_100: 0.5034555
vctrlmin_125: 0.5384561
vctrlmin_20: 0.4128971
vctrlmin_40: 0.434357
vctrlmin_60: 0.4546897
vctrlmin_80: 0.4859653
vref_-20: 1.044106
vref_-40: 1.044279
vref_0: 1.04511
vref_100: 1.044378
vref_125: 1.043235
vref_20: 1.045638
vref_40: 1.045874
vref_60: 1.045983
vref_80: 1.045211
