ipmos_-20: 1.464288e-05
ipmos_-40: 1.478426e-05
ipmos_0: 1.457653e-05
ipmos_100: 1.385958e-05
ipmos_125: 1.363683e-05
ipmos_20: 1.449009e-05
ipmos_40: 1.440056e-05
ipmos_60: 1.422825e-05
ipmos_80: 1.405434e-05
isnk_-20: 4.776232e-07
isnk_-40: 4.469988e-07
isnk_0: 5.043858e-07
isnk_100: 6.131573e-07
isnk_125: 6.346091e-07
isnk_20: 5.294288e-07
isnk_40: 5.526274e-07
isnk_60: 5.742254e-07
isnk_80: 5.943372e-07
isrc_-20: 5.837951e-07
isrc_-40: 5.435283e-07
isrc_0: 6.210563e-07
isrc_100: 7.681596e-07
isrc_125: 7.96183e-07
isrc_20: 6.554627e-07
isrc_40: 6.872016e-07
isrc_60: 7.164609e-07
isrc_80: 7.434032e-07
vctrl_-20: 0.3902477
vctrl_-40: 0.370008
vctrl_0: 0.411492
vctrl_100: 0.5310512
vctrl_125: 0.56404
vctrl_20: 0.4335163
vctrl_40: 0.456501
vctrl_60: 0.4804244
vctrl_80: 0.5053154
vctrlmax_-20: 0.4379573
vctrlmax_-40: 0.4155738
vctrlmax_0: 0.4606464
vctrlmax_100: 0.5850304
vctrlmax_125: 0.6179151
vctrlmax_20: 0.4861884
vctrlmax_40: 0.5105979
vctrlmax_60: 0.5350039
vctrlmax_80: 0.5602094
vctrlmin_-20: 0.3716371
vctrlmin_-40: 0.3524668
vctrlmin_0: 0.3771765
vctrlmin_100: 0.4944229
vctrlmin_125: 0.5274259
vctrlmin_20: 0.4126462
vctrlmin_40: 0.4210974
vctrlmin_60: 0.4560888
vctrlmin_80: 0.4684519
vref_-20: 1.037418
vref_-40: 1.037005
vref_0: 1.037944
vref_100: 1.036196
vref_125: 1.034252
vref_20: 1.0384
vref_40: 1.038456
vref_60: 1.038238
vref_80: 1.037334
