ipmos_-20: 1.490023e-05
ipmos_-40: 1.508679e-05
ipmos_0: 1.484331e-05
ipmos_100: 1.413424e-05
ipmos_125: 1.394129e-05
ipmos_20: 1.475614e-05
ipmos_40: 1.464193e-05
ipmos_60: 1.449893e-05
ipmos_80: 1.433122e-05
isnk_-20: 5.769797e-07
isnk_-40: 5.333891e-07
isnk_0: 6.167206e-07
isnk_100: 7.675037e-07
isnk_125: 7.931589e-07
isnk_20: 6.530982e-07
isnk_40: 6.86391e-07
isnk_60: 7.164132e-07
isnk_80: 7.434248e-07
isrc_-20: 5.757858e-07
isrc_-40: 5.253011e-07
isrc_0: 6.233572e-07
isrc_100: 8.083085e-07
isrc_125: 8.411003e-07
isrc_20: 6.675499e-07
isrc_40: 7.081353e-07
isrc_60: 7.450618e-07
isrc_80: 7.784091e-07
vctrl_-20: 0.3958981
vctrl_-40: 0.3755613
vctrl_0: 0.4169824
vctrl_100: 0.5361333
vctrl_125: 0.5707217
vctrl_20: 0.4389705
vctrl_40: 0.4618713
vctrl_60: 0.4857069
vctrl_80: 0.5104485
vctrlmax_-20: 0.4518236
vctrlmax_-40: 0.4292458
vctrlmax_0: 0.4744393
vctrlmax_100: 0.6039743
vctrlmax_125: 0.6353248
vctrlmax_20: 0.5001687
vctrlmax_40: 0.5249985
vctrlmax_60: 0.5508734
vctrlmax_80: 0.5773887
vctrlmin_-20: 0.3548074
vctrlmin_-40: 0.335636
vctrlmin_0: 0.3743928
vctrlmin_100: 0.4978438
vctrlmin_125: 0.5277722
vctrlmin_20: 0.4047383
vctrlmin_40: 0.4173479
vctrlmin_60: 0.4459646
vctrlmin_80: 0.4746831
vref_-20: 1.043272
vref_-40: 1.043425
vref_0: 1.043888
vref_100: 1.041084
vref_125: 1.038635
vref_20: 1.044429
vref_40: 1.044388
vref_60: 1.044031
vref_80: 1.042664
