ipmos_-20: 1.47717e-05
ipmos_-40: 1.485049e-05
ipmos_0: 1.463763e-05
ipmos_100: 1.390877e-05
ipmos_125: 1.364587e-05
ipmos_20: 1.455379e-05
ipmos_40: 1.444099e-05
ipmos_60: 1.429989e-05
ipmos_80: 1.410335e-05
isnk_-20: 5.04443e-07
isnk_-40: 4.639246e-07
isnk_0: 5.425722e-07
isnk_100: 6.890647e-07
isnk_125: 7.162396e-07
isnk_20: 5.773441e-07
isnk_40: 6.090797e-07
isnk_60: 6.383083e-07
isnk_80: 6.64792e-07
isrc_-20: 6.196486e-07
isrc_-40: 5.748284e-07
isrc_0: 6.612057e-07
isrc_100: 8.21259e-07
isrc_125: 8.502513e-07
isrc_20: 6.994256e-07
isrc_40: 7.343862e-07
isrc_60: 7.662297e-07
isrc_80: 7.951263e-07
vctrl_-20: 0.3926474
vctrl_-40: 0.3726508
vctrl_0: 0.4136559
vctrl_100: 0.5333814
vctrl_125: 0.5666513
vctrl_20: 0.435635
vctrl_40: 0.4585773
vctrl_60: 0.4824496
vctrl_80: 0.5076171
vctrlmax_-20: 0.4401259
vctrlmax_-40: 0.4178968
vctrlmax_0: 0.4627411
vctrlmax_100: 0.5837967
vctrlmax_125: 0.6173249
vctrlmax_20: 0.4881656
vctrlmax_40: 0.5125966
vctrlmax_60: 0.533341
vctrlmax_80: 0.5582366
vctrlmin_-20: 0.358525
vctrlmin_-40: 0.3405415
vctrlmin_0: 0.3787252
vctrlmin_100: 0.5064734
vctrlmin_125: 0.5385404
vctrlmin_20: 0.4120299
vctrlmin_40: 0.4326992
vctrlmin_60: 0.445635
vctrlmin_80: 0.4794153
vref_-20: 1.040804
vref_-40: 1.041503
vref_0: 1.04129
vref_100: 1.040168
vref_125: 1.038675
vref_20: 1.041962
vref_40: 1.042021
vref_60: 1.041963
vref_80: 1.041383
