ipmos_-20: 1.465036e-05
ipmos_-40: 1.467635e-05
ipmos_0: 1.458947e-05
ipmos_100: 1.38813e-05
ipmos_125: 1.358889e-05
ipmos_20: 1.45011e-05
ipmos_40: 1.437408e-05
ipmos_60: 1.420166e-05
ipmos_80: 1.401903e-05
isnk_-20: 5.674733e-07
isnk_-40: 5.201018e-07
isnk_0: 6.117877e-07
isnk_100: 7.824428e-07
isnk_125: 8.124461e-07
isnk_20: 6.527355e-07
isnk_40: 6.901698e-07
isnk_60: 7.242542e-07
isnk_80: 7.550618e-07
isrc_-20: 6.09287e-07
isrc_-40: 5.636784e-07
isrc_0: 6.519151e-07
isrc_100: 8.184844e-07
isrc_125: 8.490217e-07
isrc_20: 6.913827e-07
isrc_40: 7.276675e-07
isrc_60: 7.608459e-07
isrc_80: 7.910697e-07
vctrl_-20: 0.3902484
vctrl_-40: 0.3700024
vctrl_0: 0.411368
vctrl_100: 0.5306688
vctrl_125: 0.5639449
vctrl_20: 0.4333778
vctrl_40: 0.4564577
vctrl_60: 0.4803924
vctrl_80: 0.5049654
vctrlmax_-20: 0.4340324
vctrlmax_-40: 0.4110555
vctrlmax_0: 0.4575
vctrlmax_100: 0.5801694
vctrlmax_125: 0.6146846
vctrlmax_20: 0.4807217
vctrlmax_40: 0.5031706
vctrlmax_60: 0.5284394
vctrlmax_80: 0.5541033
vctrlmin_-20: 0.3605965
vctrlmin_-40: 0.3418206
vctrlmin_0: 0.3906413
vctrlmin_100: 0.5054432
vctrlmin_125: 0.5365795
vctrlmin_20: 0.4011009
vctrlmin_40: 0.4366709
vctrlmin_60: 0.4586433
vctrlmin_80: 0.4762034
vref_-20: 1.032749
vref_-40: 1.032681
vref_0: 1.03349
vref_100: 1.032717
vref_125: 1.031169
vref_20: 1.034275
vref_40: 1.0343
vref_60: 1.034285
vref_80: 1.033674
