ipmos_-20: 1.459417e-05
ipmos_-40: 1.464981e-05
ipmos_0: 1.453838e-05
ipmos_100: 1.387033e-05
ipmos_125: 1.360217e-05
ipmos_20: 1.445589e-05
ipmos_40: 1.428448e-05
ipmos_60: 1.420474e-05
ipmos_80: 1.403173e-05
isnk_-20: 5.717959e-07
isnk_-40: 5.338687e-07
isnk_0: 6.062646e-07
isnk_100: 7.358352e-07
isnk_125: 7.591005e-07
isnk_20: 6.374862e-07
isnk_40: 6.658965e-07
isnk_60: 6.916188e-07
isnk_80: 7.148517e-07
isrc_-20: 5.884757e-07
isrc_-40: 5.525389e-07
isrc_0: 6.213384e-07
isrc_100: 7.502912e-07
isrc_125: 7.751247e-07
isrc_20: 6.514901e-07
isrc_40: 6.792335e-07
isrc_60: 7.048319e-07
isrc_80: 7.284726e-07
vctrl_-20: 0.3958255
vctrl_-40: 0.3753768
vctrl_0: 0.4170448
vctrl_100: 0.5366059
vctrl_125: 0.5699627
vctrl_20: 0.4390885
vctrl_40: 0.4621095
vctrl_60: 0.4859697
vctrl_80: 0.5108975
vctrlmax_-20: 0.4425089
vctrlmax_-40: 0.419503
vctrlmax_0: 0.465785
vctrlmax_100: 0.5922765
vctrlmax_125: 0.6222807
vctrlmax_20: 0.4896177
vctrlmax_40: 0.5155275
vctrlmax_60: 0.5408921
vctrlmax_80: 0.5664411
vctrlmin_-20: 0.378851
vctrlmin_-40: 0.3522463
vctrlmin_0: 0.3912096
vctrlmin_100: 0.5059739
vctrlmin_125: 0.5344432
vctrlmin_20: 0.4184368
vctrlmin_40: 0.4405333
vctrlmin_60: 0.4529884
vctrlmin_80: 0.4757022
vref_-20: 1.044361
vref_-40: 1.044821
vref_0: 1.044829
vref_100: 1.044763
vref_125: 1.043033
vref_20: 1.045607
vref_40: 1.04593
vref_60: 1.046304
vref_80: 1.045511
