ipmos_-20: 1.500855e-05
ipmos_-40: 1.509781e-05
ipmos_0: 1.494816e-05
ipmos_100: 1.4162e-05
ipmos_125: 1.39058e-05
ipmos_20: 1.494071e-05
ipmos_40: 1.468077e-05
ipmos_60: 1.45456e-05
ipmos_80: 1.435253e-05
isnk_-20: 5.001617e-07
isnk_-40: 4.594795e-07
isnk_0: 5.383921e-07
isnk_100: 6.884355e-07
isnk_125: 7.160963e-07
isnk_20: 5.736709e-07
isnk_40: 6.066535e-07
isnk_60: 6.364711e-07
isnk_80: 6.636942e-07
isrc_-20: 4.430223e-07
isrc_-40: 3.994574e-07
isrc_0: 4.84436e-07
isrc_100: 6.547955e-07
isrc_125: 6.881304e-07
isrc_20: 5.234614e-07
isrc_40: 5.59974e-07
isrc_60: 5.939957e-07
isrc_80: 6.255748e-07
vctrl_-20: 0.3926099
vctrl_-40: 0.3719105
vctrl_0: 0.4137365
vctrl_100: 0.5318803
vctrl_125: 0.5648931
vctrl_20: 0.4343438
vctrl_40: 0.4578851
vctrl_60: 0.4816056
vctrl_80: 0.5062783
vctrlmax_-20: 0.4469443
vctrlmax_-40: 0.4249346
vctrlmax_0: 0.4703337
vctrlmax_100: 0.600168
vctrlmax_125: 0.6319906
vctrlmax_20: 0.4952005
vctrlmax_40: 0.5202519
vctrlmax_60: 0.5459126
vctrlmax_80: 0.5729743
vctrlmin_-20: 0.3576809
vctrlmin_-40: 0.3314281
vctrlmin_0: 0.3762802
vctrlmin_100: 0.4919034
vctrlmin_125: 0.5250169
vctrlmin_20: 0.3903989
vctrlmin_40: 0.4122479
vctrlmin_60: 0.4350396
vctrlmin_80: 0.4702728
vref_-20: 1.038525
vref_-40: 1.038422
vref_0: 1.038953
vref_100: 1.037538
vref_125: 1.03586
vref_20: 1.039584
vref_40: 1.039504
vref_60: 1.039355
vref_80: 1.038916
