ipmos_-20: 1.46404e-05
ipmos_-40: 1.465781e-05
ipmos_0: 1.459474e-05
ipmos_100: 1.383222e-05
ipmos_125: 1.357058e-05
ipmos_20: 1.451171e-05
ipmos_40: 1.439379e-05
ipmos_60: 1.425492e-05
ipmos_80: 1.402313e-05
isnk_-20: 5.66982e-07
isnk_-40: 5.317257e-07
isnk_0: 5.990326e-07
isnk_100: 7.212487e-07
isnk_125: 7.436659e-07
isnk_20: 6.282165e-07
isnk_40: 6.548258e-07
isnk_60: 6.790901e-07
isnk_80: 7.00895e-07
isrc_-20: 6.881298e-07
isrc_-40: 6.450089e-07
isrc_0: 7.280142e-07
isrc_100: 8.811679e-07
isrc_125: 9.087984e-07
isrc_20: 7.646458e-07
isrc_40: 7.981188e-07
isrc_60: 8.28584e-07
isrc_80: 8.562071e-07
vctrl_-20: 0.3915032
vctrl_-40: 0.3713779
vctrl_0: 0.4124047
vctrl_100: 0.531773
vctrl_125: 0.5649928
vctrl_20: 0.4343475
vctrl_40: 0.4569708
vctrl_60: 0.480785
vctrl_80: 0.5060919
vctrlmax_-20: 0.4384481
vctrlmax_-40: 0.4154347
vctrlmax_0: 0.461841
vctrlmax_100: 0.5872659
vctrlmax_125: 0.620711
vctrlmax_20: 0.4855947
vctrlmax_40: 0.5098448
vctrlmax_60: 0.5346971
vctrlmax_80: 0.5610553
vctrlmin_-20: 0.3595337
vctrlmin_-40: 0.3549188
vctrlmin_0: 0.3879563
vctrlmin_100: 0.5062749
vctrlmin_125: 0.5377199
vctrlmin_20: 0.4142322
vctrlmin_40: 0.4280505
vctrlmin_60: 0.4456156
vctrlmin_80: 0.4763363
vref_-20: 1.047836
vref_-40: 1.047192
vref_0: 1.049294
vref_100: 1.049543
vref_125: 1.048168
vref_20: 1.050109
vref_40: 1.050436
vref_60: 1.050586
vref_80: 1.05024
