ipmos_-20: 1.461263e-05
ipmos_-40: 1.462997e-05
ipmos_0: 1.460133e-05
ipmos_100: 1.396849e-05
ipmos_125: 1.370241e-05
ipmos_20: 1.445107e-05
ipmos_40: 1.434123e-05
ipmos_60: 1.428883e-05
ipmos_80: 1.415435e-05
isnk_-20: 5.567101e-07
isnk_-40: 5.168532e-07
isnk_0: 5.929672e-07
isnk_100: 7.329254e-07
isnk_125: 7.581347e-07
isnk_20: 6.268208e-07
isnk_40: 6.57335e-07
isnk_60: 6.850747e-07
isnk_80: 7.10216e-07
isrc_-20: 6.067154e-07
isrc_-40: 5.730428e-07
isrc_0: 6.376028e-07
isrc_100: 7.624866e-07
isrc_125: 7.876009e-07
isrc_20: 6.661524e-07
isrc_40: 6.927181e-07
isrc_60: 7.175335e-07
isrc_80: 7.407581e-07
vctrl_-20: 0.395852
vctrl_-40: 0.3756651
vctrl_0: 0.4167136
vctrl_100: 0.5352567
vctrl_125: 0.5684633
vctrl_20: 0.4383783
vctrl_40: 0.4612466
vctrl_60: 0.4850238
vctrl_80: 0.5097076
vctrlmax_-20: 0.4395111
vctrlmax_-40: 0.4167407
vctrlmax_0: 0.4603647
vctrlmax_100: 0.5851815
vctrlmax_125: 0.6188138
vctrlmax_20: 0.4872885
vctrlmax_40: 0.5120447
vctrlmax_60: 0.5374071
vctrlmax_80: 0.5636336
vctrlmin_-20: 0.3645972
vctrlmin_-40: 0.3607413
vctrlmin_0: 0.3993945
vctrlmin_100: 0.509105
vctrlmin_125: 0.53991
vctrlmin_20: 0.4132546
vctrlmin_40: 0.4367245
vctrlmin_60: 0.4581566
vctrlmin_80: 0.4796977
vref_-20: 1.042492
vref_-40: 1.041946
vref_0: 1.044305
vref_100: 1.046285
vref_125: 1.044915
vref_20: 1.045735
vref_40: 1.046298
vref_60: 1.046614
vref_80: 1.046595
