ipmos_-20: 1.457887e-05
ipmos_-40: 1.460953e-05
ipmos_0: 1.449842e-05
ipmos_100: 1.387313e-05
ipmos_125: 1.365014e-05
ipmos_20: 1.432238e-05
ipmos_40: 1.426529e-05
ipmos_60: 1.414344e-05
ipmos_80: 1.405717e-05
isnk_-20: 5.753122e-07
isnk_-40: 5.365014e-07
isnk_0: 6.109223e-07
isnk_100: 7.424303e-07
isnk_125: 7.659907e-07
isnk_20: 6.422831e-07
isnk_40: 6.71159e-07
isnk_60: 6.972959e-07
isnk_80: 7.208937e-07
isrc_-20: 5.286703e-07
isrc_-40: 4.848698e-07
isrc_0: 5.696822e-07
isrc_100: 7.330463e-07
isrc_125: 7.641285e-07
isrc_20: 6.078136e-07
isrc_40: 6.430968e-07
isrc_60: 6.756362e-07
isrc_80: 7.055704e-07
vctrl_-20: 0.3976571
vctrl_-40: 0.3772811
vctrl_0: 0.4188058
vctrl_100: 0.5381847
vctrl_125: 0.5711353
vctrl_20: 0.4408399
vctrl_40: 0.4637997
vctrl_60: 0.4873935
vctrl_80: 0.5121995
vctrlmax_-20: 0.4401595
vctrlmax_-40: 0.4183
vctrlmax_0: 0.463384
vctrlmax_100: 0.5915493
vctrlmax_125: 0.621542
vctrlmax_20: 0.4883865
vctrlmax_40: 0.5132002
vctrlmax_60: 0.5388554
vctrlmax_80: 0.5655681
vctrlmin_-20: 0.3694555
vctrlmin_-40: 0.3581267
vctrlmin_0: 0.3905656
vctrlmin_100: 0.5145729
vctrlmin_125: 0.5362729
vctrlmin_20: 0.4238599
vctrlmin_40: 0.438779
vctrlmin_60: 0.4574627
vctrlmin_80: 0.4793063
vref_-20: 1.046873
vref_-40: 1.047034
vref_0: 1.047557
vref_100: 1.048092
vref_125: 1.046911
vref_20: 1.04821
vref_40: 1.048739
vref_60: 1.049037
vref_80: 1.048776
