ipmos_-20: 1.468017e-05
ipmos_-40: 1.469862e-05
ipmos_0: 1.46056e-05
ipmos_100: 1.386573e-05
ipmos_125: 1.362474e-05
ipmos_20: 1.442799e-05
ipmos_40: 1.431923e-05
ipmos_60: 1.42201e-05
ipmos_80: 1.406021e-05
isnk_-20: 5.815412e-07
isnk_-40: 5.421584e-07
isnk_0: 6.175312e-07
isnk_100: 7.532443e-07
isnk_125: 7.772821e-07
isnk_20: 6.502764e-07
isnk_40: 6.800243e-07
isnk_60: 7.069688e-07
isnk_80: 7.313345e-07
isrc_-20: 5.701928e-07
isrc_-40: 5.263387e-07
isrc_0: 6.108784e-07
isrc_100: 7.676557e-07
isrc_125: 7.959585e-07
isrc_20: 6.483299e-07
isrc_40: 6.826005e-07
isrc_60: 7.138068e-07
isrc_80: 7.421045e-07
vctrl_-20: 0.3915729
vctrl_-40: 0.3714882
vctrl_0: 0.4124584
vctrl_100: 0.5318449
vctrl_125: 0.5647182
vctrl_20: 0.434477
vctrl_40: 0.4573405
vctrl_60: 0.4814298
vctrl_80: 0.5061027
vctrlmax_-20: 0.4383265
vctrlmax_-40: 0.4164836
vctrlmax_0: 0.4599136
vctrlmax_100: 0.5794676
vctrlmax_125: 0.6119456
vctrlmax_20: 0.4848678
vctrlmax_40: 0.5085138
vctrlmax_60: 0.5334812
vctrlmax_80: 0.553531
vctrlmin_-20: 0.3589381
vctrlmin_-40: 0.3554671
vctrlmin_0: 0.3901261
vctrlmin_100: 0.4977184
vctrlmin_125: 0.5399859
vctrlmin_20: 0.4007942
vctrlmin_40: 0.4371805
vctrlmin_60: 0.4549138
vctrlmin_80: 0.483771
vref_-20: 1.048198
vref_-40: 1.047569
vref_0: 1.049557
vref_100: 1.048935
vref_125: 1.047883
vref_20: 1.049813
vref_40: 1.050226
vref_60: 1.05017
vref_80: 1.050174
