ipmos_-20: 1.49174e-05
ipmos_-40: 1.49561e-05
ipmos_0: 1.487729e-05
ipmos_100: 1.411104e-05
ipmos_125: 1.381312e-05
ipmos_20: 1.479346e-05
ipmos_40: 1.469362e-05
ipmos_60: 1.453294e-05
ipmos_80: 1.432006e-05
isnk_-20: 4.917951e-07
isnk_-40: 4.613022e-07
isnk_0: 5.193192e-07
isnk_100: 6.26667e-07
isnk_125: 6.479598e-07
isnk_20: 5.438061e-07
isnk_40: 5.668959e-07
isnk_60: 5.882377e-07
isnk_80: 6.080449e-07
isrc_-20: 4.509191e-07
isrc_-40: 4.170034e-07
isrc_0: 4.822007e-07
isrc_100: 6.098696e-07
isrc_125: 6.357851e-07
isrc_20: 5.112339e-07
isrc_40: 5.383308e-07
isrc_60: 5.637122e-07
isrc_80: 5.875291e-07
vctrl_-20: 0.3892949
vctrl_-40: 0.3684876
vctrl_0: 0.410545
vctrl_100: 0.5301166
vctrl_125: 0.5628498
vctrl_20: 0.4321395
vctrl_40: 0.4552053
vctrl_60: 0.4792675
vctrl_80: 0.5042548
vctrlmax_-20: 0.440285
vctrlmax_-40: 0.4177649
vctrlmax_0: 0.4634049
vctrlmax_100: 0.5907281
vctrlmax_125: 0.6191602
vctrlmax_20: 0.4871783
vctrlmax_40: 0.5113237
vctrlmax_60: 0.5378317
vctrlmax_80: 0.5640793
vctrlmin_-20: 0.3611085
vctrlmin_-40: 0.3448544
vctrlmin_0: 0.3873663
vctrlmin_100: 0.4956897
vctrlmin_125: 0.53117
vctrlmin_20: 0.4097936
vctrlmin_40: 0.4169317
vctrlmin_60: 0.449869
vctrlmin_80: 0.4656807
vref_-20: 1.050085
vref_-40: 1.05043
vref_0: 1.049639
vref_100: 1.047184
vref_125: 1.045269
vref_20: 1.049944
vref_40: 1.04977
vref_60: 1.049017
vref_80: 1.048342
