ipmos_-20: 1.463073e-05
ipmos_-40: 1.468444e-05
ipmos_0: 1.450562e-05
ipmos_100: 1.363046e-05
ipmos_125: 1.343095e-05
ipmos_20: 1.441783e-05
ipmos_40: 1.428465e-05
ipmos_60: 1.410972e-05
ipmos_80: 1.397025e-05
isnk_-20: 5.198672e-07
isnk_-40: 4.863563e-07
isnk_0: 5.499481e-07
isnk_100: 6.684574e-07
isnk_125: 6.901751e-07
isnk_20: 5.77661e-07
isnk_40: 6.031648e-07
isnk_60: 6.266769e-07
isnk_80: 6.48143e-07
isrc_-20: 5.276037e-07
isrc_-40: 4.894109e-07
isrc_0: 5.627745e-07
isrc_100: 7.003019e-07
isrc_125: 7.260665e-07
isrc_20: 5.951485e-07
isrc_40: 6.249266e-07
isrc_60: 6.522853e-07
isrc_80: 6.773704e-07
vctrl_-20: 0.3906349
vctrl_-40: 0.3710381
vctrl_0: 0.4123181
vctrl_100: 0.5313008
vctrl_125: 0.5643689
vctrl_20: 0.4341048
vctrl_40: 0.4570171
vctrl_60: 0.4811135
vctrl_80: 0.5056049
vctrlmax_-20: 0.4396744
vctrlmax_-40: 0.4178147
vctrlmax_0: 0.4615245
vctrlmax_100: 0.5810404
vctrlmax_125: 0.6113376
vctrlmax_20: 0.485987
vctrlmax_40: 0.5092961
vctrlmax_60: 0.5335299
vctrlmax_80: 0.5579513
vctrlmin_-20: 0.3693709
vctrlmin_-40: 0.343726
vctrlmin_0: 0.378215
vctrlmin_100: 0.5112957
vctrlmin_125: 0.5412635
vctrlmin_20: 0.4086549
vctrlmin_40: 0.4244758
vctrlmin_60: 0.4607704
vctrlmin_80: 0.4816538
vref_-20: 1.037792
vref_-40: 1.037158
vref_0: 1.038615
vref_100: 1.040614
vref_125: 1.039269
vref_20: 1.039123
vref_40: 1.039888
vref_60: 1.040218
vref_80: 1.040194
