ipmos_-20: 1.504058e-05
ipmos_-40: 1.504381e-05
ipmos_0: 1.485143e-05
ipmos_100: 1.416307e-05
ipmos_125: 1.389392e-05
ipmos_20: 1.477155e-05
ipmos_40: 1.465439e-05
ipmos_60: 1.451321e-05
ipmos_80: 1.434739e-05
isnk_-20: 5.57448e-07
isnk_-40: 5.136013e-07
isnk_0: 5.987907e-07
isnk_100: 7.534985e-07
isnk_125: 7.808682e-07
isnk_20: 6.361816e-07
isnk_40: 6.70159e-07
isnk_60: 7.008978e-07
isnk_80: 7.286071e-07
isrc_-20: 4.727046e-07
isrc_-40: 4.304364e-07
isrc_0: 5.120749e-07
isrc_100: 6.671204e-07
isrc_125: 6.96197e-07
isrc_20: 5.485231e-07
isrc_40: 5.821162e-07
isrc_60: 6.129835e-07
isrc_80: 6.412704e-07
vctrl_-20: 0.3872225
vctrl_-40: 0.3674224
vctrl_0: 0.4083104
vctrl_100: 0.5266926
vctrl_125: 0.5598498
vctrl_20: 0.4300818
vctrl_40: 0.4528822
vctrl_60: 0.4766096
vctrl_80: 0.5012395
vctrlmax_-20: 0.4369669
vctrlmax_-40: 0.4148589
vctrlmax_0: 0.4595378
vctrlmax_100: 0.5806517
vctrlmax_125: 0.6137012
vctrlmax_20: 0.4817292
vctrlmax_40: 0.5083046
vctrlmax_60: 0.5336636
vctrlmax_80: 0.5591287
vctrlmin_-20: 0.3557681
vctrlmin_-40: 0.3348442
vctrlmin_0: 0.3742644
vctrlmin_100: 0.4886735
vctrlmin_125: 0.5290946
vctrlmin_20: 0.395671
vctrlmin_40: 0.4225701
vctrlmin_60: 0.4468673
vctrlmin_80: 0.4751895
vref_-20: 1.057163
vref_-40: 1.057717
vref_0: 1.057662
vref_100: 1.056638
vref_125: 1.054801
vref_20: 1.058385
vref_40: 1.058348
vref_60: 1.058036
vref_80: 1.057462
