ipmos_-20: 1.465406e-05
ipmos_-40: 1.48318e-05
ipmos_0: 1.460097e-05
ipmos_100: 1.385107e-05
ipmos_125: 1.361753e-05
ipmos_20: 1.45191e-05
ipmos_40: 1.440376e-05
ipmos_60: 1.436612e-05
ipmos_80: 1.410988e-05
isnk_-20: 5.82873e-07
isnk_-40: 5.415855e-07
isnk_0: 6.205357e-07
isnk_100: 7.612979e-07
isnk_125: 7.862684e-07
isnk_20: 6.5477e-07
isnk_40: 6.857379e-07
isnk_60: 7.13476e-07
isnk_80: 7.386664e-07
isrc_-20: 5.114336e-07
isrc_-40: 4.676744e-07
isrc_0: 5.523098e-07
isrc_100: 7.140252e-07
isrc_125: 7.445947e-07
isrc_20: 5.902164e-07
isrc_40: 6.252027e-07
isrc_60: 6.573974e-07
isrc_80: 6.869494e-07
vctrl_-20: 0.3881828
vctrl_-40: 0.367567
vctrl_0: 0.4091617
vctrl_100: 0.5282066
vctrl_125: 0.561418
vctrl_20: 0.4310528
vctrl_40: 0.453964
vctrl_60: 0.4779179
vctrl_80: 0.5023412
vctrlmax_-20: 0.4308498
vctrlmax_-40: 0.4089189
vctrlmax_0: 0.454086
vctrlmax_100: 0.578965
vctrlmax_125: 0.6111401
vctrlmax_20: 0.4787614
vctrlmax_40: 0.502821
vctrlmax_60: 0.5264972
vctrlmax_80: 0.5528413
vctrlmin_-20: 0.3660207
vctrlmin_-40: 0.3386916
vctrlmin_0: 0.3915654
vctrlmin_100: 0.5043275
vctrlmin_125: 0.537696
vctrlmin_20: 0.4144511
vctrlmin_40: 0.4363577
vctrlmin_60: 0.459239
vctrlmin_80: 0.4710392
vref_-20: 1.056189
vref_-40: 1.056407
vref_0: 1.056882
vref_100: 1.056142
vref_125: 1.054679
vref_20: 1.057587
vref_40: 1.057663
vref_60: 1.057455
vref_80: 1.056799
