ipmos_-20: 1.481806e-05
ipmos_-40: 1.478989e-05
ipmos_0: 1.459692e-05
ipmos_100: 1.399554e-05
ipmos_125: 1.374518e-05
ipmos_20: 1.450458e-05
ipmos_40: 1.438781e-05
ipmos_60: 1.424561e-05
ipmos_80: 1.422532e-05
isnk_-20: 5.543028e-07
isnk_-40: 5.150993e-07
isnk_0: 5.911182e-07
isnk_100: 7.295755e-07
isnk_125: 7.547103e-07
isnk_20: 6.244107e-07
isnk_40: 6.547933e-07
isnk_60: 6.824252e-07
isnk_80: 7.069262e-07
isrc_-20: 4.95082e-07
isrc_-40: 4.488629e-07
isrc_0: 5.387533e-07
isrc_100: 7.125819e-07
isrc_125: 7.448346e-07
isrc_20: 5.795507e-07
isrc_40: 6.173101e-07
isrc_60: 6.520117e-07
isrc_80: 6.837297e-07
vctrl_-20: 0.3926529
vctrl_-40: 0.3730018
vctrl_0: 0.4143386
vctrl_100: 0.5339594
vctrl_125: 0.5673779
vctrl_20: 0.4364547
vctrl_40: 0.4594597
vctrl_60: 0.4833707
vctrl_80: 0.5080847
vctrlmax_-20: 0.4426425
vctrlmax_-40: 0.4202084
vctrlmax_0: 0.4666852
vctrlmax_100: 0.5891626
vctrlmax_125: 0.6271388
vctrlmax_20: 0.4900878
vctrlmax_40: 0.5122993
vctrlmax_60: 0.5377181
vctrlmax_80: 0.5632668
vctrlmin_-20: 0.361576
vctrlmin_-40: 0.3495826
vctrlmin_0: 0.3929625
vctrlmin_100: 0.4917378
vctrlmin_125: 0.5340266
vctrlmin_20: 0.4074103
vctrlmin_40: 0.4278259
vctrlmin_60: 0.4562266
vctrlmin_80: 0.4665576
vref_-20: 1.043098
vref_-40: 1.043761
vref_0: 1.043588
vref_100: 1.041428
vref_125: 1.039845
vref_20: 1.043607
vref_40: 1.043544
vref_60: 1.0431
vref_80: 1.0424
