ipmos_-20: 1.446918e-05
ipmos_-40: 1.449646e-05
ipmos_0: 1.442214e-05
ipmos_100: 1.369626e-05
ipmos_125: 1.344783e-05
ipmos_20: 1.442474e-05
ipmos_40: 1.431296e-05
ipmos_60: 1.412542e-05
ipmos_80: 1.395833e-05
isnk_-20: 6.012845e-07
isnk_-40: 5.564825e-07
isnk_0: 6.427252e-07
isnk_100: 7.986714e-07
isnk_125: 8.261084e-07
isnk_20: 6.80409e-07
isnk_40: 7.148343e-07
isnk_60: 7.45911e-07
isnk_80: 7.737502e-07
isrc_-20: 6.254123e-07
isrc_-40: 5.772234e-07
isrc_0: 6.705836e-07
isrc_100: 8.456691e-07
isrc_125: 8.769549e-07
isrc_20: 7.124095e-07
isrc_40: 7.507693e-07
isrc_60: 7.856851e-07
isrc_80: 8.172675e-07
vctrl_-20: 0.3998713
vctrl_-40: 0.3794825
vctrl_0: 0.4208786
vctrl_100: 0.5401009
vctrl_125: 0.5728855
vctrl_20: 0.4429056
vctrl_40: 0.4658604
vctrl_60: 0.4896495
vctrl_80: 0.5145017
vctrlmax_-20: 0.4411182
vctrlmax_-40: 0.419161
vctrlmax_0: 0.4660236
vctrlmax_100: 0.5838346
vctrlmax_125: 0.6147286
vctrlmax_20: 0.4889544
vctrlmax_40: 0.5128075
vctrlmax_60: 0.5334025
vctrlmax_80: 0.5588306
vctrlmin_-20: 0.3695927
vctrlmin_-40: 0.360633
vctrlmin_0: 0.4057742
vctrlmin_100: 0.5192668
vctrlmin_125: 0.5521744
vctrlmin_20: 0.4209292
vctrlmin_40: 0.443461
vctrlmin_60: 0.4640909
vctrlmin_80: 0.4946053
vref_-20: 1.041788
vref_-40: 1.041874
vref_0: 1.043122
vref_100: 1.044679
vref_125: 1.045588
vref_20: 1.044234
vref_40: 1.04474
vref_60: 1.045396
vref_80: 1.044904
