ipmos_-20: 1.4981e-05
ipmos_-40: 1.504367e-05
ipmos_0: 1.489592e-05
ipmos_100: 1.404636e-05
ipmos_125: 1.375514e-05
ipmos_20: 1.483425e-05
ipmos_40: 1.460598e-05
ipmos_60: 1.438238e-05
ipmos_80: 1.421375e-05
isnk_-20: 6.518683e-07
isnk_-40: 5.979331e-07
isnk_0: 7.01795e-07
isnk_100: 8.921229e-07
isnk_125: 9.237201e-07
isnk_20: 7.48373e-07
isnk_40: 7.912051e-07
isnk_60: 8.290383e-07
isnk_80: 8.626078e-07
isrc_-20: 4.150624e-07
isrc_-40: 3.731251e-07
isrc_0: 4.547373e-07
isrc_100: 6.153877e-07
isrc_125: 6.459864e-07
isrc_20: 4.919431e-07
isrc_40: 5.265938e-07
isrc_60: 5.586833e-07
isrc_80: 5.882564e-07
vctrl_-20: 0.3879507
vctrl_-40: 0.367286
vctrl_0: 0.4090255
vctrl_100: 0.5284851
vctrl_125: 0.5616795
vctrl_20: 0.4309893
vctrl_40: 0.4531023
vctrl_60: 0.4780626
vctrl_80: 0.5028365
vctrlmax_-20: 0.4372278
vctrlmax_-40: 0.4142888
vctrlmax_0: 0.4603807
vctrlmax_100: 0.582816
vctrlmax_125: 0.614857
vctrlmax_20: 0.4840763
vctrlmax_40: 0.5098187
vctrlmax_60: 0.5349081
vctrlmax_80: 0.5600064
vctrlmin_-20: 0.366266
vctrlmin_-40: 0.3469358
vctrlmin_0: 0.3713613
vctrlmin_100: 0.4974926
vctrlmin_125: 0.5258952
vctrlmin_20: 0.4063703
vctrlmin_40: 0.4202261
vctrlmin_60: 0.4388412
vctrlmin_80: 0.4706833
vref_-20: 1.056203
vref_-40: 1.056971
vref_0: 1.056269
vref_100: 1.054615
vref_125: 1.052842
vref_20: 1.056787
vref_40: 1.056959
vref_60: 1.056416
vref_80: 1.055667
