ipmos_-20: 1.492101e-05
ipmos_-40: 1.495323e-05
ipmos_0: 1.486975e-05
ipmos_100: 1.423105e-05
ipmos_125: 1.390938e-05
ipmos_20: 1.477896e-05
ipmos_40: 1.466452e-05
ipmos_60: 1.443341e-05
ipmos_80: 1.424193e-05
isnk_-20: 5.090473e-07
isnk_-40: 4.723777e-07
isnk_0: 5.428131e-07
isnk_100: 6.754503e-07
isnk_125: 7.003792e-07
isnk_20: 5.740085e-07
isnk_40: 6.028203e-07
isnk_60: 6.293154e-07
isnk_80: 6.534391e-07
isrc_-20: 4.60651e-07
isrc_-40: 4.250209e-07
isrc_0: 4.93845e-07
isrc_100: 6.297876e-07
isrc_125: 6.568372e-07
isrc_20: 5.248403e-07
isrc_40: 5.538275e-07
isrc_60: 5.809291e-07
isrc_80: 6.062246e-07
vctrl_-20: 0.3923449
vctrl_-40: 0.3720915
vctrl_0: 0.4133113
vctrl_100: 0.5313203
vctrl_125: 0.5656626
vctrl_20: 0.4353137
vctrl_40: 0.4581854
vctrl_60: 0.4820262
vctrl_80: 0.5067019
vctrlmax_-20: 0.4414435
vctrlmax_-40: 0.4190878
vctrlmax_0: 0.4642679
vctrlmax_100: 0.5917256
vctrlmax_125: 0.6214707
vctrlmax_20: 0.4893154
vctrlmax_40: 0.5138569
vctrlmax_60: 0.5399525
vctrlmax_80: 0.5663449
vctrlmin_-20: 0.3631807
vctrlmin_-40: 0.3402189
vctrlmin_0: 0.3877668
vctrlmin_100: 0.4929336
vctrlmin_125: 0.523465
vctrlmin_20: 0.4125022
vctrlmin_40: 0.433537
vctrlmin_60: 0.4565148
vctrlmin_80: 0.4742174
vref_-20: 1.04911
vref_-40: 1.048811
vref_0: 1.050513
vref_100: 1.050067
vref_125: 1.048454
vref_20: 1.051345
vref_40: 1.051859
vref_60: 1.051481
vref_80: 1.050937
