ipmos_-20: 1.485688e-05
ipmos_-40: 1.48762e-05
ipmos_0: 1.480012e-05
ipmos_100: 1.412793e-05
ipmos_125: 1.378185e-05
ipmos_20: 1.478753e-05
ipmos_40: 1.467123e-05
ipmos_60: 1.451533e-05
ipmos_80: 1.432088e-05
isnk_-20: 5.486761e-07
isnk_-40: 5.117224e-07
isnk_0: 5.824832e-07
isnk_100: 7.12303e-07
isnk_125: 7.361821e-07
isnk_20: 6.127841e-07
isnk_40: 6.41046e-07
isnk_60: 6.668497e-07
isnk_80: 6.909394e-07
isrc_-20: 4.898216e-07
isrc_-40: 4.495008e-07
isrc_0: 5.275496e-07
isrc_100: 6.803403e-07
isrc_125: 7.102721e-07
isrc_20: 5.627354e-07
isrc_40: 5.95484e-07
isrc_60: 6.259202e-07
isrc_80: 6.541642e-07
vctrl_-20: 0.3931726
vctrl_-40: 0.3729635
vctrl_0: 0.4142545
vctrl_100: 0.5331675
vctrl_125: 0.5662821
vctrl_20: 0.4356029
vctrl_40: 0.458507
vctrl_60: 0.4825351
vctrl_80: 0.5076127
vctrlmax_-20: 0.4421484
vctrlmax_-40: 0.420316
vctrlmax_0: 0.4659468
vctrlmax_100: 0.5951443
vctrlmax_125: 0.6296069
vctrlmax_20: 0.4907513
vctrlmax_40: 0.5157218
vctrlmax_60: 0.5411978
vctrlmax_80: 0.5679662
vctrlmin_-20: 0.372511
vctrlmin_-40: 0.3387536
vctrlmin_0: 0.3919392
vctrlmin_100: 0.4925795
vctrlmin_125: 0.5304373
vctrlmin_20: 0.4057074
vctrlmin_40: 0.43269
vctrlmin_60: 0.452837
vctrlmin_80: 0.477063
vref_-20: 1.048626
vref_-40: 1.048265
vref_0: 1.04929
vref_100: 1.049331
vref_125: 1.047628
vref_20: 1.050115
vref_40: 1.050414
vref_60: 1.050318
vref_80: 1.050176
