ipmos_-20: 1.500121e-05
ipmos_-40: 1.500811e-05
ipmos_0: 1.480427e-05
ipmos_100: 1.405497e-05
ipmos_125: 1.379936e-05
ipmos_20: 1.478017e-05
ipmos_40: 1.461058e-05
ipmos_60: 1.446704e-05
ipmos_80: 1.430256e-05
isnk_-20: 6.389342e-07
isnk_-40: 5.802455e-07
isnk_0: 6.950838e-07
isnk_100: 9.095848e-07
isnk_125: 9.458937e-07
isnk_20: 7.466202e-07
isnk_40: 7.943401e-07
isnk_60: 8.373833e-07
isnk_80: 8.757537e-07
isrc_-20: 5.249397e-07
isrc_-40: 4.716473e-07
isrc_0: 5.757104e-07
isrc_100: 7.751783e-07
isrc_125: 8.101734e-07
isrc_20: 6.232378e-07
isrc_40: 6.670709e-07
isrc_60: 7.070075e-07
isrc_80: 7.430165e-07
vctrl_-20: 0.3894657
vctrl_-40: 0.3699597
vctrl_0: 0.4107317
vctrl_100: 0.5293275
vctrl_125: 0.5623401
vctrl_20: 0.4325875
vctrl_40: 0.4549451
vctrl_60: 0.4787166
vctrl_80: 0.5033344
vctrlmax_-20: 0.4379861
vctrlmax_-40: 0.4163418
vctrlmax_0: 0.4610732
vctrlmax_100: 0.5810259
vctrlmax_125: 0.6133819
vctrlmax_20: 0.4844059
vctrlmax_40: 0.5104554
vctrlmax_60: 0.5349793
vctrlmax_80: 0.5595528
vctrlmin_-20: 0.3564623
vctrlmin_-40: 0.3356721
vctrlmin_0: 0.3874143
vctrlmin_100: 0.5009262
vctrlmin_125: 0.5327882
vctrlmin_20: 0.4020239
vctrlmin_40: 0.4306956
vctrlmin_60: 0.447626
vctrlmin_80: 0.4711736
vref_-20: 1.049863
vref_-40: 1.049425
vref_0: 1.051147
vref_100: 1.05128
vref_125: 1.05018
vref_20: 1.052013
vref_40: 1.052369
vref_60: 1.052292
vref_80: 1.052187
