ipmos_-20: 1.483451e-05
ipmos_-40: 1.486984e-05
ipmos_0: 1.477187e-05
ipmos_100: 1.409451e-05
ipmos_125: 1.382435e-05
ipmos_20: 1.465525e-05
ipmos_40: 1.456182e-05
ipmos_60: 1.441508e-05
ipmos_80: 1.424054e-05
isnk_-20: 5.579339e-07
isnk_-40: 5.214758e-07
isnk_0: 5.912062e-07
isnk_100: 7.188061e-07
isnk_125: 7.422096e-07
isnk_20: 6.216175e-07
isnk_40: 6.493985e-07
isnk_60: 6.747543e-07
isnk_80: 6.978424e-07
isrc_-20: 5.445144e-07
isrc_-40: 4.898625e-07
isrc_0: 5.968257e-07
isrc_100: 8.046196e-07
isrc_125: 8.417923e-07
isrc_20: 6.459811e-07
isrc_40: 6.914786e-07
isrc_60: 7.330844e-07
isrc_80: 7.707668e-07
vctrl_-20: 0.3854742
vctrl_-40: 0.3652016
vctrl_0: 0.406508
vctrl_100: 0.5253401
vctrl_125: 0.5585271
vctrl_20: 0.42846
vctrl_40: 0.45139
vctrl_60: 0.4752321
vctrl_80: 0.5000259
vctrlmax_-20: 0.4297674
vctrlmax_-40: 0.4077756
vctrlmax_0: 0.4544324
vctrlmax_100: 0.5823378
vctrlmax_125: 0.6172044
vctrlmax_20: 0.4790818
vctrlmax_40: 0.5039949
vctrlmax_60: 0.5295531
vctrlmax_80: 0.555848
vctrlmin_-20: 0.3666317
vctrlmin_-40: 0.3345433
vctrlmin_0: 0.3836158
vctrlmin_100: 0.4966258
vctrlmin_125: 0.5278168
vctrlmin_20: 0.4015498
vctrlmin_40: 0.4300754
vctrlmin_60: 0.4407025
vctrlmin_80: 0.4765449
vref_-20: 1.061565
vref_-40: 1.061972
vref_0: 1.062113
vref_100: 1.061238
vref_125: 1.059763
vref_20: 1.062625
vref_40: 1.06276
vref_60: 1.062647
vref_80: 1.062025
