vctrl_20: 0.4373264
vctrlmax_20: 0.4704608
vctrlmin_20: 0.4064611
vref_20: 0.6097736
