vctrl_20: 0.4362158
vctrlmax_20: 0.455162
vctrlmin_20: 0.4185613
vref_20: 0.6119594
