vctrl_20: 0.4431643
vctrlmax_20: 0.4956956
vctrlmin_20: 0.3926062
vref_20: 0.5904008
