vctrl_20: 0.4287853
vctrlmax_20: 0.4376648
vctrlmin_20: 0.4209175
vref_20: 0.6209254
