vctrl_20: 0.4339831
vctrlmax_20: 0.4511607
vctrlmin_20: 0.4172165
vref_20: 0.6179332
