vctrl_20: 0.4278786
vctrlmax_20: 0.4463217
vctrlmin_20: 0.411096
vref_20: 0.6224359
