vctrl_20: 0.434412
vctrlmax_20: 0.442279
vctrlmin_20: 0.4273113
vref_20: 0.6188688
