vctrl_20: 0.4375284
vctrlmax_20: 0.4581068
vctrlmin_20: 0.417817
vref_20: 0.6197419
