vctrl_20: 0.4305347
vctrlmax_20: 0.4439097
vctrlmin_20: 0.4185366
vref_20: 0.6080866
