vctrl_20: 0.4437072
vctrlmax_20: 0.4820865
vctrlmin_20: 0.4064564
vref_20: 0.6024598
