vctrl_20: 0.4357552
vctrlmax_20: 0.4508338
vctrlmin_20: 0.4215218
vref_20: 0.6106991
