vctrl_20: 0.4319642
vctrlmax_20: 0.4448859
vctrlmin_20: 0.4197501
vref_20: 0.6101431
