vctrl_20: 0.4443604
vctrlmax_20: 0.4828096
vctrlmin_20: 0.4061275
vref_20: 0.6064945
