vctrl_20: 0.4319553
vctrlmax_20: 0.4463622
vctrlmin_20: 0.4183246
vref_20: 0.6354662
