vctrl_20: 0.4353221
vctrlmax_20: 0.466641
vctrlmin_20: 0.4044101
vref_20: 0.6114091
