vctrl_20: 0.4338292
vctrlmax_20: 0.4466724
vctrlmin_20: 0.4219441
vref_20: 0.6088198
