vctrl_20: 0.4424688
vctrlmax_20: 0.4713348
vctrlmin_20: 0.4152347
vref_20: 0.6121204
