vctrl_20: 0.4508789
vctrlmax_20: 0.508541
vctrlmin_20: 0.3961722
vref_20: 0.5820238
