vctrl_20: 0.4345284
vctrlmax_20: 0.4450391
vctrlmin_20: 0.4250354
vref_20: 0.6189828
