vctrl_20: 0.4316687
vctrlmax_20: 0.4620531
vctrlmin_20: 0.4017204
vref_20: 0.6163663
