vctrl_20: 0.4355119
vctrlmax_20: 0.4559616
vctrlmin_20: 0.4161656
vref_20: 0.6208206
