vctrl_20: 0.4436888
vctrlmax_20: 0.48012
vctrlmin_20: 0.408164
vref_20: 0.5939988
