vctrl_20: 0.4342257
vctrlmax_20: 0.4526049
vctrlmin_20: 0.4171602
vref_20: 0.6114584
