vctrl_20: 0.4392025
vctrlmax_20: 0.4457157
vctrlmin_20: 0.4329953
vref_20: 0.6065965
