vctrl_20: 0.4363464
vctrlmax_20: 0.4762123
vctrlmin_20: 0.3979575
vref_20: 0.6062036
