vctrl_20: 0.429304
vctrlmax_20: 0.4460064
vctrlmin_20: 0.4137845
vref_20: 0.6125654
