vctrl_20: 0.4377947
vctrlmax_20: 0.465948
vctrlmin_20: 0.4099277
vref_20: 0.6070631
