vctrl_20: 0.4382489
vctrlmax_20: 0.4479199
vctrlmin_20: 0.4296992
vref_20: 0.6133217
