vctrl_20: 0.4321631
vctrlmax_20: 0.4478004
vctrlmin_20: 0.4176105
vref_20: 0.6206822
