vctrl_20: 0.4338894
vctrlmax_20: 0.4456347
vctrlmin_20: 0.4230626
vref_20: 0.610251
