isnk_20: 7.04336e-07
isrc_20: 5.257566e-07
vctrl_20: 0.4335582
vctrlmax_20: 0.4359511
vctrlmin_20: 0.4318188
vref_20: 0.5983688
