isnk_20: 6.036471e-07
isrc_20: 5.749144e-07
vctrl_20: 0.4398512
vctrlmax_20: 0.4406732
vctrlmin_20: 0.4397025
vref_20: 0.6247173
