isnk_20: 5.702246e-07
isrc_20: 7.06417e-07
vctrl_20: 0.4353884
vctrlmax_20: 0.4378877
vctrlmin_20: 0.4335892
vref_20: 0.6104349
