isnk_20: 5.900687e-07
isrc_20: 5.362965e-07
vctrl_20: 0.4292996
vctrlmax_20: 0.431575
vctrlmin_20: 0.4276559
vref_20: 0.6191133
