isnk_20: 5.969496e-07
isrc_20: 5.137446e-07
vctrl_20: 0.4307905
vctrlmax_20: 0.4330512
vctrlmin_20: 0.4291034
vref_20: 0.6213636
