isnk_20: 6.440071e-07
isrc_20: 5.801513e-07
vctrl_20: 0.4310876
vctrlmax_20: 0.4318414
vctrlmin_20: 0.4309371
vref_20: 0.6067647
