isnk_20: 6.742904e-07
isrc_20: 5.867763e-07
vctrl_20: 0.4339814
vctrlmax_20: 0.4363922
vctrlmin_20: 0.4321297
vref_20: 0.6096193
