isnk_20: 5.689214e-07
isrc_20: 7.585132e-07
vctrl_20: 0.4396461
vctrlmax_20: 0.4421909
vctrlmin_20: 0.4377513
vref_20: 0.6143617
