isnk_20: 6.091365e-07
isrc_20: 6.224585e-07
vctrl_20: 0.4341105
vctrlmax_20: 0.436505
vctrlmin_20: 0.43221
vref_20: 0.6103453
