isnk_20: 6.104318e-07
isrc_20: 6.057572e-07
vctrl_20: 0.4323057
vctrlmax_20: 0.4346754
vctrlmin_20: 0.4305101
vref_20: 0.6123026
