isnk_20: 6.362076e-07
isrc_20: 6.229197e-07
vctrl_20: 0.4317834
vctrlmax_20: 0.4326284
vctrlmin_20: 0.4315166
vref_20: 0.6225186
