isnk_20: 5.810465e-07
isrc_20: 7.696398e-07
vctrl_20: 0.4391629
vctrlmax_20: 0.4416613
vctrlmin_20: 0.437313
vref_20: 0.6173831
