isnk_20: 6.518455e-07
isrc_20: 5.918776e-07
vctrl_20: 0.4286564
vctrlmax_20: 0.4310502
vctrlmin_20: 0.4268194
vref_20: 0.6133166
