isnk_20: 5.82166e-07
isrc_20: 4.755873e-07
vctrl_20: 0.4343323
vctrlmax_20: 0.4365492
vctrlmin_20: 0.4327063
vref_20: 0.6128708
