isnk_20: 7.134356e-07
isrc_20: 6.434126e-07
vctrl_20: 0.4326829
vctrlmax_20: 0.4334289
vctrlmin_20: 0.432463
vref_20: 0.6272981
