isnk_20: 5.452575e-07
isrc_20: 4.786873e-07
vctrl_20: 0.4339193
vctrlmax_20: 0.4361099
vctrlmin_20: 0.4324013
vref_20: 0.6169455
