isnk_20: 5.955942e-07
isrc_20: 6.229092e-07
vctrl_20: 0.4321862
vctrlmax_20: 0.4329564
vctrlmin_20: 0.4320606
vref_20: 0.6206548
