isnk_20: 5.324842e-07
isrc_20: 6.830318e-07
vctrl_20: 0.4335187
vctrlmax_20: 0.4359068
vctrlmin_20: 0.4316357
vref_20: 0.6089736
