isnk_20: 6.009329e-07
isrc_20: 6.201792e-07
vctrl_20: 0.4299766
vctrlmax_20: 0.4307247
vctrlmin_20: 0.4298345
vref_20: 0.6264529
