isnk_20: 6.863439e-07
isrc_20: 4.751501e-07
vctrl_20: 0.4340315
vctrlmax_20: 0.4363449
vctrlmin_20: 0.4323397
vref_20: 0.6047873
