isnk_20: 6.864329e-07
isrc_20: 6.022941e-07
vctrl_20: 0.4309134
vctrlmax_20: 0.4316944
vctrlmin_20: 0.430689
vref_20: 0.6165633
