isnk_20: 6.057584e-07
isrc_20: 5.986275e-07
vctrl_20: 0.4357651
vctrlmax_20: 0.4365333
vctrlmin_20: 0.4355967
vref_20: 0.6142936
