isnk_20: 6.236399e-07
isrc_20: 6.637069e-07
vctrl_20: 0.4354219
vctrlmax_20: 0.4361658
vctrlmin_20: 0.4353003
vref_20: 0.6109123
