isnk_20: 7.468551e-07
isrc_20: 6.854913e-07
vctrl_20: 0.4353965
vctrlmax_20: 0.4381281
vctrlmin_20: 0.4333073
vref_20: 0.6293138
