isnk_20: 5.683309e-07
isrc_20: 5.423692e-07
vctrl_20: 0.4322522
vctrlmax_20: 0.4344981
vctrlmin_20: 0.4305826
vref_20: 0.6115647
