isnk_20: 6.344292e-07
isrc_20: 5.857061e-07
vctrl_20: 0.4347699
vctrlmax_20: 0.4355016
vctrlmin_20: 0.4346611
vref_20: 0.6173567
