isnk_20: 6.055243e-07
isrc_20: 5.953389e-07
vctrl_20: 0.4325692
vctrlmax_20: 0.4333349
vctrlmin_20: 0.4324492
vref_20: 0.6208291
