isnk_20: 6.174265e-07
isrc_20: 6.54578e-07
vctrl_20: 0.4348614
vctrlmax_20: 0.4356421
vctrlmin_20: 0.434704
vref_20: 0.6055879
