isnk_20: 6.241059e-07
isrc_20: 5.534687e-07
vctrl_20: 0.4363303
vctrlmax_20: 0.4386913
vctrlmin_20: 0.4345193
vref_20: 0.6172882
