isnk_20: 7.042719e-07
isrc_20: 5.636906e-07
vctrl_20: 0.4359656
vctrlmax_20: 0.4383793
vctrlmin_20: 0.4341718
vref_20: 0.6154494
