vctrl_20: 0.4300779
vctrlmax_20: 0.4527479
vctrlmin_20: 0.4082215
vref_20: 0.6097862
