vctrl_20: 0.42814
vctrlmax_20: 0.4558032
vctrlmin_20: 0.4028493
vref_20: 0.6185094
