vctrl_20: 0.4323988
vctrlmax_20: 0.4436377
vctrlmin_20: 0.4220565
vref_20: 0.6195725
