vctrl_20: 0.4314097
vctrlmax_20: 0.4580124
vctrlmin_20: 0.404937
vref_20: 0.6184079
