vctrl_20: 0.4277897
vctrlmax_20: 0.4373138
vctrlmin_20: 0.4191091
vref_20: 0.6207082
