vctrl_20: 0.4341198
vctrlmax_20: 0.4408181
vctrlmin_20: 0.4281977
vref_20: 0.6113336
