vctrl_20: 0.4341389
vctrlmax_20: 0.4408774
vctrlmin_20: 0.4281222
vref_20: 0.6301549
