vctrl_20: 0.4337137
vctrlmax_20: 0.4439583
vctrlmin_20: 0.4242962
vref_20: 0.6086111
