vctrl_20: 0.4347751
vctrlmax_20: 0.4397204
vctrlmin_20: 0.430716
vref_20: 0.6206686
