vctrl_20: 0.4365407
vctrlmax_20: 0.4466769
vctrlmin_20: 0.4269079
vref_20: 0.6132608
