vctrl_20: 0.4374809
vctrlmax_20: 0.4589875
vctrlmin_20: 0.4167087
vref_20: 0.6087382
