vctrl_20: 0.4290594
vctrlmax_20: 0.4603673
vctrlmin_20: 0.3997822
vref_20: 0.6185394
