vctrl_20: 0.4319557
vctrlmax_20: 0.4415057
vctrlmin_20: 0.4232865
vref_20: 0.615757
