vctrl_20: 0.4364106
vctrlmax_20: 0.4527472
vctrlmin_20: 0.4210483
vref_20: 0.6228958
