vctrl_20: 0.4360769
vctrlmax_20: 0.4448368
vctrlmin_20: 0.4281487
vref_20: 0.6145012
