vctrl_20: 0.4327909
vctrlmax_20: 0.4420927
vctrlmin_20: 0.4244707
vref_20: 0.6028639
