vctrl_20: 0.4287214
vctrlmax_20: 0.4445317
vctrlmin_20: 0.4138196
vref_20: 0.62327
