vctrl_20: 0.4386683
vctrlmax_20: 0.4602095
vctrlmin_20: 0.4174362
vref_20: 0.602124
