vctrl_20: 0.4286157
vctrlmax_20: 0.4393743
vctrlmin_20: 0.4185837
vref_20: 0.6324181
