vctrl_20: 0.4274406
vctrlmax_20: 0.4409449
vctrlmin_20: 0.4146268
vref_20: 0.6233173
