vctrl_20: 0.4377958
vctrlmax_20: 0.4594137
vctrlmin_20: 0.4167928
vref_20: 0.6007183
