vctrl_20: 0.4380676
vctrlmax_20: 0.4465369
vctrlmin_20: 0.4305161
vref_20: 0.6201701
