vctrl_20: 0.4373069
vctrlmax_20: 0.4433064
vctrlmin_20: 0.431925
vref_20: 0.6127169
