vctrl_20: 0.4344624
vctrlmax_20: 0.4441658
vctrlmin_20: 0.4252693
vref_20: 0.6174211
