vctrl_20: 0.4327542
vctrlmax_20: 0.4680845
vctrlmin_20: 0.3987406
vref_20: 0.6130994
