vctrl_20: 0.4335877
vctrlmax_20: 0.4388345
vctrlmin_20: 0.4289732
vref_20: 0.6171596
