vctrl_20: 0.4363455
vctrlmax_20: 0.4627666
vctrlmin_20: 0.4106118
vref_20: 0.6130498
