vctrl_20: 0.4349528
vctrlmax_20: 0.462222
vctrlmin_20: 0.4090681
vref_20: 0.6217908
