vctrl_20: 0.434035
vctrlmax_20: 0.462788
vctrlmin_20: 0.4070835
vref_20: 0.6069698
