vctrl_20: 0.430678
vctrlmax_20: 0.4358365
vctrlmin_20: 0.4262629
vref_20: 0.623146
