caprst_fall_first_-40: 5.335152e-05
caprst_fall_first_0: 5.330152e-05
caprst_fall_first_125: 5.410152e-05
caprst_fall_first_40: 5.350152e-05
caprst_fall_first_80: 5.370152e-05
caprst_fall_second_-40: 7.480152e-05
caprst_fall_second_0: 7.440152e-05
caprst_fall_second_125: 7.520152e-05
caprst_fall_second_40: 7.460152e-05
caprst_fall_second_80: 7.480152e-05
caprst_rise_first_-40: 6.630152e-05
caprst_rise_first_0: 6.590152e-05
caprst_rise_first_125: 6.670152e-05
caprst_rise_first_40: 6.610152e-05
caprst_rise_first_80: 6.630152e-05
caprst_rise_second_-40: 8.745152e-05
caprst_rise_second_0: 8.700152e-05
caprst_rise_second_125: 8.935152e-05
caprst_rise_second_40: 8.765152e-05
caprst_rise_second_80: 9.055152e-05
iptat_first_-40: 5.853589e-06
iptat_first_0: 6.779512e-06
iptat_first_125: 9.27071e-06
iptat_first_40: 7.66027e-06
iptat_first_80: 8.449784e-06
iptat_second_-40: 5.005411e-06
iptat_second_0: 5.865188e-06
iptat_second_125: 8.071415e-06
iptat_second_40: 6.66587e-06
iptat_second_80: 7.364671e-06
tmpcount1_-40: 0.089
tmpcount1_0: 0.096
tmpcount1_125: 0.126
tmpcount1_40: 0.106
tmpcount1_80: 0.114
tmpcount2_-40: 0.075
tmpcount2_0: 0.084
tmpcount2_125: 0.125
tmpcount2_40: 0.096
tmpcount2_80: 0.126
