caprst_fall_first_-40: 5.510152e-05
caprst_fall_first_0: 5.495152e-05
caprst_fall_first_125: 5.575152e-05
caprst_fall_first_40: 5.510152e-05
caprst_fall_first_80: 5.540152e-05
caprst_fall_second_-40: 7.640152e-05
caprst_fall_second_0: 7.605152e-05
caprst_fall_second_125: 7.745152e-05
caprst_fall_second_40: 7.655152e-05
caprst_fall_second_80: 7.650152e-05
caprst_rise_first_-40: 6.790152e-05
caprst_rise_first_0: 6.755152e-05
caprst_rise_first_125: 6.895152e-05
caprst_rise_first_40: 6.805152e-05
caprst_rise_first_80: 6.800152e-05
caprst_rise_second_-40: 8.910152e-05
caprst_rise_second_0: 8.865152e-05
caprst_rise_second_125: 9.160152e-05
caprst_rise_second_40: 8.930152e-05
caprst_rise_second_80: 8.915152e-05
iptat_first_-40: 5.879619e-06
iptat_first_0: 6.764788e-06
iptat_first_125: 9.056971e-06
iptat_first_40: 7.596384e-06
iptat_first_80: 8.329349e-06
iptat_second_-40: 5.034933e-06
iptat_second_0: 5.937541e-06
iptat_second_125: 8.298714e-06
iptat_second_40: 6.742232e-06
iptat_second_80: 7.531891e-06
tmpcount1_-40: 0.086
tmpcount1_0: 0.094
tmpcount1_125: 0.154
tmpcount1_40: 0.107
tmpcount1_80: 0.112
tmpcount2_-40: 0.075
tmpcount2_0: 0.084
tmpcount2_125: 0.125
tmpcount2_40: 0.135
tmpcount2_80: 0.101
