caprst_fall_first_-40: 7.705152e-05
caprst_fall_first_0: 7.265152e-05
caprst_fall_first_125: 7.055152e-05
caprst_fall_first_40: 7.045152e-05
caprst_fall_first_80: 6.985152e-05
caprst_fall_second_-40: 0.0001061015
caprst_fall_second_0: 9.965152e-05
caprst_fall_second_125: 9.860152e-05
caprst_fall_second_40: 9.635152e-05
caprst_fall_second_80: 9.490152e-05
caprst_rise_first_-40: 8.965152e-05
caprst_rise_first_0: 8.525152e-05
caprst_rise_first_125: 8.625152e-05
caprst_rise_first_40: 8.305152e-05
caprst_rise_first_80: 8.245152e-05
caprst_rise_second_-40: 0.0001189015
caprst_rise_second_0: 0.0001127515
caprst_rise_second_125: 0.0001112515
caprst_rise_second_40: 0.0001097515
caprst_rise_second_80: 0.0001075515
iptat_first_-40: 8.243341e-06
iptat_first_0: 9.135905e-06
iptat_first_125: 1.155349e-05
iptat_first_40: 9.952305e-06
iptat_first_80: 1.073919e-05
iptat_second_-40: 2.773886e-06
iptat_second_0: 3.607006e-06
iptat_second_125: 5.595773e-06
iptat_second_40: 4.395015e-06
iptat_second_80: 5.034646e-06
tmpcount1_-40: 0.126
tmpcount1_0: 0.135
tmpcount1_125: 0.215
tmpcount1_40: 0.143
tmpcount1_80: 0.151
tmpcount2_-40: 0.038
tmpcount2_0: 0.05
tmpcount2_125: 0.075
tmpcount2_40: 0.063
tmpcount2_80: 0.067
