caprst_fall_first_-40: 5.245152e-05
caprst_fall_first_0: 5.225152e-05
caprst_fall_first_125: 5.265152e-05
caprst_fall_first_40: 5.220152e-05
caprst_fall_first_80: 5.235152e-05
caprst_fall_second_-40: 7.375152e-05
caprst_fall_second_0: 7.235152e-05
caprst_fall_second_125: 7.270152e-05
caprst_fall_second_40: 7.265152e-05
caprst_fall_second_80: 7.310152e-05
caprst_rise_first_-40: 6.630152e-05
caprst_rise_first_0: 6.490152e-05
caprst_rise_first_125: 6.525152e-05
caprst_rise_first_40: 6.520152e-05
caprst_rise_first_80: 6.565152e-05
caprst_rise_second_-40: 8.635152e-05
caprst_rise_second_0: 8.500152e-05
caprst_rise_second_125: 8.845152e-05
caprst_rise_second_40: 8.525152e-05
caprst_rise_second_80: 8.570152e-05
iptat_first_-40: 6.108219e-06
iptat_first_0: 7.036762e-06
iptat_first_125: 9.487744e-06
iptat_first_40: 7.923424e-06
iptat_first_80: 8.679847e-06
iptat_second_-40: 4.624844e-06
iptat_second_0: 5.452991e-06
iptat_second_125: 7.584871e-06
iptat_second_40: 6.245415e-06
iptat_second_80: 6.947635e-06
tmpcount1_-40: 0.1
tmpcount1_0: 0.101
tmpcount1_125: 0.126
tmpcount1_40: 0.113
tmpcount1_80: 0.125
tmpcount2_-40: 0.067
tmpcount2_0: 0.075
tmpcount2_125: 0.126
tmpcount2_40: 0.084
tmpcount2_80: 0.094
