caprst_fall_first_-40: 5.345152e-05
caprst_fall_first_0: 5.340152e-05
caprst_fall_first_125: 5.405152e-05
caprst_fall_first_40: 5.355152e-05
caprst_fall_first_80: 5.375152e-05
caprst_fall_second_-40: 7.460152e-05
caprst_fall_second_0: 7.455152e-05
caprst_fall_second_125: 8.695152e-05
caprst_fall_second_40: 7.465152e-05
caprst_fall_second_80: 7.485152e-05
caprst_rise_first_-40: 6.610152e-05
caprst_rise_first_0: 6.605152e-05
caprst_rise_first_125: 7.845152e-05
caprst_rise_first_40: 6.615152e-05
caprst_rise_first_80: 6.635152e-05
caprst_rise_second_-40: 8.790152e-05
caprst_rise_second_0: 8.760152e-05
caprst_rise_second_125: 0.0001011015
caprst_rise_second_40: 8.835152e-05
caprst_rise_second_80: 9.060152e-05
iptat_first_-40: 6.020225e-06
iptat_first_0: 6.984403e-06
iptat_first_125: 9.251906e-06
iptat_first_40: 7.829419e-06
iptat_first_80: 2.098028e-06
iptat_second_-40: 4.900099e-06
iptat_second_0: 5.748409e-06
iptat_second_125: 8.150276e-06
iptat_second_40: 6.563722e-06
iptat_second_80: 7.341185e-06
tmpcount1_-40: 0.087
tmpcount1_0: 0.097
tmpcount1_125: 0.243
tmpcount1_40: 0.105
tmpcount1_80: 0.026
tmpcount2_-40: 0.076
tmpcount2_0: 0.084
tmpcount2_125: 0.125
tmpcount2_40: 0.099
tmpcount2_80: 0.126
