caprst_fall_first_-40: 5.700152e-05
caprst_fall_first_0: 5.430152e-05
caprst_fall_first_125: 5.385152e-05
caprst_fall_first_40: 5.370152e-05
caprst_fall_first_80: 5.360152e-05
caprst_fall_second_-40: 7.935152e-05
caprst_fall_second_0: 7.555152e-05
caprst_fall_second_125: 7.415152e-05
caprst_fall_second_40: 7.440152e-05
caprst_fall_second_80: 7.390152e-05
caprst_rise_first_-40: 6.960152e-05
caprst_rise_first_0: 6.690152e-05
caprst_rise_first_125: 6.655152e-05
caprst_rise_first_40: 6.640152e-05
caprst_rise_first_80: 6.620152e-05
caprst_rise_second_-40: 9.195152e-05
caprst_rise_second_0: 8.860152e-05
caprst_rise_second_125: 8.770152e-05
caprst_rise_second_40: 8.705152e-05
caprst_rise_second_80: 8.655152e-05
iptat_first_-40: 6.838431e-06
iptat_first_0: 7.654125e-06
iptat_first_125: 1.000654e-05
iptat_first_40: 8.428144e-06
iptat_first_80: 9.203226e-06
iptat_second_-40: 4.005062e-06
iptat_second_0: 4.959634e-06
iptat_second_125: 7.156136e-06
iptat_second_40: 5.777057e-06
iptat_second_80: 6.494036e-06
tmpcount1_-40: 0.103
tmpcount1_0: 0.112
tmpcount1_125: 0.139
tmpcount1_40: 0.12
tmpcount1_80: 0.126
tmpcount2_-40: 0.059
tmpcount2_0: 0.072
tmpcount2_125: 0.104
tmpcount2_40: 0.079
tmpcount2_80: 0.088
