caprst_fall_first_-40: 9.010152e-05
caprst_fall_first_0: 8.560152e-05
caprst_fall_first_125: 8.440152e-05
caprst_fall_first_40: 8.320152e-05
caprst_fall_first_80: 8.255152e-05
caprst_fall_second_-40: 0.0001257015
caprst_fall_second_0: 0.0001193015
caprst_fall_second_125: 0.0001148015
caprst_fall_second_40: 0.0001155015
caprst_fall_second_80: 0.0001134015
caprst_rise_first_-40: 0.0001027015
caprst_rise_first_0: 9.890152e-05
caprst_rise_first_125: 9.700152e-05
caprst_rise_first_40: 9.670152e-05
caprst_rise_first_80: 9.535152e-05
caprst_rise_second_125: 0.0001275015
caprst_rise_second_40: 0.0001284015
caprst_rise_second_80: 0.0001260015
iptat_first_-40: 8.808583e-06
iptat_first_0: 9.701644e-06
iptat_first_125: 1.225078e-05
iptat_first_40: 1.057502e-05
iptat_first_80: 1.138272e-05
iptat_second_125: 4.634703e-06
iptat_second_40: 3.668591e-06
iptat_second_80: 4.212564e-06
tmpcount1_-40: 0.126
tmpcount1_0: 0.139
tmpcount1_125: 0.16
tmpcount1_40: 0.15
tmpcount1_80: 0.153
tmpcount2_-40: 0.011
tmpcount2_0: 0.037
tmpcount2_125: 0.069
tmpcount2_40: 0.055
tmpcount2_80: 0.063
