caprst_fall_first_-40: 5.585152e-05
caprst_fall_first_0: 5.395152e-05
caprst_fall_first_125: 5.405152e-05
caprst_fall_first_40: 5.280152e-05
caprst_fall_first_80: 5.230152e-05
caprst_fall_second_-40: 7.965152e-05
caprst_fall_second_0: 7.865152e-05
caprst_fall_second_125: 7.535152e-05
caprst_fall_second_40: 7.540152e-05
caprst_fall_second_80: 7.400152e-05
caprst_rise_first_-40: 6.845152e-05
caprst_rise_first_0: 6.840152e-05
caprst_rise_first_125: 6.670152e-05
caprst_rise_first_40: 6.590152e-05
caprst_rise_first_80: 6.490152e-05
caprst_rise_second_-40: 9.280152e-05
caprst_rise_second_0: 9.130152e-05
caprst_rise_second_125: 9.110152e-05
caprst_rise_second_40: 8.830152e-05
caprst_rise_second_80: 8.735152e-05
iptat_first_-40: 7.066543e-06
iptat_first_0: 7.885758e-06
iptat_first_125: 9.994333e-06
iptat_first_40: 8.688948e-06
iptat_first_80: 9.352339e-06
iptat_second_-40: 3.804421e-06
iptat_second_0: 4.690271e-06
iptat_second_125: 7.225996e-06
iptat_second_40: 5.570816e-06
iptat_second_80: 6.380382e-06
tmpcount1_-40: 0.1
tmpcount1_0: 0.123
tmpcount1_125: 0.131
tmpcount1_40: 0.12
tmpcount1_80: 0.125
tmpcount2_-40: 0.059
tmpcount2_0: 0.067
tmpcount2_125: 0.126
tmpcount2_40: 0.08
tmpcount2_80: 0.094
