caprst_fall_first_-40: 5.945152e-05
caprst_fall_first_0: 5.815152e-05
caprst_fall_first_125: 6.190152e-05
caprst_fall_first_40: 5.880152e-05
caprst_fall_first_80: 5.955152e-05
caprst_fall_second_-40: 8.285152e-05
caprst_fall_second_0: 8.170152e-05
caprst_fall_second_125: 0.0001280015
caprst_fall_second_40: 8.140152e-05
caprst_fall_second_80: 8.205152e-05
caprst_rise_first_-40: 7.205152e-05
caprst_rise_first_0: 7.145152e-05
caprst_rise_first_125: 7.450152e-05
caprst_rise_first_40: 7.140152e-05
caprst_rise_first_80: 7.215152e-05
caprst_rise_second_-40: 9.560152e-05
caprst_rise_second_0: 9.445152e-05
caprst_rise_second_40: 9.445152e-05
caprst_rise_second_80: 9.570152e-05
iptat_first_-40: 7.121069e-06
iptat_first_0: 8.096018e-06
iptat_first_125: 1.07984e-05
iptat_first_40: 9.018393e-06
iptat_first_80: 9.886071e-06
iptat_second_-40: 3.630949e-06
iptat_second_0: 4.406067e-06
iptat_second_40: 5.110346e-06
iptat_second_80: 5.692406e-06
tmpcount1_-40: 0.108
tmpcount1_0: 0.126
tmpcount1_125: 0.153
tmpcount1_40: 0.126
tmpcount1_80: 0.14
tmpcount2_-40: 0.054
tmpcount2_0: 0.061
tmpcount2_125: 0.013
tmpcount2_40: 0.072
tmpcount2_80: 0.084
