caprst_fall_first_-40: 5.320152e-05
caprst_fall_first_0: 5.285152e-05
caprst_fall_first_125: 5.485152e-05
caprst_fall_first_40: 5.290152e-05
caprst_fall_first_80: 5.305152e-05
caprst_fall_second_-40: 7.325152e-05
caprst_fall_second_0: 7.325152e-05
caprst_fall_second_125: 7.495152e-05
caprst_fall_second_40: 7.295152e-05
caprst_fall_second_80: 7.310152e-05
caprst_rise_first_-40: 6.580152e-05
caprst_rise_first_0: 6.580152e-05
caprst_rise_first_125: 6.750152e-05
caprst_rise_first_40: 6.550152e-05
caprst_rise_first_80: 6.565152e-05
caprst_rise_second_-40: 8.795152e-05
caprst_rise_second_0: 8.625152e-05
caprst_rise_second_125: 8.910152e-05
caprst_rise_second_40: 8.675152e-05
caprst_rise_second_80: 8.885152e-05
iptat_first_-40: 5.942058e-06
iptat_first_0: 6.821108e-06
iptat_first_125: 9.032731e-06
iptat_first_40: 7.645475e-06
iptat_first_80: 8.349006e-06
iptat_second_-40: 4.95505e-06
iptat_second_0: 5.852347e-06
iptat_second_125: 8.319386e-06
iptat_second_40: 6.691263e-06
iptat_second_80: 7.475038e-06
tmpcount1_-40: 0.087
tmpcount1_0: 0.099
tmpcount1_125: 0.2
tmpcount1_40: 0.103
tmpcount1_80: 0.112
tmpcount2_-40: 0.084
tmpcount2_0: 0.083
tmpcount2_125: 0.125
tmpcount2_40: 0.1
tmpcount2_80: 0.126
