caprst_fall_first_-40: 5.140152e-05
caprst_fall_first_0: 5.275152e-05
caprst_fall_first_125: 5.325152e-05
caprst_fall_first_40: 5.275152e-05
caprst_fall_first_80: 5.295152e-05
caprst_fall_second_-40: 7.270152e-05
caprst_fall_second_0: 7.390152e-05
caprst_fall_second_125: 7.440152e-05
caprst_fall_second_40: 7.430152e-05
caprst_fall_second_80: 7.405152e-05
caprst_rise_first_-40: 6.410152e-05
caprst_rise_first_0: 6.540152e-05
caprst_rise_first_125: 6.590152e-05
caprst_rise_first_40: 6.580152e-05
caprst_rise_first_80: 6.555152e-05
caprst_rise_second_-40: 8.595152e-05
caprst_rise_second_0: 8.755152e-05
caprst_rise_second_125: 8.770152e-05
caprst_rise_second_40: 8.745152e-05
caprst_rise_second_80: 8.715152e-05
iptat_first_-40: 6.289481e-06
iptat_first_0: 1.977323e-07
iptat_first_125: 9.875026e-06
iptat_first_40: 8.164317e-06
iptat_first_80: 8.982592e-06
iptat_second_-40: 4.671258e-06
iptat_second_0: 5.510106e-06
iptat_second_125: 7.632649e-06
iptat_second_40: 6.322245e-06
iptat_second_80: 6.986376e-06
tmpcount1_-40: 0.093
tmpcount1_0: 0.001
tmpcount1_125: 0.126
tmpcount1_40: 0.114
tmpcount1_80: 0.119
tmpcount2_-40: 0.073
tmpcount2_0: 0.084
tmpcount2_125: 0.109
tmpcount2_40: 0.091
tmpcount2_80: 0.099
