caprst_fall_first_-40: 5.280152e-05
caprst_fall_first_0: 5.255152e-05
caprst_fall_first_125: 5.295152e-05
caprst_fall_first_40: 5.260152e-05
caprst_fall_first_80: 5.270152e-05
caprst_fall_second_-40: 7.410152e-05
caprst_fall_second_0: 7.365152e-05
caprst_fall_second_125: 7.405152e-05
caprst_fall_second_40: 7.430152e-05
caprst_fall_second_80: 7.380152e-05
caprst_rise_first_-40: 6.560152e-05
caprst_rise_first_0: 6.515152e-05
caprst_rise_first_125: 6.555152e-05
caprst_rise_first_40: 6.580152e-05
caprst_rise_first_80: 6.530152e-05
caprst_rise_second_-40: 8.705152e-05
caprst_rise_second_0: 8.670152e-05
caprst_rise_second_125: 8.820152e-05
caprst_rise_second_40: 8.695152e-05
caprst_rise_second_80: 8.715152e-05
iptat_first_-40: 5.791746e-06
iptat_first_0: 6.70928e-06
iptat_first_125: 9.288676e-06
iptat_first_40: 7.574814e-06
iptat_first_80: 8.40224e-06
iptat_second_-40: 5.264569e-06
iptat_second_0: 6.147262e-06
iptat_second_125: 8.326886e-06
iptat_second_40: 6.950157e-06
iptat_second_80: 7.671912e-06
tmpcount1_-40: 0.088
tmpcount1_0: 0.095
tmpcount1_125: 0.129
tmpcount1_40: 0.109
tmpcount1_80: 0.114
tmpcount2_-40: 0.081
tmpcount2_0: 0.09
tmpcount2_125: 0.125
tmpcount2_40: 0.097
tmpcount2_80: 0.109
