caprst_fall_first_-40: 5.465152e-05
caprst_fall_first_0: 5.345152e-05
caprst_fall_first_125: 5.340152e-05
caprst_fall_first_40: 5.315152e-05
caprst_fall_first_80: 5.315152e-05
caprst_fall_second_-40: 7.935152e-05
caprst_fall_second_0: 7.485152e-05
caprst_fall_second_125: 7.360152e-05
caprst_fall_second_40: 7.360152e-05
caprst_fall_second_80: 7.335152e-05
caprst_rise_first_-40: 7.035152e-05
caprst_rise_first_0: 6.660152e-05
caprst_rise_first_125: 6.600152e-05
caprst_rise_first_40: 6.575152e-05
caprst_rise_first_80: 6.575152e-05
caprst_rise_second_-40: 9.200152e-05
caprst_rise_second_0: 8.750152e-05
caprst_rise_second_125: 8.690152e-05
caprst_rise_second_40: 8.655152e-05
caprst_rise_second_80: 8.650152e-05
iptat_first_-40: 6.707072e-06
iptat_first_0: 7.613403e-06
iptat_first_125: 1.001923e-05
iptat_first_40: 8.431111e-06
iptat_first_80: 9.214648e-06
iptat_second_-40: 4.14598e-06
iptat_second_0: 4.988395e-06
iptat_second_125: 7.184922e-06
iptat_second_40: 5.786298e-06
iptat_second_80: 6.518979e-06
tmpcount1_-40: 0.125
tmpcount1_0: 0.114
tmpcount1_125: 0.136
tmpcount1_40: 0.117
tmpcount1_80: 0.126
tmpcount2_-40: 0.059
tmpcount2_0: 0.068
tmpcount2_125: 0.102
tmpcount2_40: 0.08
tmpcount2_80: 0.091
