caprst_fall_first_-40: 5.430152e-05
caprst_fall_first_0: 5.415152e-05
caprst_fall_first_125: 5.460152e-05
caprst_fall_first_40: 5.410152e-05
caprst_fall_first_80: 5.430152e-05
caprst_fall_second_-40: 7.540152e-05
caprst_fall_second_0: 7.525152e-05
caprst_fall_second_125: 7.570152e-05
caprst_fall_second_40: 7.520152e-05
caprst_fall_second_80: 7.540152e-05
caprst_rise_first_-40: 6.690152e-05
caprst_rise_first_0: 6.675152e-05
caprst_rise_first_125: 6.720152e-05
caprst_rise_first_40: 6.670152e-05
caprst_rise_first_80: 6.690152e-05
caprst_rise_second_-40: 8.835152e-05
caprst_rise_second_0: 8.785152e-05
caprst_rise_second_125: 8.985152e-05
caprst_rise_second_40: 8.905152e-05
caprst_rise_second_80: 9.115152e-05
iptat_first_-40: 5.938735e-06
iptat_first_0: 6.835239e-06
iptat_first_125: 9.242439e-06
iptat_first_40: 7.672643e-06
iptat_first_80: 8.464963e-06
iptat_second_-40: 4.935819e-06
iptat_second_0: 5.828546e-06
iptat_second_125: 8.052687e-06
iptat_second_40: 6.645826e-06
iptat_second_80: 7.34893e-06
tmpcount1_-40: 0.088
tmpcount1_0: 0.096
tmpcount1_125: 0.127
tmpcount1_40: 0.104
tmpcount1_80: 0.113
tmpcount2_-40: 0.076
tmpcount2_0: 0.084
tmpcount2_125: 0.125
tmpcount2_40: 0.1
tmpcount2_80: 0.126
