caprst_fall_first_-40: 5.690152e-05
caprst_fall_first_0: 5.445152e-05
caprst_fall_first_125: 5.565152e-05
caprst_fall_first_40: 5.565152e-05
caprst_fall_first_80: 5.545152e-05
caprst_fall_second_-40: 8.010152e-05
caprst_fall_second_0: 7.680152e-05
caprst_fall_second_125: 7.690152e-05
caprst_fall_second_40: 7.725152e-05
caprst_fall_second_80: 7.680152e-05
caprst_rise_first_-40: 6.950152e-05
caprst_rise_first_0: 6.720152e-05
caprst_rise_first_125: 6.825152e-05
caprst_rise_first_40: 6.825152e-05
caprst_rise_first_80: 6.805152e-05
caprst_rise_second_-40: 9.270152e-05
caprst_rise_second_0: 9.005152e-05
caprst_rise_second_125: 8.955152e-05
caprst_rise_second_40: 8.985152e-05
caprst_rise_second_80: 9.100152e-05
iptat_first_-40: 6.604909e-06
iptat_first_0: 7.420203e-06
iptat_first_125: 9.713715e-06
iptat_first_40: 8.183929e-06
iptat_first_80: 8.923284e-06
iptat_second_-40: 4.275541e-06
iptat_second_0: 5.196383e-06
iptat_second_125: 7.459427e-06
iptat_second_40: 6.054589e-06
iptat_second_80: 6.795982e-06
tmpcount1_-40: 0.096
tmpcount1_0: 0.103
tmpcount1_125: 0.127
tmpcount1_40: 0.111
tmpcount1_80: 0.119
tmpcount2_-40: 0.063
tmpcount2_0: 0.077
tmpcount2_125: 0.101
tmpcount2_40: 0.084
tmpcount2_80: 0.106
