caprst_fall_first_-40: 5.520152e-05
caprst_fall_first_0: 5.645152e-05
caprst_fall_first_125: 5.775152e-05
caprst_fall_first_40: 5.550152e-05
caprst_fall_first_80: 5.530152e-05
caprst_fall_second_-40: 7.635152e-05
caprst_fall_second_0: 7.760152e-05
caprst_fall_second_125: 7.905152e-05
caprst_fall_second_40: 7.975152e-05
caprst_fall_second_80: 7.640152e-05
caprst_rise_first_-40: 6.785152e-05
caprst_rise_first_0: 6.910152e-05
caprst_rise_first_125: 7.055152e-05
caprst_rise_first_40: 7.125152e-05
caprst_rise_first_80: 6.790152e-05
caprst_rise_second_-40: 8.945152e-05
caprst_rise_second_0: 9.070152e-05
caprst_rise_second_125: 9.275152e-05
caprst_rise_second_40: 9.245152e-05
caprst_rise_second_80: 8.900152e-05
iptat_first_-40: 5.547865e-06
iptat_first_0: 6.419183e-06
iptat_first_125: 8.7579e-06
iptat_first_40: 7.282657e-06
iptat_first_80: 8.039089e-06
iptat_second_-40: 5.318887e-06
iptat_second_0: 6.203374e-06
iptat_second_125: 8.541958e-06
iptat_second_40: 7.023474e-06
iptat_second_80: 7.781343e-06
tmpcount1_-40: 0.084
tmpcount1_0: 0.09
tmpcount1_125: 0.119
tmpcount1_40: 0.126
tmpcount1_80: 0.108
tmpcount2_-40: 0.081
tmpcount2_0: 0.09
tmpcount2_125: 0.124
tmpcount2_40: 0.1
tmpcount2_80: 0.105
