ipmos_-20: 1.299285e-05
ipmos_-40: 7.062942e-13
ipmos_0: 1.285287e-05
ipmos_100: 1.222921e-05
ipmos_125: 1.198728e-05
ipmos_20: 1.279318e-05
ipmos_40: 1.267683e-05
ipmos_60: 1.255914e-05
ipmos_80: 1.235128e-05
isnk_-20: 3.296651e-07
isnk_-40: 2.983863e-07
isnk_0: 3.610728e-07
isnk_100: 4.865144e-07
isnk_125: 5.107792e-07
isnk_20: 3.900915e-07
isnk_40: 4.171233e-07
isnk_60: 4.421715e-07
isnk_80: 4.651982e-07
isrc_-20: 3.132815e-07
isrc_-40: 2.792681e-07
isrc_0: 3.454655e-07
isrc_100: 4.787303e-07
isrc_125: 5.053205e-07
isrc_20: 3.757636e-07
isrc_40: 4.041886e-07
isrc_60: 4.307877e-07
isrc_80: 4.556127e-07
vctrl_-20: 0.2553143
vctrl_-40: 1.302413
vctrl_0: 0.277221
vctrl_100: 0.3967125
vctrl_125: 0.4296611
vctrl_20: 0.2996285
vctrl_40: 0.3226651
vctrl_60: 0.3464658
vctrl_80: 0.371203
vctrlmax_-20: 0.2961657
vctrlmax_-40: 1.30807
vctrlmax_0: 0.3208852
vctrlmax_100: 0.4473626
vctrlmax_125: 0.4809869
vctrlmax_20: 0.3456201
vctrlmax_40: 0.3708044
vctrlmax_60: 0.3958773
vctrlmax_80: 0.4216978
vctrlmin_-20: 0.2348858
vctrlmin_-40: 1.296774
vctrlmin_0: 0.2571558
vctrlmin_100: 0.3774664
vctrlmin_125: 0.4085611
vctrlmin_20: 0.2750888
vctrlmin_40: 0.2971624
vctrlmin_60: 0.3198479
vctrlmin_80: 0.3455571
vref_-20: 1.040761
vref_-40: 0.002339653
vref_0: 1.039723
vref_100: 1.041045
vref_125: 1.040298
vref_20: 1.039946
vref_40: 1.040751
vref_60: 1.041305
vref_80: 1.041343
