icmptail_-20: 2.862049e-05
icmptail_-40: 2.824256e-05
icmptail_0: 2.893291e-05
icmptail_100: 2.974639e-05
icmptail_125: 2.991824e-05
icmptail_20: 2.918241e-05
icmptail_40: 2.937487e-05
icmptail_60: 2.952091e-05
icmptail_80: 2.963699e-05
tmpcount_-20: 0.1013684
tmpcount_-40: 0.09284211
tmpcount_0: 0.1089474
tmpcount_100: 0.1402105
tmpcount_125: 0.1468421
tmpcount_20: 0.1165263
tmpcount_40: 0.1222105
tmpcount_60: 0.1288421
tmpcount_80: 0.1345263
