icmptail_-20: 1.909814e-05
icmptail_-40: 1.874862e-05
icmptail_0: 1.939963e-05
icmptail_100: 2.050635e-05
icmptail_125: 2.086846e-05
icmptail_20: 1.965704e-05
icmptail_40: 1.987916e-05
icmptail_60: 2.007996e-05
icmptail_80: 2.028015e-05
tmpcount_-20: 0.08576471
tmpcount_-40: 0.07941176
tmpcount_0: 0.09105882
tmpcount_100: 0.1164706
tmpcount_125: 0.1217647
tmpcount_20: 0.09635294
tmpcount_40: 0.1016471
tmpcount_60: 0.1069412
tmpcount_80: 0.1122353
