icmptail_-20: 1.686299e-05
icmptail_-40: 1.653038e-05
icmptail_0: 1.714645e-05
icmptail_100: 1.788634e-05
icmptail_125: 1.791749e-05
icmptail_20: 1.738216e-05
icmptail_40: 1.757163e-05
icmptail_60: 1.771719e-05
icmptail_80: 1.782121e-05
tmpcount_-20: 0.07835294
tmpcount_-40: 0.07411765
tmpcount_0: 0.08258824
tmpcount_100: 0.09529412
tmpcount_125: 0.09952941
tmpcount_20: 0.08470588
tmpcount_40: 0.08682353
tmpcount_60: 0.08894118
tmpcount_80: 0.09211765
