icmptail_-20: 2.367527e-05
icmptail_-40: 2.336233e-05
icmptail_0: 2.39309e-05
icmptail_100: 2.487565e-05
icmptail_125: 2.522756e-05
icmptail_20: 2.415217e-05
icmptail_40: 2.433315e-05
icmptail_60: 2.449667e-05
icmptail_80: 2.466763e-05
tmpcount_-20: 0.07768421
tmpcount_-40: 0.072
tmpcount_0: 0.08242105
tmpcount_100: 0.1042105
tmpcount_125: 0.1089474
tmpcount_20: 0.08715789
tmpcount_40: 0.09189474
tmpcount_60: 0.09568421
tmpcount_80: 0.1004211
