caprst_fall_first_-20: 5.330152e-05
caprst_fall_first_-40: 5.370152e-05
caprst_fall_first_0: 5.300152e-05
caprst_fall_first_100: 5.435152e-05
caprst_fall_first_125: 5.455152e-05
caprst_fall_first_20: 5.280152e-05
caprst_fall_first_40: 5.435152e-05
caprst_fall_first_60: 5.430152e-05
caprst_fall_first_80: 5.430152e-05
caprst_fall_second_-20: 7.270152e-05
caprst_fall_second_-40: 7.320152e-05
caprst_fall_second_0: 7.195152e-05
caprst_fall_second_100: 7.315152e-05
caprst_fall_second_125: 7.365152e-05
caprst_fall_second_20: 7.170152e-05
caprst_fall_second_40: 7.315152e-05
caprst_fall_second_60: 7.310152e-05
caprst_fall_second_80: 7.400152e-05
caprst_rise_first_-20: 6.495152e-05
caprst_rise_first_-40: 6.505152e-05
caprst_rise_first_0: 6.435152e-05
caprst_rise_first_100: 6.570152e-05
caprst_rise_first_125: 6.615152e-05
caprst_rise_first_20: 6.420152e-05
caprst_rise_first_40: 6.570152e-05
caprst_rise_first_60: 6.565152e-05
caprst_rise_first_80: 6.655152e-05
caprst_rise_second_-20: 8.405152e-05
caprst_rise_second_-40: 8.455152e-05
caprst_rise_second_0: 8.360152e-05
caprst_rise_second_100: 8.520152e-05
caprst_rise_second_125: 8.500152e-05
caprst_rise_second_20: 8.305152e-05
caprst_rise_second_40: 8.450152e-05
caprst_rise_second_60: 8.460152e-05
caprst_rise_second_80: 9.095152e-05
ipc_setupincluded_-20: -9.888001e-05
ipc_setupincluded_-40: -9.691566e-05
ipc_setupincluded_0: -0.0001006899
ipc_setupincluded_100: -0.0001099313
ipc_setupincluded_125: -0.0001127183
ipc_setupincluded_20: -0.0001026316
ipc_setupincluded_40: -0.0001044989
ipc_setupincluded_60: -0.0001062311
ipc_setupincluded_80: -0.000106772
iptat_first_-20: 6.993596e-06
iptat_first_-40: 6.545018e-06
iptat_first_0: 7.454594e-06
iptat_first_100: 9.616075e-06
iptat_first_125: 1.011116e-05
iptat_first_20: 7.908181e-06
iptat_first_40: 8.349956e-06
iptat_first_60: 8.782527e-06
iptat_first_80: 9.206654e-06
iptat_second_-20: 4.89516e-06
iptat_second_-40: 4.451266e-06
iptat_second_0: 5.314203e-06
iptat_second_100: 7.028061e-06
iptat_second_125: 7.334878e-06
iptat_second_20: 5.714041e-06
iptat_second_40: 6.08911e-06
iptat_second_60: 6.434591e-06
iptat_second_80: 6.745318e-06
pwrup_fall_-20: 8.410152e-05
pwrup_fall_-40: 8.460152e-05
pwrup_fall_0: 8.365152e-05
pwrup_fall_100: 8.525152e-05
pwrup_fall_125: 8.505152e-05
pwrup_fall_20: 8.310152e-05
pwrup_fall_40: 8.455152e-05
pwrup_fall_60: 8.465152e-05
pwrup_fall_80: 9.100152e-05
pwrup_rise_-20: 2.5152e-07
pwrup_rise_-40: 2.5152e-07
pwrup_rise_0: 2.5152e-07
pwrup_rise_100: 2.5152e-07
pwrup_rise_125: 2.5152e-07
pwrup_rise_20: 2.5152e-07
pwrup_rise_40: 2.5152e-07
pwrup_rise_60: 2.5152e-07
pwrup_rise_80: 2.5152e-07
tmpcount1_-20: 0.173
tmpcount1_-40: 0.162
tmpcount1_0: 0.174
tmpcount1_100: 0.211
tmpcount1_125: 0.225
tmpcount1_20: 0.182
tmpcount1_40: 0.189
tmpcount1_60: 0.196
tmpcount1_80: 0.22
tmpcount2_-20: 0.115
tmpcount2_-40: 0.109
tmpcount2_0: 0.125
tmpcount2_100: 0.165
tmpcount2_125: 0.162
tmpcount2_20: 0.129
tmpcount2_40: 0.137
tmpcount2_60: 0.146
tmpcount2_80: 0.226
