caprst_fall_first_-20: 5.520152e-05
caprst_fall_first_-40: 5.535152e-05
caprst_fall_first_0: 5.500152e-05
caprst_fall_first_100: 5.500152e-05
caprst_fall_first_125: 5.525152e-05
caprst_fall_first_20: 5.490152e-05
caprst_fall_first_40: 5.490152e-05
caprst_fall_first_60: 5.495152e-05
caprst_fall_first_80: 5.500152e-05
caprst_fall_second_-20: 7.415152e-05
caprst_fall_second_-40: 7.420152e-05
caprst_fall_second_0: 7.390152e-05
caprst_fall_second_100: 7.380152e-05
caprst_fall_second_125: 7.575152e-05
caprst_fall_second_20: 7.370152e-05
caprst_fall_second_40: 7.370152e-05
caprst_fall_second_60: 7.375152e-05
caprst_fall_second_80: 7.380152e-05
caprst_rise_first_-20: 6.670152e-05
caprst_rise_first_-40: 6.675152e-05
caprst_rise_first_0: 6.645152e-05
caprst_rise_first_100: 6.635152e-05
caprst_rise_first_125: 6.830152e-05
caprst_rise_first_20: 6.625152e-05
caprst_rise_first_40: 6.625152e-05
caprst_rise_first_60: 6.630152e-05
caprst_rise_first_80: 6.635152e-05
caprst_rise_second_-20: 8.550152e-05
caprst_rise_second_-40: 8.555152e-05
caprst_rise_second_0: 8.530152e-05
caprst_rise_second_100: 8.535152e-05
caprst_rise_second_125: 8.710152e-05
caprst_rise_second_20: 8.505152e-05
caprst_rise_second_40: 8.505152e-05
caprst_rise_second_60: 8.510152e-05
caprst_rise_second_80: 8.515152e-05
ipc_setupincluded_-20: -9.493691e-05
ipc_setupincluded_-40: -9.230393e-05
ipc_setupincluded_0: -9.766171e-05
ipc_setupincluded_100: -0.0001111765
ipc_setupincluded_125: -0.0001143534
ipc_setupincluded_20: -0.0001005257
ipc_setupincluded_40: -0.0001032271
ipc_setupincluded_60: -0.0001058918
ipc_setupincluded_80: -0.0001084899
iptat_first_-20: 6.252811e-06
iptat_first_-40: 5.811974e-06
iptat_first_0: 6.694137e-06
iptat_first_100: 8.676987e-06
iptat_first_125: 9.101842e-06
iptat_first_20: 7.119083e-06
iptat_first_40: 7.534805e-06
iptat_first_60: 7.931407e-06
iptat_first_80: 8.31291e-06
iptat_second_-20: 5.663704e-06
iptat_second_-40: 5.2053e-06
iptat_second_0: 6.100609e-06
iptat_second_100: 7.98593e-06
iptat_second_125: 8.369246e-06
iptat_second_20: 6.521119e-06
iptat_second_40: 6.920924e-06
iptat_second_60: 7.297392e-06
iptat_second_80: 7.653872e-06
pwrup_fall_-20: 8.555152e-05
pwrup_fall_-40: 8.560152e-05
pwrup_fall_0: 8.535152e-05
pwrup_fall_100: 8.540152e-05
pwrup_fall_125: 8.715152e-05
pwrup_fall_20: 8.510152e-05
pwrup_fall_40: 8.510152e-05
pwrup_fall_60: 8.515152e-05
pwrup_fall_80: 8.520152e-05
pwrup_rise_-20: 2.5152e-07
pwrup_rise_-40: 2.5152e-07
pwrup_rise_0: 2.5152e-07
pwrup_rise_100: 2.5152e-07
pwrup_rise_125: 2.5152e-07
pwrup_rise_20: 2.5152e-07
pwrup_rise_40: 2.5152e-07
pwrup_rise_60: 2.5152e-07
pwrup_rise_80: 2.5152e-07
tmpcount1_-20: 0.144
tmpcount1_-40: 0.138
tmpcount1_0: 0.151
tmpcount1_100: 0.186
tmpcount1_125: 0.223
tmpcount1_20: 0.157
tmpcount1_40: 0.165
tmpcount1_60: 0.172
tmpcount1_80: 0.179
tmpcount2_-20: 0.129
tmpcount2_-40: 0.123
tmpcount2_0: 0.136
tmpcount2_100: 0.175
tmpcount2_125: 0.181
tmpcount2_20: 0.145
tmpcount2_40: 0.151
tmpcount2_60: 0.16
tmpcount2_80: 0.167
