caprst_fall_first_-20: 5.275152e-05
caprst_fall_first_-40: 5.290152e-05
caprst_fall_first_0: 5.275152e-05
caprst_fall_first_100: 5.320152e-05
caprst_fall_first_125: 5.340152e-05
caprst_fall_first_20: 5.285152e-05
caprst_fall_first_40: 5.285152e-05
caprst_fall_first_60: 5.300152e-05
caprst_fall_first_80: 5.310152e-05
caprst_fall_second_-20: 7.265152e-05
caprst_fall_second_-40: 7.275152e-05
caprst_fall_second_0: 7.260152e-05
caprst_fall_second_100: 7.305152e-05
caprst_fall_second_125: 7.325152e-05
caprst_fall_second_20: 7.270152e-05
caprst_fall_second_40: 7.270152e-05
caprst_fall_second_60: 7.285152e-05
caprst_fall_second_80: 7.295152e-05
caprst_rise_first_-20: 6.415152e-05
caprst_rise_first_-40: 6.425152e-05
caprst_rise_first_0: 6.410152e-05
caprst_rise_first_100: 6.455152e-05
caprst_rise_first_125: 6.475152e-05
caprst_rise_first_20: 6.420152e-05
caprst_rise_first_40: 6.420152e-05
caprst_rise_first_60: 6.435152e-05
caprst_rise_first_80: 6.445152e-05
caprst_rise_second_-20: 8.400152e-05
caprst_rise_second_-40: 8.410152e-05
caprst_rise_second_0: 8.395152e-05
caprst_rise_second_100: 8.440152e-05
caprst_rise_second_125: 8.460152e-05
caprst_rise_second_20: 8.405152e-05
caprst_rise_second_40: 8.405152e-05
caprst_rise_second_60: 8.425152e-05
caprst_rise_second_80: 8.430152e-05
ipc_setupincluded_-20: -9.71069e-05
ipc_setupincluded_-40: -9.457565e-05
ipc_setupincluded_0: -9.981951e-05
ipc_setupincluded_100: -0.0001130311
ipc_setupincluded_125: -0.0001166845
ipc_setupincluded_20: -0.000102287
ipc_setupincluded_40: -0.0001052391
ipc_setupincluded_60: -0.0001080465
ipc_setupincluded_80: -0.0001103674
iptat_first_-20: 6.219896e-06
iptat_first_-40: 5.7569e-06
iptat_first_0: 6.682273e-06
iptat_first_100: 8.806514e-06
iptat_first_125: 9.275303e-06
iptat_first_20: 7.135175e-06
iptat_first_40: 7.572159e-06
iptat_first_60: 7.999501e-06
iptat_first_80: 8.409713e-06
iptat_second_-20: 5.455247e-06
iptat_second_-40: 5.021501e-06
iptat_second_0: 5.868109e-06
iptat_second_100: 7.584948e-06
iptat_second_125: 7.911314e-06
iptat_second_20: 5.763919e-06
iptat_second_40: 6.628387e-06
iptat_second_60: 6.972875e-06
iptat_second_80: 7.292448e-06
pwrup_fall_-20: 8.405152e-05
pwrup_fall_-40: 8.415152e-05
pwrup_fall_0: 8.400152e-05
pwrup_fall_100: 8.445152e-05
pwrup_fall_125: 8.465152e-05
pwrup_fall_20: 8.410152e-05
pwrup_fall_40: 8.410152e-05
pwrup_fall_60: 8.430152e-05
pwrup_fall_80: 8.435152e-05
pwrup_rise_-20: 2.5152e-07
pwrup_rise_-40: 2.5152e-07
pwrup_rise_0: 2.5152e-07
pwrup_rise_100: 2.5152e-07
pwrup_rise_125: 2.5152e-07
pwrup_rise_20: 2.5152e-07
pwrup_rise_40: 2.5152e-07
pwrup_rise_60: 2.5152e-07
pwrup_rise_80: 2.5152e-07
tmpcount1_-20: 0.145
tmpcount1_-40: 0.139
tmpcount1_0: 0.151
tmpcount1_100: 0.19
tmpcount1_125: 0.199
tmpcount1_20: 0.16
tmpcount1_40: 0.168
tmpcount1_60: 0.175
tmpcount1_80: 0.183
tmpcount2_-20: 0.129
tmpcount2_-40: 0.122
tmpcount2_0: 0.136
tmpcount2_100: 0.168
tmpcount2_125: 0.175
tmpcount2_20: 0.13
tmpcount2_40: 0.151
tmpcount2_60: 0.157
tmpcount2_80: 0.162
