caprst_fall_first_-20: 5.370152e-05
caprst_fall_first_-40: 5.380152e-05
caprst_fall_first_0: 5.370152e-05
caprst_fall_first_100: 5.400152e-05
caprst_fall_first_125: 5.420152e-05
caprst_fall_first_20: 5.375152e-05
caprst_fall_first_40: 5.380152e-05
caprst_fall_first_60: 5.380152e-05
caprst_fall_first_80: 5.385152e-05
caprst_fall_second_-20: 7.250152e-05
caprst_fall_second_-40: 7.260152e-05
caprst_fall_second_0: 7.250152e-05
caprst_fall_second_100: 7.295152e-05
caprst_fall_second_125: 7.300152e-05
caprst_fall_second_20: 7.290152e-05
caprst_fall_second_40: 7.355152e-05
caprst_fall_second_60: 7.260152e-05
caprst_fall_second_80: 7.265152e-05
caprst_rise_first_-20: 6.505152e-05
caprst_rise_first_-40: 6.515152e-05
caprst_rise_first_0: 6.505152e-05
caprst_rise_first_100: 6.550152e-05
caprst_rise_first_125: 6.555152e-05
caprst_rise_first_20: 6.545152e-05
caprst_rise_first_40: 6.610152e-05
caprst_rise_first_60: 6.515152e-05
caprst_rise_first_80: 6.520152e-05
caprst_rise_second_-20: 8.385152e-05
caprst_rise_second_-40: 8.395152e-05
caprst_rise_second_0: 8.385152e-05
caprst_rise_second_100: 8.430152e-05
caprst_rise_second_125: 8.435152e-05
caprst_rise_second_20: 8.425152e-05
caprst_rise_second_40: 8.510152e-05
caprst_rise_second_60: 8.395152e-05
caprst_rise_second_80: 8.400152e-05
ipc_setupincluded_-20: -9.782837e-05
ipc_setupincluded_-40: -9.567808e-05
ipc_setupincluded_0: -9.994632e-05
ipc_setupincluded_100: -0.00011037
ipc_setupincluded_125: -0.000113589
ipc_setupincluded_20: -0.0001018886
ipc_setupincluded_40: -0.0001037644
ipc_setupincluded_60: -0.0001060231
ipc_setupincluded_80: -0.0001081247
iptat_first_-20: 6.527593e-06
iptat_first_-40: 6.072215e-06
iptat_first_0: 6.985738e-06
iptat_first_100: 9.022466e-06
iptat_first_125: 9.453321e-06
iptat_first_20: 7.428622e-06
iptat_first_40: 7.85815e-06
iptat_first_60: 8.266391e-06
iptat_first_80: 8.655388e-06
iptat_second_-20: 5.233229e-06
iptat_second_-40: 4.793182e-06
iptat_second_0: 5.655022e-06
iptat_second_100: 7.481893e-06
iptat_second_125: 7.858309e-06
iptat_second_20: 6.056849e-06
iptat_second_40: 6.44288e-06
iptat_second_60: 6.80828e-06
iptat_second_80: 7.15656e-06
pwrup_fall_-20: 8.390152e-05
pwrup_fall_-40: 8.400152e-05
pwrup_fall_0: 8.390152e-05
pwrup_fall_100: 8.435152e-05
pwrup_fall_125: 8.440152e-05
pwrup_fall_20: 8.430152e-05
pwrup_fall_40: 8.515152e-05
pwrup_fall_60: 8.400152e-05
pwrup_fall_80: 8.405152e-05
pwrup_rise_-20: 2.5152e-07
pwrup_rise_-40: 2.5152e-07
pwrup_rise_0: 2.5152e-07
pwrup_rise_100: 2.5152e-07
pwrup_rise_125: 2.5152e-07
pwrup_rise_20: 2.5152e-07
pwrup_rise_40: 2.5152e-07
pwrup_rise_60: 2.5152e-07
pwrup_rise_80: 2.5152e-07
tmpcount1_-20: 0.151
tmpcount1_-40: 0.146
tmpcount1_0: 0.16
tmpcount1_100: 0.199
tmpcount1_125: 0.206
tmpcount1_20: 0.172
tmpcount1_40: 0.189
tmpcount1_60: 0.183
tmpcount1_80: 0.189
tmpcount2_-20: 0.122
tmpcount2_-40: 0.113
tmpcount2_0: 0.129
tmpcount2_100: 0.165
tmpcount2_125: 0.172
tmpcount2_20: 0.136
tmpcount2_40: 0.146
tmpcount2_60: 0.151
tmpcount2_80: 0.157
