caprst_fall_first_-20: 5.245152e-05
caprst_fall_first_-40: 5.275152e-05
caprst_fall_first_0: 5.225152e-05
caprst_fall_first_100: 5.380152e-05
caprst_fall_first_125: 5.395152e-05
caprst_fall_first_20: 5.210152e-05
caprst_fall_first_40: 5.200152e-05
caprst_fall_first_60: 5.375152e-05
caprst_fall_first_80: 5.365152e-05
caprst_fall_second_-20: 7.310152e-05
caprst_fall_second_-40: 7.350152e-05
caprst_fall_second_0: 7.255152e-05
caprst_fall_second_100: 7.375152e-05
caprst_fall_second_125: 7.415152e-05
caprst_fall_second_20: 7.225152e-05
caprst_fall_second_40: 7.200152e-05
caprst_fall_second_60: 7.370152e-05
caprst_fall_second_80: 7.540152e-05
caprst_rise_first_-20: 6.380152e-05
caprst_rise_first_-40: 6.410152e-05
caprst_rise_first_0: 6.360152e-05
caprst_rise_first_100: 6.515152e-05
caprst_rise_first_125: 6.555152e-05
caprst_rise_first_20: 6.345152e-05
caprst_rise_first_40: 6.335152e-05
caprst_rise_first_60: 6.510152e-05
caprst_rise_first_80: 6.680152e-05
caprst_rise_second_-20: 8.445152e-05
caprst_rise_second_-40: 8.485152e-05
caprst_rise_second_0: 8.390152e-05
caprst_rise_second_100: 8.510152e-05
caprst_rise_second_125: 8.550152e-05
caprst_rise_second_20: 8.360152e-05
caprst_rise_second_40: 8.440152e-05
caprst_rise_second_60: 8.520152e-05
caprst_rise_second_80: 8.675152e-05
ipc_setupincluded_-20: -9.369385e-05
ipc_setupincluded_-40: -9.147863e-05
ipc_setupincluded_0: -9.571129e-05
ipc_setupincluded_100: -0.0001038427
ipc_setupincluded_125: -0.0001061034
ipc_setupincluded_20: -9.75585e-05
ipc_setupincluded_40: -9.902467e-05
ipc_setupincluded_60: -0.0001008087
ipc_setupincluded_80: -0.0001021114
iptat_first_-20: 7.045405e-06
iptat_first_-40: 6.596466e-06
iptat_first_0: 7.488396e-06
iptat_first_100: 9.47288e-06
iptat_first_125: 9.891554e-06
iptat_first_20: 7.920385e-06
iptat_first_40: 8.334784e-06
iptat_first_60: 8.731437e-06
iptat_first_80: 9.111559e-06
iptat_second_-20: 4.783711e-06
iptat_second_-40: 4.340481e-06
iptat_second_0: 5.212469e-06
iptat_second_100: 7.068809e-06
iptat_second_125: 7.446831e-06
iptat_second_20: 5.625497e-06
iptat_second_40: 6.018479e-06
iptat_second_60: 6.390737e-06
iptat_second_80: 6.740321e-06
pwrup_fall_-20: 8.450152e-05
pwrup_fall_-40: 8.490152e-05
pwrup_fall_0: 8.395152e-05
pwrup_fall_100: 8.515152e-05
pwrup_fall_125: 8.555152e-05
pwrup_fall_20: 8.365152e-05
pwrup_fall_40: 8.445152e-05
pwrup_fall_60: 8.525152e-05
pwrup_fall_80: 8.680152e-05
pwrup_rise_-20: 2.5152e-07
pwrup_rise_-40: 2.5152e-07
pwrup_rise_0: 2.5152e-07
pwrup_rise_100: 2.5152e-07
pwrup_rise_125: 2.5152e-07
pwrup_rise_20: 2.5152e-07
pwrup_rise_40: 2.5152e-07
pwrup_rise_60: 2.5152e-07
pwrup_rise_80: 2.5152e-07
tmpcount1_-20: 0.158
tmpcount1_-40: 0.152
tmpcount1_0: 0.165
tmpcount1_100: 0.199
tmpcount1_125: 0.211
tmpcount1_20: 0.172
tmpcount1_40: 0.179
tmpcount1_60: 0.186
tmpcount1_80: 0.225
tmpcount2_-20: 0.112
tmpcount2_-40: 0.104
tmpcount2_0: 0.119
tmpcount2_100: 0.156
tmpcount2_125: 0.164
tmpcount2_20: 0.128
tmpcount2_40: 0.148
tmpcount2_60: 0.145
tmpcount2_80: 0.151
