caprst_fall_first_-20: 5.840152e-05
caprst_fall_first_0: 5.810152e-05
caprst_fall_first_100: 6.000152e-05
caprst_fall_first_125: 6.020152e-05
caprst_fall_first_20: 5.930152e-05
caprst_fall_first_40: 5.855152e-05
caprst_fall_first_60: 5.850152e-05
caprst_fall_first_80: 5.850152e-05
caprst_fall_second_-20: 7.825152e-05
caprst_fall_second_0: 7.690152e-05
caprst_fall_second_100: 7.880152e-05
caprst_fall_second_125: 7.905152e-05
caprst_fall_second_20: 7.920152e-05
caprst_fall_second_40: 7.760152e-05
caprst_fall_second_60: 7.730152e-05
caprst_fall_second_80: 7.730152e-05
caprst_rise_first_-20: 6.975152e-05
caprst_rise_first_0: 6.945152e-05
caprst_rise_first_100: 7.135152e-05
caprst_rise_first_125: 7.160152e-05
caprst_rise_first_20: 7.070152e-05
caprst_rise_first_40: 7.015152e-05
caprst_rise_first_60: 6.985152e-05
caprst_rise_first_80: 6.985152e-05
caprst_rise_second_-20: 8.980152e-05
caprst_rise_second_0: 8.825152e-05
caprst_rise_second_100: 9.015152e-05
caprst_rise_second_125: 9.040152e-05
caprst_rise_second_20: 9.055152e-05
caprst_rise_second_40: 8.895152e-05
caprst_rise_second_60: 8.975152e-05
caprst_rise_second_80: 8.870152e-05
ipc_setupincluded_-20: -0.0001053985
ipc_setupincluded_0: -0.0001080874
ipc_setupincluded_100: -0.0001290788
ipc_setupincluded_125: -0.0001400899
ipc_setupincluded_20: -0.0001104736
ipc_setupincluded_40: -0.0001136471
ipc_setupincluded_60: -0.0001169412
ipc_setupincluded_80: -0.0001223429
iptat_first_-20: 6.037268e-06
iptat_first_0: 6.45371e-06
iptat_first_100: 8.361336e-06
iptat_first_125: 8.770062e-06
iptat_first_20: 6.866616e-06
iptat_first_40: 7.268028e-06
iptat_first_60: 7.652072e-06
iptat_first_80: 8.016074e-06
iptat_second_-20: 5.751376e-06
iptat_second_0: 6.211561e-06
iptat_second_100: 8.193927e-06
iptat_second_125: 8.608968e-06
iptat_second_20: 6.648668e-06
iptat_second_40: 7.067278e-06
iptat_second_60: 7.462183e-06
iptat_second_80: 7.837378e-06
pwrup_fall_-20: 8.985152e-05
pwrup_fall_0: 8.830152e-05
pwrup_fall_100: 9.020152e-05
pwrup_fall_125: 9.045152e-05
pwrup_fall_20: 9.060152e-05
pwrup_fall_40: 8.900152e-05
pwrup_fall_60: 8.980152e-05
pwrup_fall_80: 8.875152e-05
pwrup_rise_-20: 2.5152e-07
pwrup_rise_-40: 2.5152e-07
pwrup_rise_0: 2.5152e-07
pwrup_rise_100: 2.5152e-07
pwrup_rise_125: 2.5152e-07
pwrup_rise_20: 2.5152e-07
pwrup_rise_40: 2.5152e-07
pwrup_rise_60: 2.5152e-07
pwrup_rise_80: 2.5152e-07
tmpcount1_-20: 0.1297895
tmpcount1_0: 0.1373684
tmpcount1_100: 0.1733684
tmpcount1_125: 0.18
tmpcount1_20: 0.1458947
tmpcount1_40: 0.1553684
tmpcount1_60: 0.1601053
tmpcount1_80: 0.1657895
tmpcount2_-20: 0.126
tmpcount2_0: 0.1326316
tmpcount2_100: 0.1714737
tmpcount2_125: 0.1790526
tmpcount2_20: 0.1421053
tmpcount2_40: 0.1487368
tmpcount2_60: 0.1714737
tmpcount2_80: 0.1638947
caprst_fall_first_-40: 5.955152e-05
caprst_fall_second_-40: 7.940152e-05
caprst_rise_first_-40: 7.090152e-05
caprst_rise_second_-40: 9.080152e-05
ipc_setupincluded_-40: -0.0001042978
iptat_first_-40: 5.62862e-06
iptat_second_-40: 5.256958e-06
pwrup_fall_-40: 9.085152e-05
pwrup_rise_-40: 2.5152e-07
tmpcount1_-40: 0.1222105
tmpcount2_-40: 0.1146316