caprst_fall_first_-20: 5.780152e-05
caprst_fall_first_-40: 5.820152e-05
caprst_fall_first_0: 5.760152e-05
caprst_fall_first_100: 5.820152e-05
caprst_fall_first_125: 5.835152e-05
caprst_fall_first_20: 5.740152e-05
caprst_fall_first_40: 5.735152e-05
caprst_fall_first_60: 5.875152e-05
caprst_fall_first_80: 5.880152e-05
caprst_fall_second_-20: 7.795152e-05
caprst_fall_second_-40: 7.805152e-05
caprst_fall_second_0: 7.745152e-05
caprst_fall_second_100: 7.805152e-05
caprst_fall_second_125: 7.820152e-05
caprst_fall_second_20: 7.730152e-05
caprst_fall_second_40: 7.720152e-05
caprst_fall_second_60: 7.860152e-05
caprst_fall_second_80: 7.865152e-05
caprst_rise_first_-20: 6.945152e-05
caprst_rise_first_-40: 6.955152e-05
caprst_rise_first_0: 6.895152e-05
caprst_rise_first_100: 6.955152e-05
caprst_rise_first_125: 6.970152e-05
caprst_rise_first_20: 6.880152e-05
caprst_rise_first_40: 6.870152e-05
caprst_rise_first_60: 7.010152e-05
caprst_rise_first_80: 7.015152e-05
caprst_rise_second_-20: 8.930152e-05
caprst_rise_second_-40: 8.940152e-05
caprst_rise_second_0: 8.880152e-05
caprst_rise_second_100: 9.040152e-05
caprst_rise_second_125: 8.960152e-05
caprst_rise_second_20: 8.870152e-05
caprst_rise_second_40: 8.880152e-05
caprst_rise_second_60: 8.995152e-05
caprst_rise_second_80: 9.000152e-05
ipc_setupincluded_-20: -8.692884e-05
ipc_setupincluded_-40: -8.464245e-05
ipc_setupincluded_0: -8.91205e-05
ipc_setupincluded_100: -9.854314e-05
ipc_setupincluded_125: -0.0001022968
ipc_setupincluded_20: -9.10143e-05
ipc_setupincluded_40: -9.280194e-05
ipc_setupincluded_60: -9.464584e-05
ipc_setupincluded_80: -9.665587e-05
iptat_first_-20: 6.019874e-06
iptat_first_-40: 5.584958e-06
iptat_first_0: 6.45124e-06
iptat_first_100: 8.379658e-06
iptat_first_125: 8.778205e-06
iptat_first_20: 6.87605e-06
iptat_first_40: 7.279919e-06
iptat_first_60: 7.66972e-06
iptat_first_80: 8.033781e-06
iptat_second_-20: 5.759346e-06
iptat_second_-40: 5.293601e-06
iptat_second_0: 6.201323e-06
iptat_second_100: 8.12311e-06
iptat_second_125: 8.526559e-06
iptat_second_20: 6.625673e-06
iptat_second_40: 7.028655e-06
iptat_second_60: 7.413667e-06
iptat_second_80: 7.778717e-06
pwrup_fall_-20: 8.935152e-05
pwrup_fall_-40: 8.945152e-05
pwrup_fall_0: 8.885152e-05
pwrup_fall_100: 9.045152e-05
pwrup_fall_125: 8.965152e-05
pwrup_fall_20: 8.875152e-05
pwrup_fall_40: 8.885152e-05
pwrup_fall_60: 9.000152e-05
pwrup_fall_80: 9.005152e-05
pwrup_rise_-20: 2.5152e-07
pwrup_rise_-40: 2.5152e-07
pwrup_rise_0: 2.5152e-07
pwrup_rise_100: 2.5152e-07
pwrup_rise_125: 2.5152e-07
pwrup_rise_20: 2.5152e-07
pwrup_rise_40: 2.5152e-07
pwrup_rise_60: 2.5152e-07
pwrup_rise_80: 2.5152e-07
tmpcount1_-20: 0.1450588
tmpcount1_-40: 0.1334118
tmpcount1_0: 0.1492941
tmpcount1_100: 0.1905882
tmpcount1_125: 0.198
tmpcount1_20: 0.1609412
tmpcount1_40: 0.1672941
tmpcount1_60: 0.1757647
tmpcount1_80: 0.1831765
tmpcount2_-20: 0.1365882
tmpcount2_-40: 0.126
tmpcount2_0: 0.1461176
tmpcount2_100: 0.2032941
tmpcount2_125: 0.1948235
tmpcount2_20: 0.1556471
tmpcount2_40: 0.1662353
tmpcount2_60: 0.1715294
tmpcount2_80: 0.18
