caprst_fall_first_-20: 5.900152e-05
caprst_fall_first_-40: 6.100152e-05
caprst_fall_first_0: 5.745152e-05
caprst_fall_first_100: 5.615152e-05
caprst_fall_first_125: 5.665152e-05
caprst_fall_first_20: 5.700152e-05
caprst_fall_first_40: 5.580152e-05
caprst_fall_first_60: 5.565152e-05
caprst_fall_first_80: 5.560152e-05
caprst_fall_second_-20: 0.0001607515
caprst_fall_second_-40: 0.0001644015
caprst_fall_second_0: 0.0001634515
caprst_fall_second_100: 0.0001546515
caprst_fall_second_125: 0.0001557015
caprst_fall_second_20: 0.0001564015
caprst_fall_second_40: 0.0001542015
caprst_fall_second_60: 0.0001538515
caprst_fall_second_80: 0.0001534515
caprst_rise_first_-20: 0.0001095015
caprst_rise_first_-40: 0.0001112515
caprst_rise_first_0: 0.0001137515
caprst_rise_first_100: 0.0001064015
caprst_rise_first_125: 0.0001071015
caprst_rise_first_20: 0.0001071015
caprst_rise_first_40: 0.0001060515
caprst_rise_first_60: 0.0001061015
caprst_rise_first_80: 0.0001056515
caprst_rise_second_-20: 0.0002113015
caprst_rise_second_-40: 0.0002146015
caprst_rise_second_0: 0.0002139015
caprst_rise_second_100: 0.0002054515
caprst_rise_second_125: 0.0002057515
caprst_rise_second_20: 0.0002068515
caprst_rise_second_40: 0.0002043015
caprst_rise_second_60: 0.0002043515
caprst_rise_second_80: 0.0002038015
iptat_first_-20: 7.811387e-06
iptat_first_-40: 7.38498e-06
iptat_first_0: 8.247774e-06
iptat_first_100: 1.03222e-05
iptat_first_125: 1.077666e-05
iptat_first_20: 8.681138e-06
iptat_first_40: 9.088902e-06
iptat_first_60: 9.50854e-06
iptat_first_80: 9.926955e-06
iptat_second_-20: 4.24611e-06
iptat_second_-40: 3.787575e-06
iptat_second_0: 4.676351e-06
iptat_second_100: 6.443678e-06
iptat_second_125: 6.732035e-06
iptat_second_20: 5.096928e-06
iptat_second_40: 5.500083e-06
iptat_second_60: 5.846322e-06
iptat_second_80: 6.20134e-06
tmpcount1_-20: 0.213
tmpcount1_-40: 0.206
tmpcount1_0: 0.25
tmpcount1_100: 0.255
tmpcount1_125: 0.255
tmpcount1_20: 0.223
tmpcount1_40: 0.229
tmpcount1_60: 0.236
tmpcount1_80: 0.25
tmpcount2_-20: 0.114
tmpcount2_-40: 0.106
tmpcount2_0: 0.124
tmpcount2_100: 0.165
tmpcount2_125: 0.166
tmpcount2_20: 0.13
tmpcount2_40: 0.138
tmpcount2_60: 0.15
tmpcount2_80: 0.156
