isnk_20: 6.0e-07
isrc_20: 6.0e-07
vctrl_20: 0.4341073
vctrlmax_20: 0.4490506
vctrlmin_20: 0.4201352
vref_20: 0.6205049
