isnk_20: 6.0e-07
isrc_20: 6.0e-07
vctrl_20: 0.426323
vctrlmax_20: 0.4465938
vctrlmin_20: 0.4071704
vref_20: 0.6240747
