isnk_20: 6.0e-07
isrc_20: 6.0e-07
vctrl_20: 0.4419997
vctrlmax_20: 0.4782365
vctrlmin_20: 0.4044116
vref_20: 0.6058088
