isnk_20: 6.0e-07
isrc_20: 6.0e-07
vctrl_20: 0.4348889
vctrlmax_20: 0.441637
vctrlmin_20: 0.4288235
vref_20: 0.6048399
