isnk_20: 6.0e-07
isrc_20: 6.0e-07
vctrl_20: 0.4404142
vctrlmax_20: 0.462747
vctrlmin_20: 0.4180705
vref_20: 0.6036925
