isnk_20: 6.0e-07
isrc_20: 6.0e-07
vctrl_20: 0.4317502
vctrlmax_20: 0.4472135
vctrlmin_20: 0.417269
vref_20: 0.6079561
