isnk_20: 6.0e-07
isrc_20: 6.0e-07
vctrl_20: 0.4360313
vctrlmax_20: 0.4574398
vctrlmin_20: 0.4164402
vref_20: 0.614164
