isnk_20: 6.0e-07
isrc_20: 6.0e-07
vctrl_20: 0.4303349
vctrlmax_20: 0.4457824
vctrlmin_20: 0.4158823
vref_20: 0.6096869
