isnk_20: 6.0e-07
isrc_20: 6.0e-07
vctrl_20: 0.4340525
vctrlmax_20: 0.4693922
vctrlmin_20: 0.3998
vref_20: 0.6266071
