isnk_20: 6.0e-07
isrc_20: 6.0e-07
vctrl_20: 0.4329697
vctrlmax_20: 0.4750053
vctrlmin_20: 0.3921498
vref_20: 0.603756
