isnk_20: 6.0e-07
isrc_20: 6.0e-07
vctrl_20: 0.4368291
vctrlmax_20: 0.4846427
vctrlmin_20: 0.3883672
vref_20: 0.6070369
