isnk_20: 6.0e-07
isrc_20: 6.0e-07
vctrl_20: 0.4342309
vctrlmax_20: 0.4472655
vctrlmin_20: 0.4222087
vref_20: 0.6155254
