isnk_20: 6.0e-07
isrc_20: 6.0e-07
vctrl_20: 0.4359231
vctrlmax_20: 0.4585522
vctrlmin_20: 0.4145867
vref_20: 0.6107727
