isnk_20: 6.0e-07
isrc_20: 6.0e-07
vctrl_20: 0.4330382
vctrlmax_20: 0.4435528
vctrlmin_20: 0.4232131
vref_20: 0.6212059
