isnk_20: 6.0e-07
isrc_20: 6.0e-07
vctrl_20: 0.4388406
vctrlmax_20: 0.4487676
vctrlmin_20: 0.4297807
vref_20: 0.615378
