isnk_20: 6.0e-07
isrc_20: 6.0e-07
vctrl_20: 0.429878
vctrlmax_20: 0.4442116
vctrlmin_20: 0.4169907
vref_20: 0.6095029
