isnk_20: 6.0e-07
isrc_20: 6.0e-07
vctrl_20: 0.4363547
vctrlmax_20: 0.4563282
vctrlmin_20: 0.4170596
vref_20: 0.6147049
