isnk_20: 6.0e-07
isrc_20: 6.0e-07
vctrl_20: 0.4318802
vctrlmax_20: 0.456391
vctrlmin_20: 0.4094799
vref_20: 0.6082388
