isnk_20: 6.0e-07
isrc_20: 6.0e-07
vctrl_20: 0.4298128
vctrlmax_20: 0.4496084
vctrlmin_20: 0.4106721
vref_20: 0.6198209
