isnk_20: 6.0e-07
isrc_20: 6.0e-07
vctrl_20: 0.4294268
vctrlmax_20: 0.4333287
vctrlmin_20: 0.4259756
vref_20: 0.6337454
