isnk_20: 6.0e-07
isrc_20: 6.0e-07
vctrl_20: 0.4331532
vctrlmax_20: 0.439357
vctrlmin_20: 0.4275582
vref_20: 0.6199913
