isnk_20: 6.0e-07
isrc_20: 6.0e-07
vctrl_20: 0.4331651
vctrlmax_20: 0.4614582
vctrlmin_20: 0.4059308
vref_20: 0.6209814
