isnk_20: 6.0e-07
isrc_20: 6.0e-07
vctrl_20: 0.4412485
vctrlmax_20: 0.4505557
vctrlmin_20: 0.4328776
vref_20: 0.5959989
