isnk_20: 6.0e-07
isrc_20: 6.0e-07
vctrl_20: 0.4375285
vctrlmax_20: 0.4734549
vctrlmin_20: 0.4005864
vref_20: 0.6087457
