isnk_20: 6.0e-07
isrc_20: 6.0e-07
vctrl_20: 0.4345602
vctrlmax_20: 0.4435483
vctrlmin_20: 0.4264017
vref_20: 0.6120025
