isnk_20: 6.0e-07
isrc_20: 6.0e-07
vctrl_20: 0.4373616
vctrlmax_20: 0.4447672
vctrlmin_20: 0.4303222
vref_20: 0.6016488
