isnk_20: 6.0e-07
isrc_20: 6.0e-07
vctrl_20: 0.435949
vctrlmax_20: 0.4447878
vctrlmin_20: 0.427844
vref_20: 0.6180703
