caprst_fall_first_-20: 4.880152e-05
caprst_fall_first_-40: 4.945152e-05
caprst_fall_first_0: 4.860152e-05
caprst_fall_first_100: 4.825152e-05
caprst_fall_first_125: 4.840152e-05
caprst_fall_first_20: 4.855152e-05
caprst_fall_first_40: 4.810152e-05
caprst_fall_first_60: 4.800152e-05
caprst_fall_first_80: 4.805152e-05
caprst_fall_second_-20: 0.0001104515
caprst_fall_second_-40: 0.0001116015
caprst_fall_second_0: 0.0001099515
caprst_fall_second_100: 0.0001085015
caprst_fall_second_125: 0.0001086515
caprst_fall_second_20: 0.0001096515
caprst_fall_second_40: 0.0001087515
caprst_fall_second_60: 0.0001082015
caprst_fall_second_80: 0.0001086515
caprst_rise_first_-20: 6.910152e-05
caprst_rise_first_-40: 6.955152e-05
caprst_rise_first_0: 6.880152e-05
caprst_rise_first_100: 6.830152e-05
caprst_rise_first_125: 6.845152e-05
caprst_rise_first_20: 6.860152e-05
caprst_rise_first_40: 6.815152e-05
caprst_rise_first_60: 6.805152e-05
caprst_rise_first_80: 6.835152e-05
caprst_rise_second_-20: 0.0001316015
caprst_rise_second_-40: 0.0001318015
caprst_rise_second_0: 0.0001311015
caprst_rise_second_100: 0.0001288515
caprst_rise_second_125: 0.0001295515
caprst_rise_second_20: 0.0001303515
caprst_rise_second_40: 0.0001288515
caprst_rise_second_60: 0.0001292515
caprst_rise_second_80: 0.0001290515
iptat_first_-20: 7.254308e-06
iptat_first_-40: 6.800844e-06
iptat_first_0: 7.691127e-06
iptat_first_100: 9.705254e-06
iptat_first_125: 1.014477e-05
iptat_first_20: 8.134259e-06
iptat_first_40: 8.554811e-06
iptat_first_60: 8.960689e-06
iptat_first_80: 9.317488e-06
iptat_second_-20: 4.66888e-06
iptat_second_-40: 4.244734e-06
iptat_second_0: 5.071854e-06
iptat_second_100: 6.952075e-06
iptat_second_125: 7.270351e-06
iptat_second_20: 5.479474e-06
iptat_second_40: 5.88259e-06
iptat_second_60: 6.25546e-06
iptat_second_80: 6.582193e-06
tmpcount1_-20: 0.076
tmpcount1_-40: 0.073
tmpcount1_0: 0.078
tmpcount1_100: 0.094
tmpcount1_125: 0.1
tmpcount1_20: 0.08
tmpcount1_40: 0.084
tmpcount1_60: 0.089
tmpcount1_80: 0.092
tmpcount2_-20: 0.049
tmpcount2_-40: 0.046
tmpcount2_0: 0.052
tmpcount2_100: 0.069
tmpcount2_125: 0.074
tmpcount2_20: 0.055
tmpcount2_40: 0.057
tmpcount2_60: 0.065
tmpcount2_80: 0.065
