caprst_fall_first_-20: 4.775152e-05
caprst_fall_first_-40: 4.795152e-05
caprst_fall_first_0: 4.715152e-05
caprst_fall_first_100: 4.880152e-05
caprst_fall_first_125: 4.980152e-05
caprst_fall_first_20: 4.720152e-05
caprst_fall_first_40: 4.725152e-05
caprst_fall_first_60: 4.785152e-05
caprst_fall_first_80: 4.810152e-05
caprst_fall_second_-20: 0.0001067015
caprst_fall_second_-40: 0.0001065515
caprst_fall_second_0: 0.0001050515
caprst_fall_second_100: 0.0001075515
caprst_fall_second_125: 0.0001092515
caprst_fall_second_20: 0.0001046515
caprst_fall_second_40: 0.0001047515
caprst_fall_second_60: 0.0001058515
caprst_fall_second_80: 0.0001062515
caprst_rise_first_-20: 6.855152e-05
caprst_rise_first_-40: 6.815152e-05
caprst_rise_first_0: 6.745152e-05
caprst_rise_first_100: 6.890152e-05
caprst_rise_first_125: 6.995152e-05
caprst_rise_first_20: 6.725152e-05
caprst_rise_first_40: 6.730152e-05
caprst_rise_first_60: 6.795152e-05
caprst_rise_first_80: 6.825152e-05
caprst_rise_second_-20: 0.0001268015
caprst_rise_second_-40: 0.0001266515
caprst_rise_second_0: 0.0001251015
caprst_rise_second_100: 0.0001278015
caprst_rise_second_125: 0.0001293515
caprst_rise_second_20: 0.0001249015
caprst_rise_second_40: 0.0001248515
caprst_rise_second_60: 0.0001259015
caprst_rise_second_80: 0.0001263515
iptat_first_-20: 6.713928e-06
iptat_first_-40: 6.266067e-06
iptat_first_0: 7.17643e-06
iptat_first_100: 9.340894e-06
iptat_first_125: 9.861085e-06
iptat_first_20: 7.622703e-06
iptat_first_40: 8.065108e-06
iptat_first_60: 8.50703e-06
iptat_first_80: 8.947303e-06
iptat_second_-20: 5.159052e-06
iptat_second_-40: 4.728965e-06
iptat_second_0: 5.587362e-06
iptat_second_100: 7.295077e-06
iptat_second_125: 7.607187e-06
iptat_second_20: 5.982521e-06
iptat_second_40: 6.364262e-06
iptat_second_60: 6.696339e-06
iptat_second_80: 7.016771e-06
tmpcount1_-20: 0.075
tmpcount1_-40: 0.07
tmpcount1_0: 0.075
tmpcount1_100: 0.092
tmpcount1_125: 0.097
tmpcount1_20: 0.077
tmpcount1_40: 0.08
tmpcount1_60: 0.084
tmpcount1_80: 0.088
tmpcount2_-20: 0.054
tmpcount2_-40: 0.053
tmpcount2_0: 0.057
tmpcount2_100: 0.074
tmpcount2_125: 0.075
tmpcount2_20: 0.061
tmpcount2_40: 0.065
tmpcount2_60: 0.067
tmpcount2_80: 0.07
