caprst_fall_first_-20: 4.775152e-05
caprst_fall_first_-40: 4.840152e-05
caprst_fall_first_0: 4.775152e-05
caprst_fall_first_100: 4.910152e-05
caprst_fall_first_125: 4.955152e-05
caprst_fall_first_20: 4.765152e-05
caprst_fall_first_40: 4.775152e-05
caprst_fall_first_60: 4.780152e-05
caprst_fall_first_80: 4.795152e-05
caprst_fall_second_-20: 0.0001094515
caprst_fall_second_-40: 0.0001116515
caprst_fall_second_0: 0.0001091515
caprst_fall_second_100: 0.0001114015
caprst_fall_second_125: 0.0001120015
caprst_fall_second_20: 0.0001088015
caprst_fall_second_40: 0.0001089015
caprst_fall_second_60: 0.0001088515
caprst_fall_second_80: 0.0001089015
caprst_rise_first_-20: 6.810152e-05
caprst_rise_first_-40: 6.950152e-05
caprst_rise_first_0: 6.795152e-05
caprst_rise_first_100: 6.925152e-05
caprst_rise_first_125: 6.960152e-05
caprst_rise_first_20: 6.775152e-05
caprst_rise_first_40: 6.795152e-05
caprst_rise_first_60: 6.800152e-05
caprst_rise_first_80: 6.805152e-05
caprst_rise_second_-20: 0.0001296515
caprst_rise_second_-40: 0.0001317015
caprst_rise_second_0: 0.0001292515
caprst_rise_second_100: 0.0001315015
caprst_rise_second_125: 0.0001321015
caprst_rise_second_20: 0.0001290515
caprst_rise_second_40: 0.0001289515
caprst_rise_second_60: 0.0001290015
caprst_rise_second_80: 0.0001290015
iptat_first_-20: 7.238038e-06
iptat_first_-40: 6.77999e-06
iptat_first_0: 7.684774e-06
iptat_first_100: 9.772498e-06
iptat_first_125: 1.027505e-05
iptat_first_20: 8.102176e-06
iptat_first_40: 8.541524e-06
iptat_first_60: 8.94595e-06
iptat_first_80: 9.371134e-06
iptat_second_-20: 4.532319e-06
iptat_second_-40: 4.124095e-06
iptat_second_0: 4.951988e-06
iptat_second_100: 6.633101e-06
iptat_second_125: 6.968293e-06
iptat_second_20: 5.382651e-06
iptat_second_40: 5.742973e-06
iptat_second_60: 6.071394e-06
iptat_second_80: 6.36218e-06
tmpcount1_-20: 0.077
tmpcount1_-40: 0.076
tmpcount1_0: 0.078
tmpcount1_100: 0.096
tmpcount1_125: 0.1
tmpcount1_20: 0.081
tmpcount1_40: 0.085
tmpcount1_60: 0.089
tmpcount1_80: 0.091
tmpcount2_-20: 0.047
tmpcount2_-40: 0.043
tmpcount2_0: 0.05
tmpcount2_100: 0.065
tmpcount2_125: 0.068
tmpcount2_20: 0.055
tmpcount2_40: 0.058
tmpcount2_60: 0.061
tmpcount2_80: 0.064
