caprst_fall_first_-20: 4.635152e-05
caprst_fall_first_-40: 4.645152e-05
caprst_fall_first_0: 4.630152e-05
caprst_fall_first_100: 4.670152e-05
caprst_fall_first_125: 4.700152e-05
caprst_fall_first_20: 4.630152e-05
caprst_fall_first_40: 4.640152e-05
caprst_fall_first_60: 4.650152e-05
caprst_fall_first_80: 4.655152e-05
caprst_fall_second_-20: 0.0001033015
caprst_fall_second_-40: 0.0001034515
caprst_fall_second_0: 0.0001032515
caprst_fall_second_100: 0.0001039015
caprst_fall_second_125: 0.0001041515
caprst_fall_second_20: 0.0001033015
caprst_fall_second_40: 0.0001034015
caprst_fall_second_60: 0.0001034515
caprst_fall_second_80: 0.0001035015
caprst_rise_first_-20: 6.640152e-05
caprst_rise_first_-40: 6.655152e-05
caprst_rise_first_0: 6.635152e-05
caprst_rise_first_100: 6.700152e-05
caprst_rise_first_125: 6.725152e-05
caprst_rise_first_20: 6.640152e-05
caprst_rise_first_40: 6.650152e-05
caprst_rise_first_60: 6.655152e-05
caprst_rise_first_80: 6.660152e-05
caprst_rise_second_-20: 0.0001235015
caprst_rise_second_-40: 0.0001237015
caprst_rise_second_0: 0.0001233515
caprst_rise_second_100: 0.0001243515
caprst_rise_second_125: 0.0001243015
caprst_rise_second_20: 0.0001233515
caprst_rise_second_40: 0.0001235515
caprst_rise_second_60: 0.0001237015
caprst_rise_second_80: 0.0001235515
iptat_first_-20: 6.459367e-06
iptat_first_-40: 5.961625e-06
iptat_first_0: 6.942113e-06
iptat_first_100: 9.060067e-06
iptat_first_125: 9.48353e-06
iptat_first_20: 7.412592e-06
iptat_first_40: 7.877831e-06
iptat_first_60: 8.277096e-06
iptat_first_80: 8.68967e-06
iptat_second_-20: 5.443215e-06
iptat_second_-40: 5.00298e-06
iptat_second_0: 5.826498e-06
iptat_second_100: 7.661017e-06
iptat_second_125: 8.005343e-06
iptat_second_20: 6.22055e-06
iptat_second_40: 6.596384e-06
iptat_second_60: 6.974302e-06
iptat_second_80: 7.327138e-06
tmpcount1_-20: 0.066
tmpcount1_-40: 0.063
tmpcount1_0: 0.069
tmpcount1_100: 0.09
tmpcount1_125: 0.092
tmpcount1_20: 0.073
tmpcount1_40: 0.077
tmpcount1_60: 0.08
tmpcount1_80: 0.084
tmpcount2_-20: 0.057
tmpcount2_-40: 0.053
tmpcount2_0: 0.058
tmpcount2_100: 0.077
tmpcount2_125: 0.079
tmpcount2_20: 0.061
tmpcount2_40: 0.064
tmpcount2_60: 0.07
tmpcount2_80: 0.073
