caprst_fall_first_-20: 4.835152e-05
caprst_fall_first_-40: 4.860152e-05
caprst_fall_first_0: 4.830152e-05
caprst_fall_first_100: 4.950152e-05
caprst_fall_first_125: 5.105152e-05
caprst_fall_first_20: 4.805152e-05
caprst_fall_first_40: 4.845152e-05
caprst_fall_first_60: 4.860152e-05
caprst_fall_first_80: 4.875152e-05
caprst_fall_second_-20: 0.0001090515
caprst_fall_second_-40: 0.0001093015
caprst_fall_second_0: 0.0001089015
caprst_fall_second_100: 0.0001108515
caprst_fall_second_125: 0.0001133015
caprst_fall_second_20: 0.0001081015
caprst_fall_second_40: 0.0001087515
caprst_fall_second_60: 0.0001089015
caprst_fall_second_80: 0.0001091015
caprst_rise_first_-20: 6.870152e-05
caprst_rise_first_-40: 6.870152e-05
caprst_rise_first_0: 6.865152e-05
caprst_rise_first_100: 6.990152e-05
caprst_rise_first_125: 7.110152e-05
caprst_rise_first_20: 6.815152e-05
caprst_rise_first_40: 6.850152e-05
caprst_rise_first_60: 6.870152e-05
caprst_rise_first_80: 6.885152e-05
caprst_rise_second_-20: 0.0001293015
caprst_rise_second_-40: 0.0001295015
caprst_rise_second_0: 0.0001291015
caprst_rise_second_100: 0.0001309015
caprst_rise_second_125: 0.0001335015
caprst_rise_second_20: 0.0001282015
caprst_rise_second_40: 0.0001290015
caprst_rise_second_60: 0.0001292015
caprst_rise_second_80: 0.0001292015
iptat_first_-20: 7.030579e-06
iptat_first_-40: 6.568526e-06
iptat_first_0: 7.519514e-06
iptat_first_100: 9.765324e-06
iptat_first_125: 1.027597e-05
iptat_first_20: 7.981803e-06
iptat_first_40: 8.434067e-06
iptat_first_60: 8.874438e-06
iptat_first_80: 9.321555e-06
iptat_second_-20: 4.854994e-06
iptat_second_-40: 4.422507e-06
iptat_second_0: 5.263154e-06
iptat_second_100: 6.888174e-06
iptat_second_125: 7.125345e-06
iptat_second_20: 5.650138e-06
iptat_second_40: 5.983913e-06
iptat_second_60: 6.311522e-06
iptat_second_80: 6.620385e-06
tmpcount1_-20: 0.075
tmpcount1_-40: 0.071
tmpcount1_0: 0.078
tmpcount1_100: 0.097
tmpcount1_125: 0.1
tmpcount1_20: 0.08
tmpcount1_40: 0.084
tmpcount1_60: 0.089
tmpcount1_80: 0.091
tmpcount2_-20: 0.052
tmpcount2_-40: 0.049
tmpcount2_0: 0.053
tmpcount2_100: 0.069
tmpcount2_125: 0.07
tmpcount2_20: 0.056
tmpcount2_40: 0.059
tmpcount2_60: 0.064
tmpcount2_80: 0.067
