caprst_fall_first_-20: 4.550152e-05
caprst_fall_first_-40: 4.560152e-05
caprst_fall_first_0: 4.550152e-05
caprst_fall_first_100: 4.590152e-05
caprst_fall_first_125: 4.615152e-05
caprst_fall_first_20: 4.545152e-05
caprst_fall_first_40: 4.550152e-05
caprst_fall_first_60: 4.565152e-05
caprst_fall_first_80: 4.575152e-05
caprst_fall_second_-20: 0.0001032015
caprst_fall_second_-40: 0.0001034515
caprst_fall_second_0: 0.0001033015
caprst_fall_second_100: 0.0001030015
caprst_fall_second_125: 0.0001040515
caprst_fall_second_20: 0.0001031515
caprst_fall_second_40: 0.0001029515
caprst_fall_second_60: 0.0001030015
caprst_fall_second_80: 0.0001029015
caprst_rise_first_-20: 6.565152e-05
caprst_rise_first_-40: 6.565152e-05
caprst_rise_first_0: 6.590152e-05
caprst_rise_first_100: 6.595152e-05
caprst_rise_first_125: 6.695152e-05
caprst_rise_first_20: 6.585152e-05
caprst_rise_first_40: 6.570152e-05
caprst_rise_first_60: 6.585152e-05
caprst_rise_first_80: 6.585152e-05
caprst_rise_second_-20: 0.0001234515
caprst_rise_second_-40: 0.0001235015
caprst_rise_second_0: 0.0001240015
caprst_rise_second_100: 0.0001233515
caprst_rise_second_125: 0.0001241015
caprst_rise_second_20: 0.0001233015
caprst_rise_second_40: 0.0001230015
caprst_rise_second_60: 0.0001230515
caprst_rise_second_80: 0.0001232528
iptat_first_-20: 6.809231e-06
iptat_first_-40: 6.351941e-06
iptat_first_0: 7.249061e-06
iptat_first_100: 9.221968e-06
iptat_first_125: 9.649238e-06
iptat_first_20: 7.661881e-06
iptat_first_40: 8.067662e-06
iptat_first_60: 8.475666e-06
iptat_first_80: 8.838109e-06
iptat_second_-20: 5.075836e-06
iptat_second_-40: 4.638876e-06
iptat_second_0: 5.52778e-06
iptat_second_100: 7.371369e-06
iptat_second_125: 7.766836e-06
iptat_second_20: 5.925307e-06
iptat_second_40: 6.320094e-06
iptat_second_60: 6.719315e-06
iptat_second_80: 7.061435e-06
tmpcount1_-20: 0.071
tmpcount1_-40: 0.069
tmpcount1_0: 0.074
tmpcount1_100: 0.089
tmpcount1_125: 0.097
tmpcount1_20: 0.077
tmpcount1_40: 0.08
tmpcount1_60: 0.083
tmpcount1_80: 0.086
tmpcount2_-20: 0.054
tmpcount2_-40: 0.051
tmpcount2_0: 0.057
tmpcount2_100: 0.075
tmpcount2_125: 0.077
tmpcount2_20: 0.06
tmpcount2_40: 0.061
tmpcount2_60: 0.067
tmpcount2_80: 0.07
