caprst_fall_first_-20: 4.565152e-05
caprst_fall_first_-40: 4.585152e-05
caprst_fall_first_0: 4.550152e-05
caprst_fall_first_100: 4.560152e-05
caprst_fall_first_125: 4.585152e-05
caprst_fall_first_20: 4.545152e-05
caprst_fall_first_40: 4.545152e-05
caprst_fall_first_60: 4.545152e-05
caprst_fall_first_80: 4.550152e-05
caprst_fall_second_-20: 0.0001032515
caprst_fall_second_-40: 0.0001037515
caprst_fall_second_0: 0.0001029015
caprst_fall_second_100: 0.0001030515
caprst_fall_second_125: 0.0001031515
caprst_fall_second_20: 0.0001027015
caprst_fall_second_40: 0.0001027515
caprst_fall_second_60: 0.0001027015
caprst_fall_second_80: 0.0001029515
caprst_rise_first_-20: 6.585152e-05
caprst_rise_first_-40: 6.625152e-05
caprst_rise_first_0: 6.570152e-05
caprst_rise_first_100: 6.585152e-05
caprst_rise_first_125: 6.590152e-05
caprst_rise_first_20: 6.555152e-05
caprst_rise_first_40: 6.560152e-05
caprst_rise_first_60: 6.550152e-05
caprst_rise_first_80: 6.580152e-05
caprst_rise_second_-20: 0.0001234515
caprst_rise_second_-40: 0.0001240015
caprst_rise_second_0: 0.0001230015
caprst_rise_second_100: 0.0001235515
caprst_rise_second_125: 0.0001234515
caprst_rise_second_20: 0.0001230515
caprst_rise_second_40: 0.0001230015
caprst_rise_second_60: 0.0001229015
caprst_rise_second_80: 0.0001231015
iptat_first_-20: 6.606743e-06
iptat_first_-40: 6.138932e-06
iptat_first_0: 7.103105e-06
iptat_first_100: 9.211571e-06
iptat_first_125: 9.659601e-06
iptat_first_20: 7.560281e-06
iptat_first_40: 8.001933e-06
iptat_first_60: 8.42048e-06
iptat_first_80: 8.830557e-06
iptat_second_-20: 5.179211e-06
iptat_second_-40: 4.748522e-06
iptat_second_0: 5.576045e-06
iptat_second_100: 7.313108e-06
iptat_second_125: 7.680287e-06
iptat_second_20: 5.961014e-06
iptat_second_40: 6.324165e-06
iptat_second_60: 6.668585e-06
iptat_second_80: 7.003036e-06
tmpcount1_-20: 0.068
tmpcount1_-40: 0.066
tmpcount1_0: 0.071
tmpcount1_100: 0.09
tmpcount1_125: 0.094
tmpcount1_20: 0.075
tmpcount1_40: 0.079
tmpcount1_60: 0.082
tmpcount1_80: 0.087
tmpcount2_-20: 0.053
tmpcount2_-40: 0.05
tmpcount2_0: 0.057
tmpcount2_100: 0.072
tmpcount2_125: 0.075
tmpcount2_20: 0.061
tmpcount2_40: 0.064
tmpcount2_60: 0.065
tmpcount2_80: 0.07
