caprst_fall_first_-20: 4.645152e-05
caprst_fall_first_-40: 4.655152e-05
caprst_fall_first_0: 4.640152e-05
caprst_fall_first_100: 4.700152e-05
caprst_fall_first_125: 4.730152e-05
caprst_fall_first_20: 4.650152e-05
caprst_fall_first_40: 4.655152e-05
caprst_fall_first_60: 4.670152e-05
caprst_fall_first_80: 4.680152e-05
caprst_fall_second_-20: 0.0001038515
caprst_fall_second_-40: 0.0001046515
caprst_fall_second_0: 0.0001033515
caprst_fall_second_100: 0.0001039515
caprst_fall_second_125: 0.0001043015
caprst_fall_second_20: 0.0001035015
caprst_fall_second_40: 0.0001035515
caprst_fall_second_60: 0.0001039515
caprst_fall_second_80: 0.0001038515
caprst_rise_first_-20: 6.695152e-05
caprst_rise_first_-40: 6.770152e-05
caprst_rise_first_0: 6.645152e-05
caprst_rise_first_100: 6.705152e-05
caprst_rise_first_125: 6.735152e-05
caprst_rise_first_20: 6.660152e-05
caprst_rise_first_40: 6.665152e-05
caprst_rise_first_60: 6.705152e-05
caprst_rise_first_80: 6.695152e-05
caprst_rise_second_-20: 0.0001239015
caprst_rise_second_-40: 0.0001255515
caprst_rise_second_0: 0.0001234515
caprst_rise_second_100: 0.0001241015
caprst_rise_second_125: 0.0001244015
caprst_rise_second_20: 0.0001235515
caprst_rise_second_40: 0.0001236015
caprst_rise_second_60: 0.0001241015
caprst_rise_second_80: 0.0001257515
iptat_first_-20: 6.281933e-06
iptat_first_-40: 5.824394e-06
iptat_first_0: 6.742493e-06
iptat_first_100: 8.970304e-06
iptat_first_125: 9.538852e-06
iptat_first_20: 7.224028e-06
iptat_first_40: 7.66075e-06
iptat_first_60: 8.117568e-06
iptat_first_80: 8.554168e-06
iptat_second_-20: 5.626463e-06
iptat_second_-40: 5.169952e-06
iptat_second_0: 6.038547e-06
iptat_second_100: 7.690312e-06
iptat_second_125: 7.952741e-06
iptat_second_20: 6.425578e-06
iptat_second_40: 6.791941e-06
iptat_second_60: 7.127474e-06
iptat_second_80: 7.438522e-06
tmpcount1_-20: 0.064
tmpcount1_-40: 0.065
tmpcount1_0: 0.066
tmpcount1_100: 0.087
tmpcount1_125: 0.092
tmpcount1_20: 0.071
tmpcount1_40: 0.074
tmpcount1_60: 0.08
tmpcount1_80: 0.083
tmpcount2_-20: 0.058
tmpcount2_-40: 0.055
tmpcount2_0: 0.061
tmpcount2_100: 0.074
tmpcount2_125: 0.079
tmpcount2_20: 0.062
tmpcount2_40: 0.067
tmpcount2_60: 0.071
tmpcount2_80: 0.079
