caprst_fall_first_-20: 4.715152e-05
caprst_fall_first_-40: 4.730152e-05
caprst_fall_first_0: 4.710152e-05
caprst_fall_first_100: 4.740152e-05
caprst_fall_first_125: 4.765152e-05
caprst_fall_first_20: 4.705152e-05
caprst_fall_first_40: 4.710152e-05
caprst_fall_first_60: 4.715152e-05
caprst_fall_first_80: 4.730152e-05
caprst_fall_second_-20: 0.0001049515
caprst_fall_second_-40: 0.0001046015
caprst_fall_second_0: 0.0001041015
caprst_fall_second_100: 0.0001046015
caprst_fall_second_125: 0.0001054015
caprst_fall_second_20: 0.0001043515
caprst_fall_second_40: 0.0001042515
caprst_fall_second_60: 0.0001041015
caprst_fall_second_80: 0.0001042515
caprst_rise_first_-20: 6.805152e-05
caprst_rise_first_-40: 6.770152e-05
caprst_rise_first_0: 6.720152e-05
caprst_rise_first_100: 6.770152e-05
caprst_rise_first_125: 6.850152e-05
caprst_rise_first_20: 6.745152e-05
caprst_rise_first_40: 6.735152e-05
caprst_rise_first_60: 6.720152e-05
caprst_rise_first_80: 6.735152e-05
caprst_rise_second_-20: 0.0001250015
caprst_rise_second_-40: 0.0001247515
caprst_rise_second_0: 0.0001244515
caprst_rise_second_100: 0.0001249015
caprst_rise_second_125: 0.0001255028
caprst_rise_second_20: 0.0001246015
caprst_rise_second_40: 0.0001248015
caprst_rise_second_60: 0.0001251515
caprst_rise_second_80: 0.0001243015
iptat_first_-20: 6.13495e-06
iptat_first_-40: 5.712675e-06
iptat_first_0: 6.534183e-06
iptat_first_100: 8.724966e-06
iptat_first_125: 9.212631e-06
iptat_first_20: 6.960769e-06
iptat_first_40: 7.353258e-06
iptat_first_60: 7.860115e-06
iptat_first_80: 8.306627e-06
iptat_second_-20: 5.797603e-06
iptat_second_-40: 5.320417e-06
iptat_second_0: 6.271698e-06
iptat_second_100: 8.083912e-06
iptat_second_125: 8.442365e-06
iptat_second_20: 6.668012e-06
iptat_second_40: 7.096823e-06
iptat_second_60: 7.44685e-06
iptat_second_80: 7.755353e-06
tmpcount1_-20: 0.064
tmpcount1_-40: 0.061
tmpcount1_0: 0.065
tmpcount1_100: 0.085
tmpcount1_125: 0.092
tmpcount1_20: 0.069
tmpcount1_40: 0.072
tmpcount1_60: 0.076
tmpcount1_80: 0.08
tmpcount2_-20: 0.059
tmpcount2_-40: 0.058
tmpcount2_0: 0.064
tmpcount2_100: 0.081
tmpcount2_125: 0.081
tmpcount2_20: 0.067
tmpcount2_40: 0.071
tmpcount2_60: 0.076
tmpcount2_80: 0.075
