caprst_fall_first_-20: 4.755152e-05
caprst_fall_first_-40: 4.840152e-05
caprst_fall_first_0: 4.740152e-05
caprst_fall_first_100: 4.760152e-05
caprst_fall_first_125: 4.770152e-05
caprst_fall_first_20: 4.735152e-05
caprst_fall_first_40: 4.735152e-05
caprst_fall_first_60: 4.740152e-05
caprst_fall_first_80: 4.750152e-05
caprst_fall_second_-20: 0.0001061015
caprst_fall_second_-40: 0.0001060015
caprst_fall_second_0: 0.0001044515
caprst_fall_second_100: 0.0001046015
caprst_fall_second_125: 0.0001048515
caprst_fall_second_20: 0.0001045015
caprst_fall_second_40: 0.0001048515
caprst_fall_second_60: 0.0001044015
caprst_fall_second_80: 0.0001045015
caprst_rise_first_-20: 6.920152e-05
caprst_rise_first_-40: 6.910152e-05
caprst_rise_first_0: 6.755152e-05
caprst_rise_first_100: 6.770152e-05
caprst_rise_first_125: 6.795152e-05
caprst_rise_first_20: 6.760152e-05
caprst_rise_first_40: 6.795152e-05
caprst_rise_first_60: 6.750152e-05
caprst_rise_first_80: 6.760152e-05
caprst_rise_second_-20: 0.0001262515
caprst_rise_second_-40: 0.0001262515
caprst_rise_second_0: 0.0001246515
caprst_rise_second_100: 0.0001247515
caprst_rise_second_125: 0.0001249015
caprst_rise_second_20: 0.0001247015
caprst_rise_second_40: 0.0001251515
caprst_rise_second_60: 0.0001244515
caprst_rise_second_80: 0.0001246015
iptat_first_-20: 6.039865e-06
iptat_first_-40: 5.561382e-06
iptat_first_0: 6.537089e-06
iptat_first_100: 8.635265e-06
iptat_first_125: 9.066369e-06
iptat_first_20: 7.013019e-06
iptat_first_40: 7.450815e-06
iptat_first_60: 7.870636e-06
iptat_first_80: 8.251009e-06
iptat_second_-20: 5.693814e-06
iptat_second_-40: 5.280918e-06
iptat_second_0: 6.106997e-06
iptat_second_100: 7.90115e-06
iptat_second_125: 8.299174e-06
iptat_second_20: 6.499039e-06
iptat_second_40: 6.874616e-06
iptat_second_60: 7.227112e-06
iptat_second_80: 7.579709e-06
tmpcount1_-20: 0.066
tmpcount1_-40: 0.061
tmpcount1_0: 0.065
tmpcount1_100: 0.083
tmpcount1_125: 0.088
tmpcount1_20: 0.069
tmpcount1_40: 0.074
tmpcount1_60: 0.076
tmpcount1_80: 0.08
tmpcount2_-20: 0.06
tmpcount2_-40: 0.056
tmpcount2_0: 0.061
tmpcount2_100: 0.076
tmpcount2_125: 0.081
tmpcount2_20: 0.064
tmpcount2_40: 0.069
tmpcount2_60: 0.071
tmpcount2_80: 0.075
