caprst_fall_first_-20: 4.525152e-05
caprst_fall_first_-40: 4.530152e-05
caprst_fall_first_0: 4.655152e-05
caprst_fall_first_100: 4.715152e-05
caprst_fall_first_125: 4.855152e-05
caprst_fall_first_20: 4.660152e-05
caprst_fall_first_40: 4.670152e-05
caprst_fall_first_60: 4.675152e-05
caprst_fall_first_80: 4.685152e-05
caprst_fall_second_-20: 0.0001042015
caprst_fall_second_-40: 0.0001043515
caprst_fall_second_0: 0.0001056015
caprst_fall_second_100: 0.0001061015
caprst_fall_second_125: 0.0001085015
caprst_fall_second_20: 0.0001053515
caprst_fall_second_40: 0.0001054515
caprst_fall_second_60: 0.0001056015
caprst_fall_second_80: 0.0001057515
caprst_rise_first_-20: 6.535152e-05
caprst_rise_first_-40: 6.540152e-05
caprst_rise_first_0: 6.680152e-05
caprst_rise_first_100: 6.740152e-05
caprst_rise_first_125: 6.865152e-05
caprst_rise_first_20: 6.675152e-05
caprst_rise_first_40: 6.690152e-05
caprst_rise_first_60: 6.690152e-05
caprst_rise_first_80: 6.695152e-05
caprst_rise_second_-20: 0.0001244015
caprst_rise_second_-40: 0.0001245515
caprst_rise_second_0: 0.0001257015
caprst_rise_second_100: 0.0001262515
caprst_rise_second_125: 0.0001285515
caprst_rise_second_20: 0.0001257015
caprst_rise_second_40: 0.0001262015
caprst_rise_second_60: 0.0001258015
caprst_rise_second_80: 0.0001258015
iptat_first_-20: 6.857167e-06
iptat_first_-40: 6.399442e-06
iptat_first_0: 7.329361e-06
iptat_first_100: 9.467262e-06
iptat_first_125: 1.001424e-05
iptat_first_20: 7.787405e-06
iptat_first_40: 8.226591e-06
iptat_first_60: 8.659894e-06
iptat_first_80: 9.083626e-06
iptat_second_-20: 4.962657e-06
iptat_second_-40: 4.535985e-06
iptat_second_0: 5.416961e-06
iptat_second_100: 7.121044e-06
iptat_second_125: 7.41432e-06
iptat_second_20: 5.795492e-06
iptat_second_40: 6.175709e-06
iptat_second_60: 6.497283e-06
iptat_second_80: 6.802781e-06
tmpcount1_-20: 0.072
tmpcount1_-40: 0.07
tmpcount1_0: 0.075
tmpcount1_100: 0.094
tmpcount1_125: 0.098
tmpcount1_20: 0.078
tmpcount1_40: 0.082
tmpcount1_60: 0.085
tmpcount1_80: 0.089
tmpcount2_-20: 0.053
tmpcount2_-40: 0.05
tmpcount2_0: 0.054
tmpcount2_100: 0.071
tmpcount2_125: 0.074
tmpcount2_20: 0.06
tmpcount2_40: 0.064
tmpcount2_60: 0.064
tmpcount2_80: 0.066
