caprst_fall_first_-20: 5.230152e-05
caprst_fall_first_-40: 5.335152e-05
caprst_fall_first_0: 5.095152e-05
caprst_fall_first_100: 5.105152e-05
caprst_fall_first_125: 5.240152e-05
caprst_fall_first_20: 5.080152e-05
caprst_fall_first_40: 5.070152e-05
caprst_fall_first_60: 5.075152e-05
caprst_fall_first_80: 5.075152e-05
caprst_fall_second_-20: 0.0001183515
caprst_fall_second_-40: 0.0001208515
caprst_fall_second_0: 0.0001155515
caprst_fall_second_100: 0.0001152015
caprst_fall_second_125: 0.0001179015
caprst_fall_second_20: 0.0001151515
caprst_fall_second_40: 0.0001147515
caprst_fall_second_60: 0.0001148015
caprst_fall_second_80: 0.0001148515
caprst_rise_first_-20: 7.250152e-05
caprst_rise_first_-40: 7.395152e-05
caprst_rise_first_0: 7.105152e-05
caprst_rise_first_100: 7.130152e-05
caprst_rise_first_125: 7.280152e-05
caprst_rise_first_20: 7.100152e-05
caprst_rise_first_40: 7.075152e-05
caprst_rise_first_60: 7.095152e-05
caprst_rise_first_80: 7.100152e-05
caprst_rise_second_-20: 0.0001384515
caprst_rise_second_-40: 0.0001410515
caprst_rise_second_0: 0.0001357015
caprst_rise_second_100: 0.0001352515
caprst_rise_second_125: 0.0001390515
caprst_rise_second_20: 0.0001353515
caprst_rise_second_40: 0.0001350515
caprst_rise_second_60: 0.0001349515
caprst_rise_second_80: 0.0001352515
iptat_first_-20: 7.604983e-06
iptat_first_-40: 7.177485e-06
iptat_first_0: 8.029637e-06
iptat_first_100: 1.008818e-05
iptat_first_125: 1.058377e-05
iptat_first_20: 8.44147e-06
iptat_first_40: 8.865768e-06
iptat_first_60: 9.282237e-06
iptat_first_80: 9.688633e-06
iptat_second_-20: 4.272389e-06
iptat_second_-40: 3.816887e-06
iptat_second_0: 4.705471e-06
iptat_second_100: 6.437198e-06
iptat_second_125: 6.721319e-06
iptat_second_20: 5.113823e-06
iptat_second_40: 5.51048e-06
iptat_second_60: 5.854796e-06
iptat_second_80: 6.176689e-06
tmpcount1_-20: 0.079
tmpcount1_-40: 0.078
tmpcount1_0: 0.081
tmpcount1_100: 0.099
tmpcount1_125: 0.105
tmpcount1_20: 0.085
tmpcount1_40: 0.087
tmpcount1_60: 0.092
tmpcount1_80: 0.095
tmpcount2_-20: 0.043
tmpcount2_-40: 0.04
tmpcount2_0: 0.047
tmpcount2_100: 0.063
tmpcount2_125: 0.07
tmpcount2_20: 0.05
tmpcount2_40: 0.055
tmpcount2_60: 0.059
tmpcount2_80: 0.061
