caprst_fall_first_-20: 5.365152e-05
caprst_fall_first_-40: 5.310152e-05
caprst_fall_first_0: 5.375152e-05
caprst_fall_first_100: 5.535152e-05
caprst_fall_first_125: 5.565152e-05
caprst_fall_first_20: 5.455152e-05
caprst_fall_first_40: 5.475152e-05
caprst_fall_first_60: 5.495152e-05
caprst_fall_first_80: 5.510152e-05
caprst_fall_second_-20: 7.495152e-05
caprst_fall_second_-40: 7.315152e-05
caprst_fall_second_0: 7.500152e-05
caprst_fall_second_100: 7.645152e-05
caprst_fall_second_125: 7.675152e-05
caprst_fall_second_20: 7.565152e-05
caprst_fall_second_40: 7.585152e-05
caprst_fall_second_60: 7.605152e-05
caprst_fall_second_80: 7.620152e-05
caprst_rise_first_-20: 6.645152e-05
caprst_rise_first_-40: 6.570152e-05
caprst_rise_first_0: 6.650152e-05
caprst_rise_first_100: 6.795152e-05
caprst_rise_first_125: 6.825152e-05
caprst_rise_first_20: 6.715152e-05
caprst_rise_first_40: 6.735152e-05
caprst_rise_first_60: 6.755152e-05
caprst_rise_first_80: 6.770152e-05
caprst_rise_second_-20: 8.755152e-05
caprst_rise_second_-40: 8.575152e-05
caprst_rise_second_0: 8.765152e-05
caprst_rise_second_100: 8.905152e-05
caprst_rise_second_125: 8.935152e-05
caprst_rise_second_20: 8.825152e-05
caprst_rise_second_40: 8.845152e-05
caprst_rise_second_60: 8.865152e-05
caprst_rise_second_80: 8.880152e-05
iptat_first_-20: 5.33382e-06
iptat_first_-40: 4.949175e-06
iptat_first_0: 5.719786e-06
iptat_first_100: 7.43769e-06
iptat_first_125: 7.795125e-06
iptat_first_20: 6.096675e-06
iptat_first_40: 6.458916e-06
iptat_first_60: 6.80569e-06
iptat_first_80: 7.131092e-06
iptat_second_-20: 5.102253e-06
iptat_second_-40: 4.700999e-06
iptat_second_0: 5.491674e-06
iptat_second_100: 7.184928e-06
iptat_second_125: 7.539019e-06
iptat_second_20: 5.864135e-06
iptat_second_40: 6.221563e-06
iptat_second_60: 6.560592e-06
iptat_second_80: 6.882371e-06
tmpcount1_-20: 0.1005882
tmpcount1_-40: 0.09317647
tmpcount1_0: 0.1048235
tmpcount1_100: 0.1196471
tmpcount1_125: 0.1238824
tmpcount1_20: 0.1069412
tmpcount1_40: 0.1101176
tmpcount1_60: 0.1122353
tmpcount1_80: 0.1154118
tmpcount2_-20: 0.09529412
tmpcount2_-40: 0.08894118
tmpcount2_0: 0.09952941
tmpcount2_100: 0.1164706
tmpcount2_125: 0.1207059
tmpcount2_20: 0.1037647
tmpcount2_40: 0.1058824
tmpcount2_60: 0.1090588
tmpcount2_80: 0.1122353
