caprst_fall_first_-20: 5.105152e-05
caprst_fall_first_-40: 5.020152e-05
caprst_fall_first_0: 5.115152e-05
caprst_fall_first_100: 5.265152e-05
caprst_fall_first_125: 5.300152e-05
caprst_fall_first_20: 5.130152e-05
caprst_fall_first_40: 5.285152e-05
caprst_fall_first_60: 5.230152e-05
caprst_fall_first_80: 5.250152e-05
caprst_fall_second_-20: 7.215152e-05
caprst_fall_second_-40: 7.130152e-05
caprst_fall_second_0: 7.225152e-05
caprst_fall_second_100: 7.375152e-05
caprst_fall_second_125: 7.310152e-05
caprst_fall_second_20: 7.240152e-05
caprst_fall_second_40: 7.395152e-05
caprst_fall_second_60: 7.340152e-05
caprst_fall_second_80: 7.360152e-05
caprst_rise_first_-20: 6.365152e-05
caprst_rise_first_-40: 6.280152e-05
caprst_rise_first_0: 6.375152e-05
caprst_rise_first_100: 6.525152e-05
caprst_rise_first_125: 6.565152e-05
caprst_rise_first_20: 6.390152e-05
caprst_rise_first_40: 6.545152e-05
caprst_rise_first_60: 6.490152e-05
caprst_rise_first_80: 6.510152e-05
caprst_rise_second_-20: 8.475152e-05
caprst_rise_second_-40: 8.390152e-05
caprst_rise_second_0: 8.485152e-05
caprst_rise_second_100: 8.640152e-05
caprst_rise_second_125: 8.570152e-05
caprst_rise_second_20: 8.500152e-05
caprst_rise_second_40: 8.655152e-05
caprst_rise_second_60: 8.600152e-05
caprst_rise_second_80: 8.620152e-05
iptat_first_-20: 6.015201e-06
iptat_first_-40: 5.556198e-06
iptat_first_0: 6.457776e-06
iptat_first_100: 8.401092e-06
iptat_first_125: 8.805049e-06
iptat_first_20: 6.888095e-06
iptat_first_40: 7.299454e-06
iptat_first_60: 7.688677e-06
iptat_first_80: 8.056757e-06
iptat_second_-20: 5.695254e-06
iptat_second_-40: 5.252806e-06
iptat_second_0: 6.124831e-06
iptat_second_100: 8.019482e-06
iptat_second_125: 8.415092e-06
iptat_second_20: 6.539857e-06
iptat_second_40: 6.93813e-06
iptat_second_60: 7.319795e-06
iptat_second_80: 7.67923e-06
tmpcount1_-20: 0.1101176
tmpcount1_-40: 0.1027059
tmpcount1_0: 0.1154118
tmpcount1_100: 0.1461176
tmpcount1_125: 0.1535294
tmpcount1_20: 0.1217647
tmpcount1_40: 0.1281176
tmpcount1_60: 0.1344706
tmpcount1_80: 0.1397647
tmpcount2_-20: 0.1048235
tmpcount2_-40: 0.09741176
tmpcount2_0: 0.1101176
tmpcount2_100: 0.1408235
tmpcount2_125: 0.1471765
tmpcount2_20: 0.1164706
tmpcount2_40: 0.1228235
tmpcount2_60: 0.1281176
tmpcount2_80: 0.1344706
