caprst_fall_first_-20: 5.370152e-05
caprst_fall_first_-40: 5.380152e-05
caprst_fall_first_0: 5.370152e-05
caprst_fall_first_100: 5.415152e-05
caprst_fall_first_125: 5.575152e-05
caprst_fall_first_20: 5.375152e-05
caprst_fall_first_40: 5.385152e-05
caprst_fall_first_60: 5.390152e-05
caprst_fall_first_80: 5.400152e-05
caprst_fall_second_-20: 7.495152e-05
caprst_fall_second_-40: 7.490152e-05
caprst_fall_second_0: 7.480152e-05
caprst_fall_second_100: 7.530152e-05
caprst_fall_second_125: 7.685152e-05
caprst_fall_second_20: 7.490152e-05
caprst_fall_second_40: 7.500152e-05
caprst_fall_second_60: 7.540152e-05
caprst_fall_second_80: 7.510152e-05
caprst_rise_first_-20: 6.645152e-05
caprst_rise_first_-40: 6.640152e-05
caprst_rise_first_0: 6.630152e-05
caprst_rise_first_100: 6.680152e-05
caprst_rise_first_125: 6.835152e-05
caprst_rise_first_20: 6.640152e-05
caprst_rise_first_40: 6.650152e-05
caprst_rise_first_60: 6.690152e-05
caprst_rise_first_80: 6.660152e-05
caprst_rise_second_-20: 8.755152e-05
caprst_rise_second_-40: 8.750152e-05
caprst_rise_second_0: 8.740152e-05
caprst_rise_second_100: 8.790152e-05
caprst_rise_second_125: 9.030152e-05
caprst_rise_second_20: 8.750152e-05
caprst_rise_second_40: 8.760152e-05
caprst_rise_second_60: 8.800152e-05
caprst_rise_second_80: 8.840152e-05
iptat_first_-20: 6.060503e-06
iptat_first_-40: 5.598173e-06
iptat_first_0: 6.501744e-06
iptat_first_100: 8.454293e-06
iptat_first_125: 8.862304e-06
iptat_first_20: 6.931482e-06
iptat_first_40: 7.338896e-06
iptat_first_60: 7.73675e-06
iptat_first_80: 8.102138e-06
iptat_second_-20: 5.672793e-06
iptat_second_-40: 5.227457e-06
iptat_second_0: 6.106326e-06
iptat_second_100: 8.024682e-06
iptat_second_125: 8.430242e-06
iptat_second_20: 6.525214e-06
iptat_second_40: 6.927538e-06
iptat_second_60: 7.314756e-06
iptat_second_80: 7.682211e-06
tmpcount1_-20: 0.1042105
tmpcount1_-40: 0.09568421
tmpcount1_0: 0.1089474
tmpcount1_100: 0.1364211
tmpcount1_125: 0.1430526
tmpcount1_20: 0.1155789
tmpcount1_40: 0.1193684
tmpcount1_60: 0.1307368
tmpcount1_80: 0.1307368
tmpcount2_-20: 0.09568421
tmpcount2_-40: 0.09
tmpcount2_0: 0.1023158
tmpcount2_100: 0.1307368
tmpcount2_125: 0.1449474
tmpcount2_20: 0.1089474
tmpcount2_40: 0.1136842
tmpcount2_60: 0.1193684
tmpcount2_80: 0.1326316
