caprst_fall_first_-20: 5.390152e-05
caprst_fall_first_-40: 5.395152e-05
caprst_fall_first_0: 5.380152e-05
caprst_fall_first_100: 5.545152e-05
caprst_fall_first_125: 5.560152e-05
caprst_fall_first_20: 5.525152e-05
caprst_fall_first_40: 5.520152e-05
caprst_fall_first_60: 5.525152e-05
caprst_fall_first_80: 5.535152e-05
caprst_fall_second_-20: 7.500152e-05
caprst_fall_second_-40: 7.400152e-05
caprst_fall_second_0: 7.490152e-05
caprst_fall_second_100: 7.550152e-05
caprst_fall_second_125: 7.670152e-05
caprst_fall_second_20: 7.635152e-05
caprst_fall_second_40: 7.630152e-05
caprst_fall_second_60: 7.635152e-05
caprst_fall_second_80: 7.645152e-05
caprst_rise_first_-20: 6.650152e-05
caprst_rise_first_-40: 6.655152e-05
caprst_rise_first_0: 6.640152e-05
caprst_rise_first_100: 6.805152e-05
caprst_rise_first_125: 6.820152e-05
caprst_rise_first_20: 6.785152e-05
caprst_rise_first_40: 6.780152e-05
caprst_rise_first_60: 6.785152e-05
caprst_rise_first_80: 6.795152e-05
caprst_rise_second_-20: 8.765152e-05
caprst_rise_second_-40: 8.665152e-05
caprst_rise_second_0: 8.750152e-05
caprst_rise_second_100: 8.810152e-05
caprst_rise_second_125: 8.930152e-05
caprst_rise_second_20: 8.895152e-05
caprst_rise_second_40: 8.890152e-05
caprst_rise_second_60: 8.895152e-05
caprst_rise_second_80: 8.905152e-05
iptat_first_-20: 6.942333e-06
iptat_first_-40: 6.418465e-06
iptat_first_0: 7.446587e-06
iptat_first_100: 9.668857e-06
iptat_first_125: 1.013744e-05
iptat_first_20: 7.937781e-06
iptat_first_40: 8.404746e-06
iptat_first_60: 8.856671e-06
iptat_first_80: 9.273977e-06
iptat_second_-20: 6.489347e-06
iptat_second_-40: 5.975777e-06
iptat_second_0: 6.99105e-06
iptat_second_100: 9.208649e-06
iptat_second_125: 9.677933e-06
iptat_second_20: 7.471497e-06
iptat_second_40: 7.9383e-06
iptat_second_60: 8.384529e-06
iptat_second_80: 8.805418e-06
tmpcount1_-20: 0.1326316
tmpcount1_-40: 0.1241053
tmpcount1_0: 0.1430526
tmpcount1_100: 0.1790526
tmpcount1_125: 0.1866316
tmpcount1_20: 0.1496842
tmpcount1_40: 0.1591579
tmpcount1_60: 0.1657895
tmpcount1_80: 0.1733684
tmpcount2_-20: 0.1250526
tmpcount2_-40: 0.1165263
tmpcount2_0: 0.1335789
tmpcount2_100: 0.1714737
tmpcount2_125: 0.1790526
tmpcount2_20: 0.1430526
tmpcount2_40: 0.1506316
tmpcount2_60: 0.1591579
tmpcount2_80: 0.1648421
