caprst_fall_first_-20: 5.840152e-05
caprst_fall_first_-40: 5.865152e-05
caprst_fall_first_0: 5.810152e-05
caprst_fall_first_100: 6.000152e-05
caprst_fall_first_125: 6.020152e-05
caprst_fall_first_20: 5.930152e-05
caprst_fall_first_40: 5.855152e-05
caprst_fall_first_60: 5.850152e-05
caprst_fall_first_80: 5.990152e-05
caprst_fall_second_-20: 7.950152e-05
caprst_fall_second_-40: 7.975152e-05
caprst_fall_second_0: 7.920152e-05
caprst_fall_second_100: 8.005152e-05
caprst_fall_second_125: 8.025152e-05
caprst_fall_second_20: 7.935152e-05
caprst_fall_second_40: 7.860152e-05
caprst_fall_second_60: 7.855152e-05
caprst_fall_second_80: 7.995152e-05
caprst_rise_first_-20: 7.100152e-05
caprst_rise_first_-40: 7.125152e-05
caprst_rise_first_0: 7.070152e-05
caprst_rise_first_100: 7.260152e-05
caprst_rise_first_125: 7.280152e-05
caprst_rise_first_20: 7.190152e-05
caprst_rise_first_40: 7.115152e-05
caprst_rise_first_60: 7.110152e-05
caprst_rise_first_80: 7.250152e-05
caprst_rise_second_-20: 9.210152e-05
caprst_rise_second_-40: 9.235152e-05
caprst_rise_second_0: 9.180152e-05
caprst_rise_second_100: 9.265152e-05
caprst_rise_second_125: 9.285152e-05
caprst_rise_second_20: 9.195152e-05
caprst_rise_second_40: 9.150152e-05
caprst_rise_second_60: 9.115152e-05
caprst_rise_second_80: 9.255152e-05
iptat_first_-20: 6.03268e-06
iptat_first_-40: 5.622513e-06
iptat_first_0: 6.447992e-06
iptat_first_100: 8.357156e-06
iptat_first_125: 8.768783e-06
iptat_first_20: 6.861548e-06
iptat_first_40: 7.261918e-06
iptat_first_60: 7.648131e-06
iptat_first_80: 8.013775e-06
iptat_second_-20: 5.754511e-06
iptat_second_-40: 5.259882e-06
iptat_second_0: 6.216394e-06
iptat_second_100: 8.196867e-06
iptat_second_125: 8.616016e-06
iptat_second_20: 6.652841e-06
iptat_second_40: 7.071325e-06
iptat_second_60: 7.466517e-06
iptat_second_80: 7.843668e-06
tmpcount1_-20: 0.1004211
tmpcount1_-40: 0.09378947
tmpcount1_0: 0.1061053
tmpcount1_100: 0.1345263
tmpcount1_125: 0.1402105
tmpcount1_20: 0.1117895
tmpcount1_40: 0.1193684
tmpcount1_60: 0.1241053
tmpcount1_80: 0.1297895
tmpcount2_-20: 0.09568421
tmpcount2_-40: 0.08810526
tmpcount2_0: 0.1023158
tmpcount2_100: 0.1326316
tmpcount2_125: 0.1392632
tmpcount2_20: 0.1098947
tmpcount2_40: 0.1184211
tmpcount2_60: 0.1212632
tmpcount2_80: 0.1278947
