caprst_fall_first_-20: 5.285152e-05
caprst_fall_first_-40: 5.285152e-05
caprst_fall_first_0: 5.285152e-05
caprst_fall_first_100: 5.335152e-05
caprst_fall_first_125: 5.490152e-05
caprst_fall_first_20: 5.290152e-05
caprst_fall_first_40: 5.295152e-05
caprst_fall_first_60: 5.305152e-05
caprst_fall_first_80: 5.315152e-05
caprst_fall_second_-20: 7.395152e-05
caprst_fall_second_-40: 7.395152e-05
caprst_fall_second_0: 7.395152e-05
caprst_fall_second_100: 7.445152e-05
caprst_fall_second_125: 7.600152e-05
caprst_fall_second_20: 7.400152e-05
caprst_fall_second_40: 7.405152e-05
caprst_fall_second_60: 7.415152e-05
caprst_fall_second_80: 7.320152e-05
caprst_rise_first_-20: 6.545152e-05
caprst_rise_first_-40: 6.545152e-05
caprst_rise_first_0: 6.545152e-05
caprst_rise_first_100: 6.595152e-05
caprst_rise_first_125: 6.750152e-05
caprst_rise_first_20: 6.550152e-05
caprst_rise_first_40: 6.555152e-05
caprst_rise_first_60: 6.565152e-05
caprst_rise_first_80: 6.575152e-05
caprst_rise_second_-20: 8.655152e-05
caprst_rise_second_-40: 8.655152e-05
caprst_rise_second_0: 8.655152e-05
caprst_rise_second_100: 8.705152e-05
caprst_rise_second_125: 8.860152e-05
caprst_rise_second_20: 8.660152e-05
caprst_rise_second_40: 8.665152e-05
caprst_rise_second_60: 8.675152e-05
caprst_rise_second_80: 8.580152e-05
iptat_first_-20: 6.8977e-06
iptat_first_-40: 6.371938e-06
iptat_first_0: 7.411699e-06
iptat_first_100: 9.656739e-06
iptat_first_125: 1.012327e-05
iptat_first_20: 7.902487e-06
iptat_first_40: 8.380577e-06
iptat_first_60: 8.832083e-06
iptat_first_80: 9.257172e-06
iptat_second_-20: 6.524848e-06
iptat_second_-40: 6.015037e-06
iptat_second_0: 7.015316e-06
iptat_second_100: 9.195154e-06
iptat_second_125: 9.657892e-06
iptat_second_20: 7.495166e-06
iptat_second_40: 7.953363e-06
iptat_second_60: 8.390637e-06
iptat_second_80: 8.80386e-06
tmpcount1_-20: 0.1450588
tmpcount1_-40: 0.1365882
tmpcount1_0: 0.1545882
tmpcount1_100: 0.1958824
tmpcount1_125: 0.2054118
tmpcount1_20: 0.1641176
tmpcount1_40: 0.1725882
tmpcount1_60: 0.18
tmpcount1_80: 0.1874118
tmpcount2_-20: 0.1376471
tmpcount2_-40: 0.1281176
tmpcount2_0: 0.1471765
tmpcount2_100: 0.1874118
tmpcount2_125: 0.1969412
tmpcount2_20: 0.1567059
tmpcount2_40: 0.1651765
tmpcount2_60: 0.1736471
tmpcount2_80: 0.18
