caprst_fall_first_-20: 5.685152e-05
caprst_fall_first_-40: 5.705152e-05
caprst_fall_first_0: 5.675152e-05
caprst_fall_first_100: 5.815152e-05
caprst_fall_first_125: 5.755152e-05
caprst_fall_first_20: 5.670152e-05
caprst_fall_first_40: 5.660152e-05
caprst_fall_first_60: 5.670152e-05
caprst_fall_first_80: 5.810152e-05
caprst_fall_second_-20: 7.795152e-05
caprst_fall_second_-40: 7.815152e-05
caprst_fall_second_0: 7.785152e-05
caprst_fall_second_100: 7.940152e-05
caprst_fall_second_125: 7.865152e-05
caprst_fall_second_20: 7.700152e-05
caprst_fall_second_40: 7.785152e-05
caprst_fall_second_60: 7.780152e-05
caprst_fall_second_80: 7.920152e-05
caprst_rise_first_-20: 6.945152e-05
caprst_rise_first_-40: 6.965152e-05
caprst_rise_first_0: 6.935152e-05
caprst_rise_first_100: 7.090152e-05
caprst_rise_first_125: 7.015152e-05
caprst_rise_first_20: 6.955152e-05
caprst_rise_first_40: 6.935152e-05
caprst_rise_first_60: 6.930152e-05
caprst_rise_first_80: 7.070152e-05
caprst_rise_second_-20: 9.055152e-05
caprst_rise_second_-40: 9.110152e-05
caprst_rise_second_0: 9.045152e-05
caprst_rise_second_100: 9.200152e-05
caprst_rise_second_125: 9.125152e-05
caprst_rise_second_20: 8.970152e-05
caprst_rise_second_40: 9.045152e-05
caprst_rise_second_60: 9.040152e-05
caprst_rise_second_80: 9.180152e-05
iptat_first_-20: 5.362433e-06
iptat_first_-40: 4.997558e-06
iptat_first_0: 5.739989e-06
iptat_first_100: 7.440057e-06
iptat_first_125: 7.79374e-06
iptat_first_20: 6.112903e-06
iptat_first_40: 6.469995e-06
iptat_first_60: 6.81262e-06
iptat_first_80: 7.135688e-06
iptat_second_-20: 5.082981e-06
iptat_second_-40: 4.664271e-06
iptat_second_0: 5.480787e-06
iptat_second_100: 3.545324e-06
iptat_second_125: 7.57751e-06
iptat_second_20: 5.861295e-06
iptat_second_40: 6.225215e-06
iptat_second_60: 6.571486e-06
iptat_second_80: 6.901018e-06
tmpcount1_-20: 0.09189474
tmpcount1_-40: 0.08715789
tmpcount1_0: 0.09663158
tmpcount1_100: 0.1117895
tmpcount1_125: 0.1136842
tmpcount1_20: 0.1013684
tmpcount1_40: 0.1032632
tmpcount1_60: 0.1042105
tmpcount1_80: 0.1070526
tmpcount2_-20: 0.08715789
tmpcount2_-40: 0.08431579
tmpcount2_0: 0.09189474
tmpcount2_100: 0.05115789
tmpcount2_125: 0.1108421
tmpcount2_20: 0.09663158
tmpcount2_40: 0.09852632
tmpcount2_60: 0.1013684
tmpcount2_80: 0.1042105
