ipmos_-20: 1.453362e-05
ipmos_-40: 1.457696e-05
ipmos_0: 1.446829e-05
ipmos_100: 1.38164e-05
ipmos_125: 1.361379e-05
ipmos_20: 1.435541e-05
ipmos_40: 1.424729e-05
ipmos_60: 1.414663e-05
ipmos_80: 1.397171e-05
isnk_-20: 3.309995e-07
isnk_-40: 2.944761e-07
isnk_0: 3.653406e-07
isnk_100: 5.047348e-07
isnk_125: 5.319308e-07
isnk_20: 3.974176e-07
isnk_40: 4.273167e-07
isnk_60: 4.551016e-07
isnk_80: 4.808797e-07
isrc_-20: 3.222879e-07
isrc_-40: 2.847944e-07
isrc_0: 3.579302e-07
isrc_100: 5.055634e-07
isrc_125: 5.326165e-07
isrc_20: 3.916255e-07
isrc_40: 4.233301e-07
isrc_60: 4.529961e-07
isrc_80: 4.804992e-07
vctrl_-20: 0.3525967
vctrl_-40: 0.3310673
vctrl_0: 0.375303
vctrl_100: 0.5013671
vctrl_125: 0.5360553
vctrl_20: 0.3988434
vctrl_40: 0.4232063
vctrl_60: 0.4484037
vctrl_80: 0.4745
vctrlmax_-20: 0.3959553
vctrlmax_-40: 0.3731047
vctrlmax_0: 0.4205998
vctrlmax_100: 0.5469277
vctrlmax_125: 0.581062
vctrlmax_20: 0.4458323
vctrlmax_40: 0.4690719
vctrlmax_60: 0.493358
vctrlmax_80: 0.5201791
vctrlmin_-20: 0.3353912
vctrlmin_-40: 0.3109095
vctrlmin_0: 0.3569455
vctrlmin_100: 0.4751591
vctrlmin_125: 0.5083965
vctrlmin_20: 0.3751905
vctrlmin_40: 0.4003513
vctrlmin_60: 0.4252412
vctrlmin_80: 0.4497879
vref_-20: 1.048072
vref_-40: 1.046679
vref_0: 1.048685
vref_100: 1.047467
vref_125: 1.046012
vref_20: 1.048775
vref_40: 1.04891
vref_60: 1.048741
vref_80: 1.048161
