ipmos_-20: 1.300648e-05
ipmos_-40: 1.297588e-05
ipmos_0: 1.28521e-05
ipmos_100: 1.227176e-05
ipmos_125: 1.201252e-05
ipmos_20: 1.277993e-05
ipmos_40: 1.268104e-05
ipmos_60: 1.255882e-05
ipmos_80: 1.24368e-05
isnk_-20: 5.314492e-07
isnk_-40: 4.964563e-07
isnk_0: 5.634785e-07
isnk_100: 6.834508e-07
isnk_125: 7.047251e-07
isnk_20: 5.924811e-07
isnk_40: 6.187471e-07
isnk_60: 6.426108e-07
isnk_80: 6.641206e-07
isrc_-20: 5.10098e-07
isrc_-40: 4.736896e-07
isrc_0: 5.439013e-07
isrc_100: 6.759599e-07
isrc_125: 7.003868e-07
isrc_20: 5.751221e-07
isrc_40: 6.038213e-07
isrc_60: 6.301158e-07
isrc_80: 6.541211e-07
vctrl_-20: 0.4585209
vctrl_-40: 0.4385232
vctrl_0: 0.4796528
vctrl_100: 0.5976752
vctrl_125: 0.6305175
vctrl_20: 0.5015554
vctrl_40: 0.5242817
vctrl_60: 0.5478837
vctrl_80: 0.5723734
vctrlmax_-20: 0.5019256
vctrlmax_-40: 0.4811454
vctrlmax_0: 0.5242206
vctrlmax_100: 0.6477916
vctrlmax_125: 0.6809523
vctrlmax_20: 0.547501
vctrlmax_40: 0.5701458
vctrlmax_60: 0.5941139
vctrlmax_80: 0.6213119
vctrlmin_-20: 0.429474
vctrlmin_-40: 0.4083866
vctrlmin_0: 0.464902
vctrlmin_100: 0.5751481
vctrlmin_125: 0.6078257
vctrlmin_20: 0.4857
vctrlmin_40: 0.4938899
vctrlmin_60: 0.5234014
vctrlmin_80: 0.5413643
vref_-20: 1.051077
vref_-40: 1.041599
vref_0: 1.051234
vref_100: 1.051766
vref_125: 1.050796
vref_20: 1.051373
vref_40: 1.051799
vref_60: 1.052084
vref_80: 1.051994
