ipmos_-20: 1.440347e-05
ipmos_-40: 1.440858e-05
ipmos_0: 1.447751e-05
ipmos_100: 1.37369e-05
ipmos_125: 1.347893e-05
ipmos_20: 1.432132e-05
ipmos_40: 1.41863e-05
ipmos_60: 1.406141e-05
ipmos_80: 1.392655e-05
isnk_-20: 5.551108e-07
isnk_-40: 5.148247e-07
isnk_0: 5.921644e-07
isnk_100: 7.346055e-07
isnk_125: 7.606554e-07
isnk_20: 6.261441e-07
isnk_40: 6.574163e-07
isnk_60: 6.855191e-07
isnk_80: 7.112693e-07
isrc_-20: 5.12058e-07
isrc_-40: 4.702494e-07
isrc_0: 5.510414e-07
isrc_100: 7.06201e-07
isrc_125: 7.3576e-07
isrc_20: 5.872322e-07
isrc_40: 6.207207e-07
isrc_60: 6.516263e-07
isrc_80: 6.80076e-07
vctrl_-20: 0.2195607
vctrl_-40: 0.2011996
vctrl_0: 0.2389871
vctrl_100: 0.350897
vctrl_125: 0.3823005
vctrl_20: 0.2594539
vctrl_40: 0.2809297
vctrl_60: 0.3032515
vctrl_80: 0.326608
vctrlmax_-20: 0.257037
vctrlmax_-40: 0.2362264
vctrlmax_0: 0.2778518
vctrlmax_100: 0.3939937
vctrlmax_125: 0.4257221
vctrlmax_20: 0.2994587
vctrlmax_40: 0.321987
vctrlmax_60: 0.3454998
vctrlmax_80: 0.3694656
vctrlmin_-20: 0.1967755
vctrlmin_-40: 0.1804316
vctrlmin_0: 0.2302976
vctrlmin_100: 0.321367
vctrlmin_125: 0.3603186
vctrlmin_20: 0.2500078
vctrlmin_40: 0.2543407
vctrlmin_60: 0.2923402
vctrlmin_80: 0.2979583
vref_-20: 1.022887
vref_-40: 1.016499
vref_0: 1.027798
vref_100: 1.035278
vref_125: 1.035021
vref_20: 1.031036
vref_40: 1.033072
vref_60: 1.034644
vref_80: 1.035254

