ipmos_-20: 1.452928e-05
ipmos_-40: 1.454787e-05
ipmos_0: 1.445149e-05
ipmos_100: 1.387217e-05
ipmos_125: 1.355208e-05
ipmos_20: 1.436861e-05
ipmos_40: 1.425675e-05
ipmos_60: 1.411887e-05
ipmos_80: 1.400802e-05
isnk_-20: 8.076896e-07
isnk_-40: 7.677979e-07
isnk_0: 8.439017e-07
isnk_100: 9.749891e-07
isnk_125: 9.966775e-07
isnk_20: 8.76495e-07
isnk_40: 9.056913e-07
isnk_60: 9.317098e-07
isnk_80: 9.547361e-07
isrc_-20: 7.546191e-07
isrc_-40: 7.114906e-07
isrc_0: 7.942667e-07
isrc_100: 9.439946e-07
isrc_125: 9.703458e-07
isrc_20: 8.304865e-07
isrc_40: 8.633995e-07
isrc_60: 8.931712e-07
isrc_80: 9.199772e-07
vctrl_-20: 0.4244392
vctrl_-40: 0.4066651
vctrl_0: 0.4432909
vctrl_100: 0.5529494
vctrl_125: 0.5840295
vctrl_20: 0.4632113
vctrl_40: 0.4841619
vctrl_60: 0.5061015
vctrl_80: 0.5290685
vctrlmax_-20: 0.4634462
vctrlmax_-40: 0.4438727
vctrlmax_0: 0.4808991
vctrlmax_100: 0.5965506
vctrlmax_125: 0.6274356
vctrlmax_20: 0.5002669
vctrlmax_40: 0.524714
vctrlmax_60: 0.5482091
vctrlmax_80: 0.5722897
vctrlmin_-20: 0.3926831
vctrlmin_-40: 0.3760752
vctrlmin_0: 0.4301553
vctrlmin_100: 0.5190095
vctrlmin_125: 0.560759
vctrlmin_20: 0.4486446
vctrlmin_40: 0.472117
vctrlmin_60: 0.4838556
vctrlmin_80: 0.5037493
vref_-20: 1.047322
vref_-40: 1.04472
vref_0: 1.049043
vref_100: 1.049683
vref_125: 1.048412
vref_20: 1.049968
vref_40: 1.050431
vref_60: 1.050593
vref_80: 1.050312
