ipmos_-20: 1.453882e-05
ipmos_-40: 1.459598e-05
ipmos_0: 1.448433e-05
ipmos_100: 1.386008e-05
ipmos_125: 1.367458e-05
ipmos_20: 1.440583e-05
ipmos_40: 1.430137e-05
ipmos_60: 1.425463e-05
ipmos_80: 1.400799e-05
isnk_-20: 5.506933e-07
isnk_-40: 5.121434e-07
isnk_0: 5.860507e-07
isnk_100: 7.207837e-07
isnk_125: 7.449058e-07
isnk_20: 6.184101e-07
isnk_40: 6.478989e-07
isnk_60: 6.746882e-07
isnk_80: 6.989343e-07
isrc_-20: 5.402916e-07
isrc_-40: 4.998811e-07
isrc_0: 5.779496e-07
isrc_100: 7.249314e-07
isrc_125: 7.496463e-07
isrc_20: 6.128459e-07
isrc_40: 6.450159e-07
isrc_60: 6.74484e-07
isrc_80: 7.011948e-07
vctrl_-20: 0.5533338
vctrl_-40: 0.5316875
vctrl_0: 0.5758674
vctrl_100: 0.7016618
vctrl_125: 0.7362898
vctrl_20: 0.5992794
vctrl_40: 0.6235807
vctrl_60: 0.6488096
vctrl_80: 0.6748166
vctrlmax_-20: 0.598778
vctrlmax_-40: 0.5764258
vctrlmax_0: 0.6217792
vctrlmax_100: 0.745783
vctrlmax_125: 0.7794447
vctrlmax_20: 0.6450465
vctrlmax_40: 0.6690191
vctrlmax_60: 0.6941604
vctrlmax_80: 0.7196366
vctrlmin_-20: 0.5310122
vctrlmin_-40: 0.5094624
vctrlmin_0: 0.5488343
vctrlmin_100: 0.673698
vctrlmin_125: 0.7075972
vctrlmin_20: 0.5759795
vctrlmin_40: 0.597654
vctrlmin_60: 0.6230358
vctrlmin_80: 0.6478422
vref_-20: 1.050372
vref_-40: 1.048625
vref_0: 1.051222
vref_100: 1.051612
vref_125: 1.050643
vref_20: 1.051899
vref_40: 1.052299
vref_60: 1.052355
vref_80: 1.052073
