vref_-40: 1.051158
vref_125: 1.051158
vref_20: 1.051158
