vref_-40: 1.044494
vref_125: 1.044494
vref_20: 1.044494
