vref_-40: 1.044722
vref_125: 1.044722
vref_20: 1.044722
