vref_-40: 1.052596
vref_125: 1.052596
vref_20: 1.052596
