vref_-40: 1.056279
vref_125: 1.051398
vref_20: 1.056155
