vref_-40: 1.052495
vref_125: 1.052495
vref_20: 1.052495
