vref_-40: 1.049774
vref_125: 1.049774
vref_20: 1.049774
