vref_-40: 1.044767
vref_125: 1.042772
vref_20: 1.044801
