vref_-40: 1.044389
vref_125: 1.044389
vref_20: 1.044389
