vref_-40: 1.041858
vref_125: 1.041858
vref_20: 1.041858
