vref_-40: 1.035849
vref_125: 1.035849
vref_20: 1.035849
