vref_-40: 1.053355
vref_125: 1.053355
vref_20: 1.053355
