vref_-40: 1.041977
vref_125: 1.041977
vref_20: 1.041977
