vref_-40: 1.04139
vref_125: 1.041037
vref_20: 1.043575
