vref_-40: 1.057094
vref_125: 1.048126
vref_20: 1.055016
