caprst_fall_first_-40: 5.155152e-05
caprst_fall_first_0: 4.950152e-05
caprst_fall_first_125: 5.375152e-05
caprst_fall_first_40: 5.310152e-05
caprst_fall_first_80: 5.335152e-05
caprst_fall_second_-40: 0.0001029015
caprst_fall_second_0: 0.0001004515
caprst_fall_second_125: 0.0001051015
caprst_fall_second_40: 0.0001040515
caprst_fall_second_80: 0.0001043015
caprst_rise_first_-40: 5.950152e-05
caprst_rise_first_0: 5.705152e-05
caprst_rise_first_125: 6.130152e-05
caprst_rise_first_40: 6.065152e-05
caprst_rise_first_80: 6.090152e-05
caprst_rise_second_-40: 0.0001108015
caprst_rise_second_0: 0.0001080015
caprst_rise_second_125: 0.0001126515
caprst_rise_second_40: 0.0001116515
caprst_rise_second_80: 0.0001118515
iptat_first_-40: 6.247808e-06
iptat_first_0: 7.319169e-06
iptat_first_125: 1.003176e-05
iptat_first_40: 8.366844e-06
iptat_first_80: 9.189634e-06
iptat_second_-40: 6.052195e-06
iptat_second_0: 7.061549e-06
iptat_second_125: 9.718334e-06
iptat_second_40: 8.031699e-06
iptat_second_80: 9.132331e-06
tmpcount1_-40: 0.1630588
tmpcount1_0: 0.1842353
tmpcount1_125: 0.2244706
tmpcount1_40: 0.1990588
tmpcount1_80: 0.2128235
tmpcount2_-40: 0.2001176
tmpcount2_0: 0.1598824
tmpcount2_125: 0.2128235
tmpcount2_40: 0.1916471
tmpcount2_80: 0.2128235
