caprst_fall_first_0: 5.440152e-05
caprst_fall_first_125: 5.665152e-05
caprst_fall_first_40: 5.690152e-05
caprst_fall_first_80: 5.675152e-05
caprst_fall_second_0: 0.0001056015
caprst_fall_second_125: 0.0001079015
caprst_fall_second_40: 0.0001117015
caprst_fall_second_80: 0.0001082515
caprst_rise_first_0: 6.200152e-05
caprst_rise_first_125: 6.450152e-05
caprst_rise_first_40: 6.820152e-05
caprst_rise_first_80: 6.475152e-05
caprst_rise_second_0: 0.0001168515
caprst_rise_second_125: 0.0001173515
caprst_rise_second_40: 0.0001227515
caprst_rise_second_80: 0.0001158015
iptat_first_0: 5.686956e-06
iptat_first_125: 7.727146e-06
iptat_first_40: 6.420607e-06
iptat_first_80: 7.040606e-06
iptat_second_0: 5.513068e-06
iptat_second_125: 7.54893e-06
iptat_second_40: 6.237195e-06
iptat_second_80: 6.900594e-06
tmpcount1_-40: 0.0
tmpcount1_0: 0.1069412
tmpcount1_125: 0.1461176
tmpcount1_40: 0.1588235
tmpcount1_80: 0.1471765
tmpcount2_-40: 0.0
tmpcount2_0: 0.1588235
tmpcount2_125: 0.1598824
tmpcount2_40: 0.1556471
tmpcount2_80: 0.1196471
