caprst_fall_first_-40: 5.245152e-05
caprst_fall_first_0: 5.380152e-05
caprst_fall_first_125: 5.415152e-05
caprst_fall_first_40: 5.325152e-05
caprst_fall_first_80: 5.270152e-05
caprst_fall_second_-40: 0.0001035515
caprst_fall_second_0: 0.0001047515
caprst_fall_second_125: 0.0001045015
caprst_fall_second_40: 0.0001042015
caprst_fall_second_80: 0.0001036515
caprst_rise_first_-40: 6.015152e-05
caprst_rise_first_0: 6.135152e-05
caprst_rise_first_125: 6.215152e-05
caprst_rise_first_40: 6.080152e-05
caprst_rise_first_80: 6.025152e-05
caprst_rise_second_-40: 0.0001118515
caprst_rise_second_0: 0.0001123015
caprst_rise_second_125: 0.0001120515
caprst_rise_second_40: 0.0001121015
caprst_rise_second_80: 0.0001112015
iptat_first_-40: 5.501246e-06
iptat_first_0: 4.99015e-09
iptat_first_125: 8.746843e-06
iptat_first_40: 7.237152e-06
iptat_first_80: 7.988384e-06
iptat_second_-40: 5.274728e-06
iptat_second_0: 4.060805e-09
iptat_second_125: 8.497353e-06
iptat_second_40: 7.005923e-06
iptat_second_80: 7.757866e-06
tmpcount1_-40: 0.1042105
tmpcount1_0: 0.0
tmpcount1_125: 0.1667368
tmpcount1_40: 0.1297895
tmpcount1_80: 0.1430526
tmpcount2_-40: 0.1042105
tmpcount2_0: 0.0
tmpcount2_125: 0.1430526
tmpcount2_40: 0.1307368
tmpcount2_80: 0.1430526
