caprst_fall_first_-40: 5.705152e-05
caprst_fall_first_0: 5.820152e-05
caprst_fall_first_125: 5.765152e-05
caprst_fall_first_40: 5.895152e-05
caprst_fall_first_80: 5.950152e-05
caprst_fall_second_-40: 0.0001080015
caprst_fall_second_0: 0.0001091515
caprst_fall_second_125: 0.0001075515
caprst_fall_second_40: 0.0001099015
caprst_fall_second_80: 0.0001104515
caprst_rise_first_-40: 6.460152e-05
caprst_rise_first_0: 6.575152e-05
caprst_rise_first_125: 6.520152e-05
caprst_rise_first_40: 6.650152e-05
caprst_rise_first_80: 6.705152e-05
caprst_rise_second_-40: 0.0001155515
caprst_rise_second_0: 0.0001167015
caprst_rise_second_125: 0.0001151015
caprst_rise_second_40: 0.0001180015
caprst_rise_second_80: 0.0001180015
iptat_first_-40: 5.580882e-06
iptat_first_0: 6.423573e-06
iptat_first_125: 8.839623e-06
iptat_first_40: 7.253846e-06
iptat_first_80: 7.962733e-06
iptat_second_-40: 5.312279e-06
iptat_second_0: 6.249503e-06
iptat_second_125: 8.725775e-06
iptat_second_40: 7.084232e-06
iptat_second_80: 7.961082e-06
tmpcount1_-40: 0.1070526
tmpcount1_0: 0.1231579
tmpcount1_125: 0.1638947
tmpcount1_40: 0.1421053
tmpcount1_80: 0.1430526
tmpcount2_-40: 0.1013684
tmpcount2_0: 0.1165263
tmpcount2_125: 0.1582105
tmpcount2_40: 0.1430526
tmpcount2_80: 0.1430526
