caprst_fall_first_-40: 5.405152e-05
caprst_fall_first_0: 5.425152e-05
caprst_fall_first_125: 5.630152e-05
caprst_fall_first_40: 5.470152e-05
caprst_fall_first_80: 5.500152e-05
caprst_fall_second_-40: 0.0001050015
caprst_fall_second_0: 0.0001052015
caprst_fall_second_125: 0.0001063515
caprst_fall_second_40: 0.0001056515
caprst_fall_second_80: 0.0001059515
caprst_rise_first_-40: 6.160152e-05
caprst_rise_first_0: 6.180152e-05
caprst_rise_first_125: 6.400152e-05
caprst_rise_first_40: 6.225152e-05
caprst_rise_first_80: 6.255152e-05
caprst_rise_second_-40: 0.0001163015
caprst_rise_second_0: 0.0001145015
caprst_rise_second_125: 0.0001146515
caprst_rise_second_40: 0.0001138515
caprst_rise_second_80: 0.0001135015
iptat_first_-40: 5.502316e-06
iptat_first_0: 6.396128e-06
iptat_first_125: 8.78493e-06
iptat_first_40: 7.255203e-06
iptat_first_80: 8.004668e-06
iptat_second_-40: 5.310308e-06
iptat_second_0: 6.180707e-06
iptat_second_125: 8.716014e-06
iptat_second_40: 7.0155e-06
iptat_second_80: 7.760077e-06
tmpcount1_-40: 0.109
tmpcount1_0: 0.127
tmpcount1_125: 0.175
tmpcount1_40: 0.15
tmpcount1_80: 0.152
tmpcount2_-40: 0.15
tmpcount2_0: 0.148
tmpcount2_125: 0.181
tmpcount2_40: 0.152
tmpcount2_80: 0.151
