caprst_fall_first_-40: 4.680152e-05
caprst_fall_first_0: 5.085152e-05
caprst_fall_first_125: 5.150152e-05
caprst_fall_first_40: 4.875152e-05
caprst_fall_first_80: 5.055152e-05
caprst_fall_second_-40: 9.775152e-05
caprst_fall_second_0: 0.0001019515
caprst_fall_second_125: 0.0001024515
caprst_fall_second_40: 9.990152e-05
caprst_fall_second_80: 0.0001015015
caprst_rise_first_-40: 5.435152e-05
caprst_rise_first_0: 5.855152e-05
caprst_rise_first_125: 5.905152e-05
caprst_rise_first_40: 5.650152e-05
caprst_rise_first_80: 5.810152e-05
caprst_rise_second_-40: 0.0001054015
caprst_rise_second_0: 0.0001095015
caprst_rise_second_125: 0.0001100015
caprst_rise_second_40: 0.0001093515
caprst_rise_second_80: 0.0001090515
iptat_first_-40: 5.490541e-06
iptat_first_0: 6.369124e-06
iptat_first_125: 8.675886e-06
iptat_first_40: 7.184638e-06
iptat_first_80: 7.997878e-06
iptat_second_-40: 5.285403e-06
iptat_second_0: 6.146641e-06
iptat_second_125: 8.446702e-06
iptat_second_40: 6.97478e-06
iptat_second_80: 7.954785e-06
tmpcount1_-40: 0.108
tmpcount1_0: 0.1291765
tmpcount1_125: 0.1598824
tmpcount1_40: 0.1418824
tmpcount1_80: 0.1598824
tmpcount2_-40: 0.1111765
tmpcount2_0: 0.1577647
tmpcount2_125: 0.1598824
tmpcount2_40: 0.1598824
tmpcount2_80: 0.1630588
