caprst_fall_first_-40: 5.730152e-05
caprst_fall_first_0: 9.940152e-05
caprst_fall_first_125: 6.370152e-05
caprst_fall_first_40: 7.775152e-05
caprst_fall_first_80: 5.865152e-05
caprst_fall_second_-40: 0.0001084515
caprst_fall_second_125: 0.0001146515
caprst_fall_second_40: 0.0001287515
caprst_fall_second_80: 0.0001096015
caprst_rise_first_-40: 6.485152e-05
caprst_rise_first_0: 0.0001069515
caprst_rise_first_125: 7.125152e-05
caprst_rise_first_40: 8.530152e-05
caprst_rise_first_80: 6.620152e-05
caprst_rise_second_-40: 0.0001160015
caprst_rise_second_125: 0.0001222015
caprst_rise_second_40: 0.0001364515
caprst_rise_second_80: 0.0001171515
iptat_first_-40: 5.515233e-06
iptat_first_0: 6.448638e-06
iptat_first_125: 8.812056e-06
iptat_first_40: 7.268228e-06
iptat_first_80: 8.00108e-06
iptat_second_-40: 5.327454e-06
iptat_second_125: 8.501533e-06
iptat_second_40: 7.037597e-06
iptat_second_80: 7.793829e-06
tmpcount1_-40: 0.1132941
tmpcount1_0: 0.1344706
tmpcount1_125: 0.1895294
tmpcount1_40: 0.1588235
tmpcount1_80: 0.1609412
tmpcount2_-40: 0.1069412
tmpcount2_0: 0.0
tmpcount2_125: 0.1598824
tmpcount2_40: 0.1778824
tmpcount2_80: 0.1598824
