caprst_fall_first_-40: 5.395152e-05
caprst_fall_first_0: 5.380152e-05
caprst_fall_first_125: 5.540152e-05
caprst_fall_first_40: 5.450152e-05
caprst_fall_first_80: 5.645152e-05
caprst_fall_second_-40: 0.0001051015
caprst_fall_second_0: 0.0001058015
caprst_fall_second_125: 0.0001053015
caprst_fall_second_40: 0.0001051015
caprst_fall_second_80: 0.0001074015
caprst_rise_first_-40: 6.170152e-05
caprst_rise_first_0: 6.240152e-05
caprst_rise_first_125: 6.295152e-05
caprst_rise_first_40: 6.275152e-05
caprst_rise_first_80: 6.400152e-05
caprst_rise_second_-40: 0.0001130515
caprst_rise_second_0: 0.0001133515
caprst_rise_second_125: 0.0001128515
caprst_rise_second_40: 0.0001127015
caprst_rise_second_80: 0.0001149515
iptat_first_-40: 6.296355e-06
iptat_first_0: 7.36098e-06
iptat_first_125: 1.005185e-05
iptat_first_40: 8.309163e-06
iptat_first_80: 9.21285e-06
iptat_second_-40: 6.042487e-06
iptat_second_0: 7.020989e-06
iptat_second_125: 9.750847e-06
iptat_second_40: 8.250123e-06
iptat_second_80: 8.84069e-06
tmpcount1_-40: 0.1392632
tmpcount1_0: 0.1828421
tmpcount1_125: 0.2150526
tmpcount1_40: 0.198
tmpcount1_80: 0.1904211
tmpcount2_-40: 0.1373684
tmpcount2_0: 0.1430526
tmpcount2_125: 0.1904211
tmpcount2_40: 0.1724211
tmpcount2_80: 0.1904211
