caprst_fall_first_-40: 5.750152e-05
caprst_fall_first_0: 5.855152e-05
caprst_fall_first_125: 5.930152e-05
caprst_fall_first_40: 5.780152e-05
caprst_fall_first_80: 5.800152e-05
caprst_fall_second_-40: 0.0001085515
caprst_fall_second_0: 0.0001099515
caprst_fall_second_125: 0.0001102515
caprst_fall_second_40: 0.0001087515
caprst_fall_second_80: 0.0001089515
caprst_rise_first_-40: 6.515152e-05
caprst_rise_first_0: 6.655152e-05
caprst_rise_first_125: 6.685152e-05
caprst_rise_first_40: 6.535152e-05
caprst_rise_first_80: 6.555152e-05
caprst_rise_second_-40: 0.0001161515
caprst_rise_second_0: 0.0001175015
caprst_rise_second_125: 0.0001178515
caprst_rise_second_40: 0.0001163015
caprst_rise_second_80: 0.0001184015
iptat_first_-40: 4.916627e-06
iptat_first_0: 5.676639e-06
iptat_first_125: 7.745681e-06
iptat_first_40: 6.413026e-06
iptat_first_80: 7.097102e-06
iptat_second_-40: 4.71918e-06
iptat_second_0: 5.510903e-06
iptat_second_125: 7.584289e-06
iptat_second_40: 6.245636e-06
iptat_second_80: 6.918986e-06
tmpcount1_-40: 0.09378947
tmpcount1_0: 0.1061053
tmpcount1_125: 0.1278947
tmpcount1_40: 0.1146316
tmpcount1_80: 0.1184211
tmpcount2_-40: 0.08810526
tmpcount2_0: 0.09473684
tmpcount2_125: 0.1250526
tmpcount2_40: 0.1108421
tmpcount2_80: 0.1430526
