ivdd_20: -4.181604e-05
vref_20: 0.5957824
