ivdd_20: -4.106068e-05
vref_20: 0.6018563
