ivdd_20: -4.175474e-05
vref_20: 0.5988823
