ivdd_20: -4.051406e-05
vref_20: 0.5888385
