ivdd_20: -3.988132e-05
vref_20: 0.5994262
