ivdd_20: -3.934784e-05
vref_20: 0.5968579
