ivdd_20: -4.152772e-05
vref_20: 0.5926503
