ivdd_20: -3.980442e-05
vref_20: 0.5941946
