ivdd_20: -3.749919e-05
vref_20: 0.5957046
