ivdd_20: -3.964052e-05
vref_20: 0.6035757
