caprst_fall_first_125: 5.615152e-05
caprst_fall_second_125: 0.0001119015
caprst_rise_first_125: 6.370152e-05
caprst_rise_second_125: 0.0001198015
iptat_first_125: 1.036548e-05
iptat_second_125: 6.983132e-06
tmpcount1_125: 0.201
tmpcount2_125: 0.148
