caprst_fall_first_125: 5.230152e-05
caprst_fall_second_125: 0.0001034515
caprst_rise_first_125: 5.985152e-05
caprst_rise_second_125: 0.0001110015
iptat_first_125: 9.371863e-06
iptat_second_125: 7.867263e-06
tmpcount1_125: 0.181
tmpcount2_125: 0.151
