caprst_fall_first_125: 6.765152e-05
caprst_fall_second_125: 0.0001367515
caprst_rise_first_125: 7.530152e-05
caprst_rise_second_125: 0.0001444018
iptat_first_125: 1.150327e-05
iptat_second_125: 5.621665e-06
tmpcount1_125: 0.24
tmpcount2_125: 0.122
