caprst_fall_first_125: 5.810152e-05
caprst_fall_second_125: 0.0001141515
caprst_rise_first_125: 6.565152e-05
caprst_rise_second_125: 0.0001228015
iptat_first_125: 1.063678e-05
iptat_second_125: 6.642041e-06
tmpcount1_125: 0.201
tmpcount2_125: 0.148
