caprst_fall_first_125: 5.760152e-05
caprst_fall_second_125: 0.0001121515
caprst_rise_first_125: 6.515152e-05
caprst_rise_second_125: 0.0001204015
iptat_first_125: 1.039412e-05
iptat_second_125: 6.989453e-06
tmpcount1_125: 0.201
tmpcount2_125: 0.147
