caprst_fall_first_125: 5.290152e-05
caprst_fall_second_125: 0.0001047015
caprst_rise_first_125: 6.110152e-05
caprst_rise_second_125: 0.0001122515
iptat_first_125: 9.539942e-06
iptat_second_125: 7.849596e-06
tmpcount1_125: 0.198
tmpcount2_125: 0.151
