caprst_fall_first_125: 5.405152e-05
caprst_fall_second_125: 0.0001050515
caprst_rise_first_125: 6.160152e-05
caprst_rise_second_125: 0.0001126015
iptat_first_125: 8.997712e-06
iptat_second_125: 8.375379e-06
tmpcount1_125: 0.192
tmpcount2_125: 0.151
