caprst_fall_first_125: 5.205152e-05
caprst_fall_second_125: 0.0001023515
caprst_rise_first_125: 6.000152e-05
caprst_rise_second_125: 0.0001099015
iptat_first_125: 9.483924e-06
iptat_second_125: 7.769472e-06
tmpcount1_125: 0.202
tmpcount2_125: 0.151
