caprst_fall_first_125: 5.480152e-05
caprst_fall_second_125: 0.0001093015
caprst_rise_first_125: 6.235152e-05
caprst_rise_second_125: 0.0001173515
iptat_first_125: 1.026375e-05
iptat_second_125: 7.040979e-06
tmpcount1_125: 0.201
tmpcount2_125: 0.151
