caprst_fall_first_125: 5.455152e-05
caprst_fall_second_125: 0.0001105015
caprst_rise_first_125: 6.210152e-05
caprst_rise_second_125: 0.0001188015
iptat_first_125: 1.058142e-05
iptat_second_125: 6.76996e-06
tmpcount1_125: 0.201
tmpcount2_125: 0.15
