caprst_fall_first_125: 5.200152e-05
caprst_fall_second_125: 0.0001030515
caprst_rise_first_125: 5.955152e-05
caprst_rise_second_125: 0.0001106015
iptat_first_125: 9.409947e-06
iptat_second_125: 7.98008e-06
tmpcount1_125: 0.182
tmpcount2_125: 0.151
