caprst_fall_first_125: 6.285152e-05
caprst_fall_second_125: 0.0001228515
caprst_rise_first_125: 7.040152e-05
caprst_rise_second_125: 0.0001317515
iptat_first_125: 1.078558e-05
iptat_second_125: 6.448665e-06
tmpcount1_125: 0.201
tmpcount2_125: 0.148
