caprst_fall_first_125: 5.525152e-05
caprst_fall_second_125: 0.0001086015
caprst_rise_first_125: 6.280152e-05
caprst_rise_second_125: 0.0001161515
iptat_first_125: 1.002225e-05
iptat_second_125: 7.314684e-06
tmpcount1_125: 0.201
tmpcount2_125: 0.15
