caprst_fall_first_125: 5.365152e-05
caprst_fall_second_125: 0.0001048515
caprst_rise_first_125: 6.125152e-05
caprst_rise_second_125: 0.0001124015
iptat_first_125: 9.508503e-06
iptat_second_125: 7.743073e-06
tmpcount1_125: 0.182
tmpcount2_125: 0.151
