caprst_fall_first_125: 6.165152e-05
caprst_fall_second_125: 0.0001225015
caprst_rise_first_125: 6.920152e-05
caprst_rise_second_125: 0.0001305015
iptat_first_125: 1.05715e-05
iptat_second_125: 6.607051e-06
tmpcount1_125: 0.201
tmpcount2_125: 0.142
