ipmos_-20: 1.442957e-05
ipmos_-40: 1.44395e-05
ipmos_0: 1.439759e-05
ipmos_100: 1.374985e-05
ipmos_125: 1.347489e-05
ipmos_20: 1.428673e-05
ipmos_40: 1.421729e-05
ipmos_60: 1.410323e-05
ipmos_80: 1.393944e-05
isnk_-20: 5.551625e-07
isnk_-40: 5.14713e-07
isnk_0: 5.922141e-07
isnk_100: 7.345261e-07
isnk_125: 7.606893e-07
isnk_20: 6.261919e-07
isnk_40: 6.572309e-07
isnk_60: 6.854312e-07
isnk_80: 7.111839e-07
isrc_-20: 5.120579e-07
isrc_-40: 4.702495e-07
isrc_0: 5.510413e-07
isrc_100: 7.062012e-07
isrc_125: 7.357599e-07
isrc_20: 5.87232e-07
isrc_40: 6.207208e-07
isrc_60: 6.516263e-07
isrc_80: 6.800766e-07
vctrl_-20: 0.2196088
vctrl_-40: 0.2012028
vctrl_0: 0.238991
vctrl_100: 0.3509517
vctrl_125: 0.3823759
vctrl_20: 0.2594343
vctrl_40: 0.280895
vctrl_60: 0.3032613
vctrl_80: 0.3266484
vctrlmax_-20: 0.2570386
vctrlmax_-40: 0.2362264
vctrlmax_0: 0.2778518
vctrlmax_100: 0.3939995
vctrlmax_125: 0.4257224
vctrlmax_20: 0.2994664
vctrlmax_40: 0.3219867
vctrlmax_60: 0.3454998
vctrlmax_80: 0.369456
vctrlmin_-20: 0.1967546
vctrlmin_-40: 0.1798494
vctrlmin_0: 0.2302976
vctrlmin_100: 0.3212421
vctrlmin_125: 0.3603186
vctrlmin_20: 0.2435372
vctrlmin_40: 0.2543534
vctrlmin_60: 0.2923402
vctrlmin_80: 0.3048534
vref_-20: 1.022853
vref_-40: 1.016499
vref_0: 1.027793
vref_100: 1.035289
vref_125: 1.034997
vref_20: 1.031032
vref_40: 1.033072
vref_60: 1.034645
vref_80: 1.035277
