ipmos_-20: 1.455177e-05
ipmos_-40: 1.461246e-05
ipmos_0: 1.449817e-05
ipmos_100: 1.387387e-05
ipmos_125: 1.362865e-05
ipmos_20: 1.442006e-05
ipmos_40: 1.431596e-05
ipmos_60: 1.417579e-05
ipmos_80: 1.402258e-05
isnk_-20: 5.506446e-07
isnk_-40: 5.121747e-07
isnk_0: 5.860095e-07
isnk_100: 7.207603e-07
isnk_125: 7.449371e-07
isnk_20: 6.18374e-07
isnk_40: 6.478667e-07
isnk_60: 6.747025e-07
isnk_80: 6.989091e-07
isrc_-20: 5.402917e-07
isrc_-40: 4.998812e-07
isrc_0: 5.779497e-07
isrc_100: 7.249317e-07
isrc_125: 7.496466e-07
isrc_20: 6.12846e-07
isrc_40: 6.45016e-07
isrc_60: 6.744837e-07
isrc_80: 7.01195e-07
vctrl_-20: 0.5533785
vctrl_-40: 0.531753
vctrl_0: 0.5759014
vctrl_100: 0.7016163
vctrl_125: 0.7362419
vctrl_20: 0.5993079
vctrl_40: 0.6236029
vctrl_60: 0.6488157
vctrl_80: 0.674763
vctrlmax_-20: 0.598778
vctrlmax_-40: 0.5764258
vctrlmax_0: 0.6217792
vctrlmax_100: 0.7457831
vctrlmax_125: 0.7794447
vctrlmax_20: 0.6450465
vctrlmax_40: 0.6690191
vctrlmax_60: 0.6941604
vctrlmax_80: 0.7196366
vctrlmin_-20: 0.5306482
vctrlmin_-40: 0.5094624
vctrlmin_0: 0.5488343
vctrlmin_100: 0.6736814
vctrlmin_125: 0.7075972
vctrlmin_20: 0.5759795
vctrlmin_40: 0.597654
vctrlmin_60: 0.6230358
vctrlmin_80: 0.647786
vref_-20: 1.050409
vref_-40: 1.048705
vref_0: 1.051231
vref_100: 1.051586
vref_125: 1.050646
vref_20: 1.051912
vref_40: 1.052311
vref_60: 1.052366
vref_80: 1.052081
