ipmos_-20: 1.66004e-05
ipmos_-40: 1.662427e-05
ipmos_0: 1.654018e-05
ipmos_100: 1.575556e-05
ipmos_125: 1.552505e-05
ipmos_20: 1.636801e-05
ipmos_40: 1.624222e-05
ipmos_60: 1.608652e-05
ipmos_80: 1.593208e-05
isnk_-20: 8.605936e-07
isnk_-40: 8.156793e-07
isnk_0: 9.014809e-07
isnk_100: 1.051111e-06
isnk_125: 1.076252e-06
isnk_20: 9.384642e-07
isnk_40: 9.717179e-07
isnk_60: 1.001436e-06
isnk_80: 1.027768e-06
isrc_-20: 8.210979e-07
isrc_-40: 7.724899e-07
isrc_0: 8.659605e-07
isrc_100: 1.036799e-06
isrc_125: 1.066069e-06
isrc_20: 9.071098e-07
isrc_40: 9.446503e-07
isrc_60: 9.787198e-07
isrc_80: 1.009428e-06
vctrl_-20: 0.5169831
vctrl_-40: 0.4968795
vctrl_0: 0.5380789
vctrl_100: 0.6579272
vctrl_125: 0.6914577
vctrl_20: 0.559976
vctrl_40: 0.5830504
vctrl_60: 0.6071078
vctrl_80: 0.6320789
vctrlmax_-20: 0.5571366
vctrlmax_-40: 0.5398677
vctrlmax_0: 0.5799214
vctrlmax_100: 0.6990923
vctrlmax_125: 0.7340534
vctrlmax_20: 0.6042857
vctrlmax_40: 0.6255137
vctrlmax_60: 0.6526893
vctrlmax_80: 0.6751909
vctrlmin_-20: 0.4854976
vctrlmin_-40: 0.4660256
vctrlmin_0: 0.5224802
vctrlmin_100: 0.6273011
vctrlmin_125: 0.6608807
vctrlmin_20: 0.5405925
vctrlmin_40: 0.550772
vctrlmin_60: 0.5890772
vctrlmin_80: 0.6051204
vref_-20: 1.047935
vref_-40: 1.046372
vref_0: 1.048985
vref_100: 1.049061
vref_125: 1.047835
vref_20: 1.049667
vref_40: 1.050027
vref_60: 1.049916
vref_80: 1.049625
