ipmos_-20: 1.456365e-05
ipmos_-40: 1.459777e-05
ipmos_0: 1.447111e-05
ipmos_100: 1.383945e-05
ipmos_125: 1.361531e-05
ipmos_20: 1.438683e-05
ipmos_40: 1.427703e-05
ipmos_60: 1.414394e-05
ipmos_80: 1.398384e-05
isnk_-20: 3.310223e-07
isnk_-40: 2.944468e-07
isnk_0: 3.653609e-07
isnk_100: 5.047477e-07
isnk_125: 5.319643e-07
isnk_20: 3.974397e-07
isnk_40: 4.273306e-07
isnk_60: 4.551169e-07
isnk_80: 4.808937e-07
isrc_-20: 3.222881e-07
isrc_-40: 2.847946e-07
isrc_0: 3.579304e-07
isrc_100: 5.05563e-07
isrc_125: 5.326166e-07
isrc_20: 3.916253e-07
isrc_40: 4.2333e-07
isrc_60: 4.529962e-07
isrc_80: 4.804993e-07
vctrl_-20: 0.3526354
vctrl_-40: 0.3310851
vctrl_0: 0.3752696
vctrl_100: 0.5014038
vctrl_125: 0.5360141
vctrl_20: 0.3988046
vctrl_40: 0.4231768
vctrl_60: 0.4484418
vctrl_80: 0.474538
vctrlmax_-20: 0.3959553
vctrlmax_-40: 0.3731047
vctrlmax_0: 0.4205995
vctrlmax_100: 0.5469277
vctrlmax_125: 0.581062
vctrlmax_20: 0.4458322
vctrlmax_40: 0.4691967
vctrlmax_60: 0.493358
vctrlmax_80: 0.5201791
vctrlmin_-20: 0.3353911
vctrlmin_-40: 0.3109095
vctrlmin_0: 0.3569597
vctrlmin_100: 0.4751591
vctrlmin_125: 0.5083965
vctrlmin_20: 0.3754643
vctrlmin_40: 0.3999686
vctrlmin_60: 0.4252412
vctrlmin_80: 0.4497879
vref_-20: 1.048086
vref_-40: 1.046718
vref_0: 1.048689
vref_100: 1.047479
vref_125: 1.046021
vref_20: 1.04878
vref_40: 1.048865
vref_60: 1.048751
vref_80: 1.048171
