ipmos_-20: 1.452504e-05
ipmos_-40: 1.454318e-05
ipmos_0: 1.44572e-05
ipmos_100: 1.379419e-05
ipmos_125: 1.350921e-05
ipmos_20: 1.43829e-05
ipmos_40: 1.428006e-05
ipmos_60: 1.414199e-05
ipmos_80: 1.397756e-05
isnk_-20: 8.077388e-07
isnk_-40: 7.678446e-07
isnk_0: 8.439454e-07
isnk_100: 9.750266e-07
isnk_125: 9.967118e-07
isnk_20: 8.765549e-07
isnk_40: 9.057368e-07
isnk_60: 9.317519e-07
isnk_80: 9.547745e-07
isrc_-20: 7.546192e-07
isrc_-40: 7.114906e-07
isrc_0: 7.942676e-07
isrc_100: 9.439942e-07
isrc_125: 9.70346e-07
isrc_20: 8.304866e-07
isrc_40: 8.633996e-07
isrc_60: 8.931709e-07
isrc_80: 9.199769e-07
vctrl_-20: 0.4245073
vctrl_-40: 0.4067322
vctrl_0: 0.4433728
vctrl_100: 0.552956
vctrl_125: 0.5840181
vctrl_20: 0.4632319
vctrl_40: 0.4842243
vctrl_60: 0.5061659
vctrl_80: 0.5290969
vctrlmax_-20: 0.4634463
vctrlmax_-40: 0.4438727
vctrlmax_0: 0.4809054
vctrlmax_100: 0.5965497
vctrlmax_125: 0.6274366
vctrlmax_20: 0.5002753
vctrlmax_40: 0.5247141
vctrlmax_60: 0.5482089
vctrlmax_80: 0.5722897
vctrlmin_-20: 0.3926816
vctrlmin_-40: 0.3760752
vctrlmin_0: 0.4129279
vctrlmin_100: 0.5169794
vctrlmin_125: 0.5492561
vctrlmin_20: 0.4411681
vctrlmin_40: 0.4692717
vctrlmin_60: 0.4830235
vctrlmin_80: 0.5037209
vref_-20: 1.047331
vref_-40: 1.04473
vref_0: 1.049025
vref_100: 1.049695
vref_125: 1.0484
vref_20: 1.050288
vref_40: 1.050426
vref_60: 1.050594
vref_80: 1.050296
