ipmos_-20: 1.453183e-05
ipmos_-40: 1.455476e-05
ipmos_0: 1.447229e-05
ipmos_100: 1.374314e-05
ipmos_125: 1.352843e-05
ipmos_20: 1.437317e-05
ipmos_40: 1.423135e-05
ipmos_60: 1.40893e-05
ipmos_80: 1.392504e-05
isnk_-20: 5.538935e-07
isnk_-40: 5.143954e-07
isnk_0: 5.90221e-07
isnk_100: 7.292825e-07
isnk_125: 7.544925e-07
isnk_20: 6.234983e-07
isnk_40: 6.538864e-07
isnk_60: 6.815138e-07
isnk_80: 7.065969e-07
isrc_-20: 5.271177e-07
isrc_-40: 4.857419e-07
isrc_0: 5.656891e-07
isrc_100: 7.187657e-07
isrc_125: 7.477303e-07
isrc_20: 6.014734e-07
isrc_40: 6.34558e-07
isrc_60: 6.650501e-07
isrc_80: 6.930791e-07
vctrl_-20: 0.3912617
vctrl_-40: 0.3709784
vctrl_0: 0.4122959
vctrl_100: 0.5313551
vctrl_125: 0.5645654
vctrl_20: 0.434227
vctrl_40: 0.4570934
vctrl_60: 0.4809776
vctrl_80: 0.5057321
vctrlmax_-20: 0.4331202
vctrlmax_-40: 0.4107735
vctrlmax_0: 0.4556076
vctrlmax_100: 0.5787097
vctrlmax_125: 0.6078393
vctrlmax_20: 0.4801589
vctrlmax_40: 0.5039667
vctrlmax_60: 0.5285508
vctrlmax_80: 0.5543779
vctrlmin_-20: 0.3703257
vctrlmin_-40: 0.3593337
vctrlmin_0: 0.3838254
vctrlmin_100: 0.5086853
vctrlmin_125: 0.5439568
vctrlmin_20: 0.4052817
vctrlmin_40: 0.4343574
vctrlmin_60: 0.4582888
vctrlmin_80: 0.4777891
vref_-20: 1.047996
vref_-40: 1.048148
vref_0: 1.048658
vref_100: 1.048857
vref_125: 1.047568
vref_20: 1.049535
vref_40: 1.050019
vref_60: 1.049822
vref_80: 1.049452
