ipmos_-20: 1.294611e-05
ipmos_-40: 1.299153e-05
ipmos_0: 1.287831e-05
ipmos_100: 1.228356e-05
ipmos_125: 1.199391e-05
ipmos_20: 1.280448e-05
ipmos_40: 1.271867e-05
ipmos_60: 1.259663e-05
ipmos_80: 1.24491e-05
isnk_-20: 5.31486e-07
isnk_-40: 4.965031e-07
isnk_0: 5.633446e-07
isnk_100: 6.834061e-07
isnk_125: 7.047454e-07
isnk_20: 5.923783e-07
isnk_40: 6.186912e-07
isnk_60: 6.42557e-07
isnk_80: 6.64072e-07
isrc_-20: 5.10098e-07
isrc_-40: 4.736893e-07
isrc_0: 5.439014e-07
isrc_100: 6.759599e-07
isrc_125: 7.003866e-07
isrc_20: 5.751206e-07
isrc_40: 6.038214e-07
isrc_60: 6.301158e-07
isrc_80: 6.541212e-07
vctrl_-20: 0.4584988
vctrl_-40: 0.438581
vctrl_0: 0.479631
vctrl_100: 0.5977228
vctrl_125: 0.6304917
vctrl_20: 0.5015515
vctrl_40: 0.5242952
vctrl_60: 0.5478867
vctrl_80: 0.5724038
vctrlmax_-20: 0.5019256
vctrlmax_-40: 0.4811454
vctrlmax_0: 0.5242206
vctrlmax_100: 0.6477916
vctrlmax_125: 0.6809523
vctrlmax_20: 0.547501
vctrlmax_40: 0.5701458
vctrlmax_60: 0.5941186
vctrlmax_80: 0.6213119
vctrlmin_-20: 0.4294739
vctrlmin_-40: 0.4083866
vctrlmin_0: 0.464902
vctrlmin_100: 0.575143
vctrlmin_125: 0.6078257
vctrlmin_20: 0.4857
vctrlmin_40: 0.4938878
vctrlmin_60: 0.5228572
vctrlmin_80: 0.5413622
vref_-20: 1.051474
vref_-40: 1.047458
vref_0: 1.051292
vref_100: 1.051791
vref_125: 1.050836
vref_20: 1.051412
vref_40: 1.051834
vref_60: 1.05217
vref_80: 1.052025
