ipmos_-20: 1.66053e-05
ipmos_-40: 1.663125e-05
ipmos_0: 1.654049e-05
ipmos_100: 1.575389e-05
ipmos_125: 1.540726e-05
ipmos_20: 1.644521e-05
ipmos_40: 1.629584e-05
ipmos_60: 1.613761e-05
ipmos_80: 1.595629e-05
isnk_-20: 5.795903e-07
isnk_-40: 5.345395e-07
isnk_0: 6.211968e-07
isnk_100: 7.826853e-07
isnk_125: 8.125085e-07
isnk_20: 6.594759e-07
isnk_40: 6.946628e-07
isnk_60: 7.267547e-07
isnk_80: 7.560453e-07
isrc_-20: 5.470685e-07
isrc_-40: 5.000288e-07
isrc_0: 5.910989e-07
isrc_100: 7.676559e-07
isrc_125: 8.004722e-07
isrc_20: 6.321283e-07
isrc_40: 6.702296e-07
isrc_60: 7.054945e-07
isrc_80: 7.379802e-07
vctrl_-20: 0.3159337
vctrl_-40: 0.2957505
vctrl_0: 0.337153
vctrl_100: 0.4575641
vctrl_125: 0.4909909
vctrl_20: 0.3593084
vctrl_40: 0.3824951
vctrl_60: 0.4066119
vctrl_80: 0.431635
vctrlmax_-20: 0.3538113
vctrlmax_-40: 0.3311119
vctrlmax_0: 0.3768708
vctrlmax_100: 0.4991068
vctrlmax_125: 0.5340578
vctrlmax_20: 0.4005763
vctrlmax_40: 0.4250996
vctrlmax_60: 0.4508468
vctrlmax_80: 0.4736587
vctrlmin_-20: 0.2906994
vctrlmin_-40: 0.271269
vctrlmin_0: 0.311459
vctrlmin_100: 0.4349427
vctrlmin_125: 0.4724496
vctrlmin_20: 0.3401433
vctrlmin_40: 0.3688741
vctrlmin_60: 0.3847315
vctrlmin_80: 0.413081
vref_-20: 1.043538
vref_-40: 1.042482
vref_0: 1.044294
vref_100: 1.042032
vref_125: 1.040281
vref_20: 1.044736
vref_40: 1.044293
vref_60: 1.043693
vref_80: 1.042855
