ivdd_-20: -3.035028e-05
ivdd_-40: -2.429369e-05
ivdd_0: -3.517631e-05
ivdd_100: -5.421239e-05
ivdd_125: -6.027504e-05
ivdd_20: -3.932334e-05
ivdd_40: -4.292927e-05
ivdd_60: -4.594264e-05
ivdd_80: -5.038815e-05
vref_-20: 0.5919029
vref_-40: 0.5913453
vref_0: 0.5928869
vref_100: 0.5943529
vref_125: 0.5931482
vref_20: 0.5932847
vref_40: 0.5943007
vref_60: 0.5956759
vref_80: 0.5953471
