ivdd_-20: -3.079484e-05
ivdd_-40: -2.536152e-05
ivdd_0: -3.546936e-05
ivdd_100: -5.341799e-05
ivdd_125: -5.936588e-05
ivdd_20: -3.945418e-05
ivdd_40: -4.288979e-05
ivdd_60: -4.667751e-05
ivdd_80: -4.932191e-05
vref_-20: 0.5997966
vref_-40: 0.5990599
vref_0: 0.601603
vref_100: 0.6018875
vref_125: 0.6002341
vref_20: 0.6017447
vref_40: 0.6019576
vref_60: 0.6011299
vref_80: 0.6012025
