ivdd_-20: -2.961168e-05
ivdd_-40: -2.389712e-05
ivdd_0: -3.452467e-05
ivdd_100: -5.676325e-05
ivdd_125: -6.335086e-05
ivdd_20: -3.880726e-05
ivdd_40: -4.252574e-05
ivdd_60: -4.653681e-05
ivdd_80: -5.14922e-05
vref_-20: 0.5985212
vref_-40: 0.5964276
vref_0: 0.5987665
vref_100: 0.5973103
vref_125: 0.5963477
vref_20: 0.597774
vref_40: 0.5986815
vref_60: 0.5983377
vref_80: 0.5982051
