ivdd_-20: -3.038766e-05
ivdd_-40: -2.470603e-05
ivdd_0: -3.530421e-05
ivdd_100: -5.393827e-05
ivdd_125: -6.069531e-05
ivdd_20: -3.916789e-05
ivdd_40: -4.273109e-05
ivdd_60: -4.61803e-05
ivdd_80: -4.992587e-05
vref_-20: 0.5951947
vref_-40: 0.5943758
vref_0: 0.595343
vref_100: 0.5929545
vref_125: 0.5919004
vref_20: 0.5969978
vref_40: 0.5941085
vref_60: 0.5943571
vref_80: 0.5945491
