ivdd_-20: -2.875111e-05
ivdd_-40: -2.356103e-05
ivdd_0: -3.30646e-05
ivdd_100: -5.133353e-05
ivdd_125: -5.743249e-05
ivdd_20: -3.640569e-05
ivdd_40: -3.953125e-05
ivdd_60: -4.317272e-05
ivdd_80: -4.689615e-05
vref_-20: 0.5903701
vref_-40: 0.5896151
vref_0: 0.5905265
vref_100: 0.5914377
vref_125: 0.5905151
vref_20: 0.590496
vref_40: 0.5907669
vref_60: 0.5924897
vref_80: 0.5920765
