ivdd_-20: -3.133385e-05
ivdd_-40: -2.480171e-05
ivdd_0: -3.712069e-05
ivdd_100: -5.612877e-05
ivdd_125: -6.349966e-05
ivdd_20: -4.197671e-05
ivdd_40: -4.595931e-05
ivdd_60: -4.911285e-05
ivdd_80: -5.248582e-05
vref_-20: 0.5976126
vref_-40: 0.5961212
vref_0: 0.5987483
vref_100: 0.5980337
vref_125: 0.598954
vref_20: 0.5991535
vref_40: 0.5985174
vref_60: 0.5977172
vref_80: 0.5982866
