ivdd_-20: -3.129772e-05
ivdd_-40: -2.578153e-05
ivdd_0: -3.647906e-05
ivdd_100: -5.138552e-05
ivdd_125: -5.627617e-05
ivdd_20: -4.010016e-05
ivdd_40: -4.311836e-05
ivdd_60: -4.55188e-05
ivdd_80: -4.882229e-05
vref_-20: 0.5995101
vref_-40: 0.5977708
vref_0: 0.5998656
vref_100: 0.6040753
vref_125: 0.6029565
vref_20: 0.6013611
vref_40: 0.601045
vref_60: 0.6028971
vref_80: 0.6032389
