ivdd_-20: -2.840096e-05
ivdd_-40: -2.372322e-05
ivdd_0: -3.267135e-05
ivdd_100: -5.013316e-05
ivdd_125: -5.463628e-05
ivdd_20: -3.612951e-05
ivdd_40: -3.912724e-05
ivdd_60: -4.271232e-05
ivdd_80: -4.593395e-05
vref_-20: 0.5953797
vref_-40: 0.5946502
vref_0: 0.5957437
vref_100: 0.5968252
vref_125: 0.5962078
vref_20: 0.5966181
vref_40: 0.5962606
vref_60: 0.5967389
vref_80: 0.5961298
