ivdd_-20: -2.996505e-05
ivdd_-40: -2.506975e-05
ivdd_0: -3.400549e-05
ivdd_100: -4.983423e-05
ivdd_125: -5.399831e-05
ivdd_20: -3.731753e-05
ivdd_40: -4.04154e-05
ivdd_60: -4.334124e-05
ivdd_80: -4.633215e-05
vref_-20: 0.6016575
vref_-40: 0.6006546
vref_0: 0.6026111
vref_100: 0.6036655
vref_125: 0.6025881
vref_20: 0.6023338
vref_40: 0.6017106
vref_60: 0.6029515
vref_80: 0.6028778
