ivdd_-20: -2.802692e-05
ivdd_-40: -2.270691e-05
ivdd_0: -3.204836e-05
ivdd_100: -4.917329e-05
ivdd_125: -5.559317e-05
ivdd_20: -3.554118e-05
ivdd_40: -3.884265e-05
ivdd_60: -4.196074e-05
ivdd_80: -4.467616e-05
vref_-20: 0.5972167
vref_-40: 0.5960987
vref_0: 0.5970564
vref_100: 0.5960313
vref_125: 0.5958834
vref_20: 0.5971936
vref_40: 0.5967635
vref_60: 0.5972174
vref_80: 0.597339
