caprst_fall_first_-40: 5.890152e-05
caprst_fall_first_125: 5.945152e-05
caprst_fall_first_20: 5.740152e-05
caprst_fall_second_-40: 0.0001208015
caprst_fall_second_125: 0.0001209515
caprst_fall_second_20: 0.0001172515
caprst_rise_first_-40: 6.745152e-05
caprst_rise_first_125: 6.800152e-05
caprst_rise_first_20: 6.600152e-05
caprst_rise_second_-40: 0.0001293515
caprst_rise_second_125: 0.0001295015
caprst_rise_second_20: 0.0001280015
iptat_first_-40: 7.147875e-06
iptat_first_125: 1.080232e-05
iptat_first_20: 8.558194e-06
iptat_second_-40: 3.856237e-06
iptat_second_125: 6.544107e-06
iptat_second_20: 5.036104e-06
tmpcount1_-40: 0.157
tmpcount1_125: 0.227
tmpcount1_20: 0.197
tmpcount2_-40: 0.09
tmpcount2_125: 0.152
tmpcount2_20: 0.143
