caprst_fall_first_-40: 5.355152e-05
caprst_fall_first_125: 5.435152e-05
caprst_fall_first_20: 5.245152e-05
caprst_fall_second_-40: 0.0001081515
caprst_fall_second_125: 0.0001081515
caprst_fall_second_20: 0.0001056515
caprst_rise_first_-40: 6.210152e-05
caprst_rise_first_125: 6.375152e-05
caprst_rise_first_20: 6.100152e-05
caprst_rise_second_-40: 0.0001181015
caprst_rise_second_125: 0.0001167015
caprst_rise_second_20: 0.0001142015
iptat_first_-40: 6.607526e-06
iptat_first_125: 9.999332e-06
iptat_first_20: 7.932342e-06
iptat_second_-40: 4.442104e-06
iptat_second_125: 7.449444e-06
iptat_second_20: 5.722446e-06
tmpcount1_-40: 0.146
tmpcount1_125: 0.24
tmpcount1_20: 0.171
tmpcount2_-40: 0.113
tmpcount2_125: 0.17
tmpcount2_20: 0.171
