caprst_fall_first_-40: 5.750152e-05
caprst_fall_first_125: 5.410152e-05
caprst_fall_first_20: 5.415152e-05
caprst_fall_second_-40: 0.0001153015
caprst_fall_second_125: 0.0001070015
caprst_fall_second_20: 0.0001077015
caprst_rise_first_-40: 6.645152e-05
caprst_rise_first_125: 6.265152e-05
caprst_rise_first_20: 6.270152e-05
caprst_rise_second_-40: 0.0001241515
caprst_rise_second_125: 0.0001162515
caprst_rise_second_20: 0.0001205015
iptat_first_-40: 7.052467e-06
iptat_first_125: 1.034506e-05
iptat_first_20: 8.344767e-06
iptat_second_-40: 4.023639e-06
iptat_second_125: 7.079353e-06
iptat_second_20: 5.34496e-06
tmpcount1_-40: 0.17
tmpcount1_125: 0.227
tmpcount1_20: 0.196
tmpcount2_-40: 0.091
tmpcount2_125: 0.165
tmpcount2_20: 0.17
