caprst_fall_first_-40: 5.330152e-05
caprst_fall_first_125: 5.280152e-05
caprst_fall_first_20: 5.300152e-05
caprst_fall_second_-40: 0.0001046515
caprst_fall_second_125: 0.0001048015
caprst_fall_second_20: 0.0001045015
caprst_rise_first_-40: 6.210152e-05
caprst_rise_first_125: 6.135152e-05
caprst_rise_first_20: 6.205152e-05
caprst_rise_second_-40: 0.0001132515
caprst_rise_second_125: 0.0001133515
caprst_rise_second_20: 0.0001130515
iptat_first_-40: 5.709036e-06
iptat_first_125: 8.939185e-06
iptat_first_20: 7.010752e-06
iptat_second_-40: 5.228078e-06
iptat_second_125: 8.413082e-06
iptat_second_20: 6.571795e-06
tmpcount1_-40: 0.133
tmpcount1_125: 0.195
tmpcount1_20: 0.173
tmpcount2_-40: 0.114
tmpcount2_125: 0.171
tmpcount2_20: 0.146
