caprst_fall_first_-40: 5.030152e-05
caprst_fall_first_125: 5.030152e-05
caprst_fall_first_20: 4.980152e-05
caprst_fall_second_-40: 0.0001018515
caprst_fall_second_125: 0.0001013015
caprst_fall_second_20: 0.0001008515
caprst_rise_first_-40: 5.895152e-05
caprst_rise_first_125: 5.885152e-05
caprst_rise_first_20: 5.835152e-05
caprst_rise_second_-40: 0.0001104015
caprst_rise_second_125: 0.0001098515
caprst_rise_second_20: 0.0001094015
iptat_first_-40: 6.358711e-06
iptat_first_125: 9.386954e-06
iptat_first_20: 7.579691e-06
iptat_second_-40: 4.508404e-06
iptat_second_125: 7.895287e-06
iptat_second_20: 5.898466e-06
tmpcount1_-40: 0.151
tmpcount1_125: 0.216
tmpcount1_20: 0.171
tmpcount2_-40: 0.135
tmpcount2_125: 0.171
tmpcount2_20: 0.132
