caprst_fall_first_-40: 5.200152e-05
caprst_fall_first_125: 5.210152e-05
caprst_fall_first_20: 5.155152e-05
caprst_fall_second_-40: 0.0001032015
caprst_fall_second_125: 0.0001030515
caprst_fall_second_20: 0.0001025515
caprst_rise_first_-40: 6.055152e-05
caprst_rise_first_125: 6.065152e-05
caprst_rise_first_20: 6.010152e-05
caprst_rise_second_-40: 0.0001117515
caprst_rise_second_125: 0.0001116015
caprst_rise_second_20: 0.0001111015
iptat_first_-40: 6.212326e-06
iptat_first_125: 6.026204e-08
iptat_first_20: 4.489749e-09
iptat_second_-40: 4.729226e-06
iptat_second_125: 7.470935e-06
iptat_second_20: 5.827004e-06
tmpcount1_-40: 0.144
tmpcount1_125: 0.0
tmpcount1_20: 0.0
tmpcount2_-40: 0.112
tmpcount2_125: 0.172
tmpcount2_20: 0.148
