caprst_fall_first_-40: 5.095152e-05
caprst_fall_first_125: 5.265152e-05
caprst_fall_first_20: 5.190152e-05
caprst_fall_second_-40: 0.0001037515
caprst_fall_second_125: 0.0001059515
caprst_fall_second_20: 0.0001043015
caprst_rise_first_-40: 5.950152e-05
caprst_rise_first_125: 6.185152e-05
caprst_rise_first_20: 6.045152e-05
caprst_rise_second_-40: 0.0001123015
caprst_rise_second_125: 0.0001145015
caprst_rise_second_20: 0.0001128515
iptat_first_-40: 6.447656e-06
iptat_first_125: 1.005122e-05
iptat_first_20: 7.786879e-06
iptat_second_-40: 4.576571e-06
iptat_second_125: 7.399792e-06
iptat_second_20: 5.859806e-06
tmpcount1_-40: 0.146
tmpcount1_125: 0.24
tmpcount1_20: 0.171
tmpcount2_-40: 0.113
tmpcount2_125: 0.17
tmpcount2_20: 0.136
