caprst_fall_first_-40: 5.310152e-05
caprst_fall_first_125: 5.375152e-05
caprst_fall_first_20: 5.315152e-05
caprst_fall_second_-40: 0.0001043015
caprst_fall_second_125: 0.0001054015
caprst_fall_second_20: 0.0001041515
caprst_rise_first_-40: 6.165152e-05
caprst_rise_first_125: 6.295152e-05
caprst_rise_first_20: 6.170152e-05
caprst_rise_second_-40: 0.0001129015
caprst_rise_second_125: 0.0001139515
caprst_rise_second_20: 0.0001127015
iptat_first_-40: 6.131619e-06
iptat_first_125: 9.63482e-06
iptat_first_20: 7.555536e-06
iptat_second_-40: 4.875743e-06
iptat_second_125: 7.87112e-06
iptat_second_20: 6.086352e-06
tmpcount1_-40: 0.142
tmpcount1_125: 0.231
tmpcount1_20: 0.171
tmpcount2_-40: 0.114
tmpcount2_125: 0.171
tmpcount2_20: 0.136
