caprst_fall_first_-40: 6.070152e-05
caprst_fall_first_125: 5.940152e-05
caprst_fall_first_20: 5.825152e-05
caprst_fall_second_-40: 0.0001231015
caprst_fall_second_125: 0.0001196015
caprst_fall_second_20: 0.0001178515
caprst_rise_first_-40: 6.925152e-05
caprst_rise_first_125: 6.795152e-05
caprst_rise_first_20: 6.705152e-05
caprst_rise_second_-40: 0.0001316515
caprst_rise_second_125: 0.0001282515
caprst_rise_second_20: 0.0001264515
iptat_first_-40: 7.246093e-06
iptat_first_125: 1.077159e-05
iptat_first_20: 8.604248e-06
iptat_second_-40: 3.816519e-06
iptat_second_125: 6.59591e-06
iptat_second_20: 5.070308e-06
tmpcount1_-40: 0.167
tmpcount1_125: 0.227
tmpcount1_20: 0.191
tmpcount2_-40: 0.085
tmpcount2_125: 0.153
tmpcount2_20: 0.114
