caprst_fall_first_-40: 5.920152e-05
caprst_fall_first_125: 5.430152e-05
caprst_fall_first_20: 5.555152e-05
caprst_fall_second_-40: 0.0001163015
caprst_fall_second_125: 0.0001057015
caprst_fall_second_20: 0.0001089015
caprst_rise_first_-40: 6.790152e-05
caprst_rise_first_125: 6.285152e-05
caprst_rise_first_20: 6.410152e-05
caprst_rise_second_-40: 0.0001249015
caprst_rise_second_125: 0.0001142515
caprst_rise_second_20: 0.0001178015
iptat_first_-40: 6.846014e-06
iptat_first_125: 9.933862e-06
iptat_first_20: 8.064515e-06
iptat_second_-40: 4.233029e-06
iptat_second_125: 7.548268e-06
iptat_second_20: 5.609356e-06
tmpcount1_-40: 0.165
tmpcount1_125: 0.227
tmpcount1_20: 0.171
tmpcount2_-40: 0.096
tmpcount2_125: 0.17
tmpcount2_20: 0.125
