caprst_fall_first_-40: 4.935152e-05
caprst_fall_first_125: 5.025152e-05
caprst_fall_first_20: 4.950152e-05
caprst_fall_second_-40: 0.0001006015
caprst_fall_second_125: 0.0001016015
caprst_fall_second_20: 0.0001004515
caprst_rise_first_-40: 5.790152e-05
caprst_rise_first_125: 5.910152e-05
caprst_rise_first_20: 5.805152e-05
caprst_rise_second_-40: 0.0001091515
caprst_rise_second_125: 0.0001101515
caprst_rise_second_20: 0.0001090015
iptat_first_-40: 6.180894e-06
iptat_first_125: 9.401665e-06
iptat_first_20: 7.474185e-06
iptat_second_-40: 4.740215e-06
iptat_second_125: 7.970035e-06
iptat_second_20: 6.075462e-06
tmpcount1_-40: 0.143
tmpcount1_125: 0.255
tmpcount1_20: 0.171
tmpcount2_-40: 0.108
tmpcount2_125: 0.171
tmpcount2_20: 0.136
