caprst_fall_first_-40: 5.025152e-05
caprst_fall_first_125: 5.185152e-05
caprst_fall_first_20: 5.145152e-05
caprst_fall_second_-40: 0.0001034015
caprst_fall_second_125: 0.0001043015
caprst_fall_second_20: 0.0001039015
caprst_rise_first_-40: 5.880152e-05
caprst_rise_first_125: 6.055152e-05
caprst_rise_first_20: 6.000152e-05
caprst_rise_second_-40: 0.0001121015
caprst_rise_second_125: 0.0001128515
caprst_rise_second_20: 0.0001124515
iptat_first_-40: 6.548132e-06
iptat_first_125: 9.637906e-06
iptat_first_20: 7.790568e-06
iptat_second_-40: 4.471727e-06
iptat_second_125: 7.853127e-06
iptat_second_20: 5.860549e-06
tmpcount1_-40: 0.144
tmpcount1_125: 0.222
tmpcount1_20: 0.171
tmpcount2_-40: 0.105
tmpcount2_125: 0.171
tmpcount2_20: 0.136
