caprst_fall_first_-40: 6.215152e-05
caprst_fall_first_125: 6.175152e-05
caprst_fall_first_20: 6.010152e-05
caprst_fall_second_-40: 0.0001279015
caprst_fall_second_125: 0.0001258015
caprst_fall_second_20: 0.0001214515
caprst_rise_first_-40: 7.110152e-05
caprst_rise_first_125: 7.030152e-05
caprst_rise_first_20: 6.875152e-05
caprst_rise_second_-40: 0.0001364515
caprst_rise_second_125: 0.0001344515
caprst_rise_second_20: 0.0001301515
iptat_first_-40: 7.385021e-06
iptat_first_125: 1.098896e-05
iptat_first_20: 8.759269e-06
iptat_second_-40: 3.641169e-06
iptat_second_125: 6.283541e-06
iptat_second_20: 4.845124e-06
tmpcount1_-40: 0.171
tmpcount1_125: 0.228
tmpcount1_20: 0.225
tmpcount2_-40: 0.085
tmpcount2_125: 0.148
tmpcount2_20: 0.116
