caprst_fall_first_-40: 5.495152e-05
caprst_fall_first_125: 5.365152e-05
caprst_fall_first_20: 5.335152e-05
caprst_fall_second_-40: 0.0001122015
caprst_fall_second_125: 0.0001085015
caprst_fall_second_20: 0.0001085015
caprst_rise_first_-40: 6.355152e-05
caprst_rise_first_125: 6.220152e-05
caprst_rise_first_20: 6.190152e-05
caprst_rise_second_-40: 0.0001207515
caprst_rise_second_125: 0.0001170515
caprst_rise_second_20: 0.0001170515
iptat_first_-40: 6.93698e-06
iptat_first_125: 1.027697e-05
iptat_first_20: 8.253847e-06
iptat_second_-40: 4.085695e-06
iptat_second_125: 7.087913e-06
iptat_second_20: 5.377521e-06
tmpcount1_-40: 0.153
tmpcount1_125: 0.227
tmpcount1_20: 0.172
tmpcount2_-40: 0.097
tmpcount2_125: 0.17
tmpcount2_20: 0.124
