caprst_fall_first_-20: 5.555152e-05
caprst_fall_first_-40: 5.565152e-05
caprst_fall_first_0: 5.555152e-05
caprst_fall_first_100: 5.720152e-05
caprst_fall_first_125: 5.670152e-05
caprst_fall_first_20: 5.550152e-05
caprst_fall_first_40: 5.555152e-05
caprst_fall_first_60: 5.565152e-05
caprst_fall_first_80: 5.575152e-05
caprst_fall_second_-20: 7.540152e-05
caprst_fall_second_-40: 7.550152e-05
caprst_fall_second_0: 7.540152e-05
caprst_fall_second_100: 7.705152e-05
caprst_fall_second_125: 7.660152e-05
caprst_fall_second_20: 7.535152e-05
caprst_fall_second_40: 7.540152e-05
caprst_fall_second_60: 7.550152e-05
caprst_fall_second_80: 7.560152e-05
caprst_rise_first_-20: 6.690152e-05
caprst_rise_first_-40: 6.700152e-05
caprst_rise_first_0: 6.690152e-05
caprst_rise_first_100: 6.855152e-05
caprst_rise_first_125: 6.810152e-05
caprst_rise_first_20: 6.685152e-05
caprst_rise_first_40: 6.690152e-05
caprst_rise_first_60: 6.700152e-05
caprst_rise_first_80: 6.710152e-05
caprst_rise_second_-20: 8.675152e-05
caprst_rise_second_-40: 8.685152e-05
caprst_rise_second_0: 8.675152e-05
caprst_rise_second_100: 8.840152e-05
caprst_rise_second_125: 8.815152e-05
caprst_rise_second_20: 8.670152e-05
caprst_rise_second_40: 8.680152e-05
caprst_rise_second_60: 8.685152e-05
caprst_rise_second_80: 8.695152e-05
ipc_setupincluded_-20: -9.464274e-05
ipc_setupincluded_-40: -9.234742e-05
ipc_setupincluded_0: -9.699632e-05
ipc_setupincluded_100: -0.000110055
ipc_setupincluded_125: -0.0001141577
ipc_setupincluded_20: -9.936768e-05
ipc_setupincluded_40: -0.0001017379
ipc_setupincluded_60: -0.0001042704
ipc_setupincluded_80: -0.0001069644
iptat_first_-20: 6.037314e-06
iptat_first_-40: 5.5881e-06
iptat_first_0: 6.481359e-06
iptat_first_100: 8.425006e-06
iptat_first_125: 8.831112e-06
iptat_first_20: 6.909265e-06
iptat_first_40: 7.315336e-06
iptat_first_60: 7.706737e-06
iptat_first_80: 8.076572e-06
iptat_second_-20: 5.713752e-06
iptat_second_-40: 5.261794e-06
iptat_second_0: 6.15239e-06
iptat_second_100: 8.072479e-06
iptat_second_125: 8.475344e-06
iptat_second_20: 6.571337e-06
iptat_second_40: 6.976361e-06
iptat_second_60: 7.359701e-06
iptat_second_80: 7.724912e-06
pwrup_fall_-20: 8.680152e-05
pwrup_fall_-40: 8.690152e-05
pwrup_fall_0: 8.680152e-05
pwrup_fall_100: 8.845152e-05
pwrup_fall_125: 8.820152e-05
pwrup_fall_20: 8.675152e-05
pwrup_fall_40: 8.685152e-05
pwrup_fall_60: 8.690152e-05
pwrup_fall_80: 8.700152e-05
pwrup_rise_-20: 2.5152e-07
pwrup_rise_-40: 2.5152e-07
pwrup_rise_0: 2.5152e-07
pwrup_rise_100: 2.5152e-07
pwrup_rise_125: 2.5152e-07
pwrup_rise_20: 2.5152e-07
pwrup_rise_40: 2.5152e-07
pwrup_rise_60: 2.5152e-07
pwrup_rise_80: 2.5152e-07
tmpcount1_-20: 0.141
tmpcount1_-40: 0.134
tmpcount1_0: 0.147
tmpcount1_100: 0.183
tmpcount1_125: 0.19
tmpcount1_20: 0.155
tmpcount1_40: 0.162
tmpcount1_60: 0.17
tmpcount1_80: 0.176
tmpcount2_-20: 0.134
tmpcount2_-40: 0.128
tmpcount2_0: 0.141
tmpcount2_100: 0.177
tmpcount2_125: 0.187
tmpcount2_20: 0.149
tmpcount2_40: 0.156
tmpcount2_60: 0.162
tmpcount2_80: 0.17
