caprst_fall_first_-20: 5.365152e-05
caprst_fall_first_0: 5.375152e-05
caprst_fall_first_100: 5.535152e-05
caprst_fall_first_125: 5.565152e-05
caprst_fall_first_20: 5.455152e-05
caprst_fall_first_40: 5.475152e-05
caprst_fall_first_60: 5.495152e-05
caprst_fall_first_80: 5.510152e-05
caprst_fall_second_-20: 7.350152e-05
caprst_fall_second_0: 7.360152e-05
caprst_fall_second_100: 7.525152e-05
caprst_fall_second_125: 7.550152e-05
caprst_fall_second_20: 7.440152e-05
caprst_fall_second_40: 7.460152e-05
caprst_fall_second_60: 7.480152e-05
caprst_fall_second_80: 7.495152e-05
caprst_rise_first_-20: 6.500152e-05
caprst_rise_first_0: 6.510152e-05
caprst_rise_first_100: 6.675152e-05
caprst_rise_first_125: 6.700152e-05
caprst_rise_first_20: 6.590152e-05
caprst_rise_first_40: 6.610152e-05
caprst_rise_first_60: 6.630152e-05
caprst_rise_first_80: 6.645152e-05
caprst_rise_second_-20: 8.485152e-05
caprst_rise_second_0: 8.495152e-05
caprst_rise_second_100: 8.660152e-05
caprst_rise_second_125: 8.685152e-05
caprst_rise_second_20: 8.575152e-05
caprst_rise_second_40: 8.615152e-05
caprst_rise_second_60: 8.615152e-05
caprst_rise_second_80: 8.630152e-05
ipc_setupincluded_-20: -7.346058e-05
ipc_setupincluded_0: -7.51772e-05
ipc_setupincluded_100: -8.202293e-05
ipc_setupincluded_125: -8.304618e-05
ipc_setupincluded_20: -7.684868e-05
ipc_setupincluded_40: -7.834244e-05
ipc_setupincluded_60: -7.968667e-05
ipc_setupincluded_80: -8.088502e-05
iptat_first_-20: 5.333725e-06
iptat_first_0: 5.71952e-06
iptat_first_100: 7.431422e-06
iptat_first_125: 7.789232e-06

# iptat_first_125: 7.78922e-06
iptat_second_125: 7.533556e-06

iptat_first_20: 6.09642e-06
iptat_first_40: 6.458238e-06
iptat_first_60: 6.804318e-06
iptat_first_80: 7.129216e-06
iptat_second_-20: 5.102568e-06
iptat_second_0: 5.492407e-06
iptat_second_100: 7.182957e-06
# iptat_second_125: 6.596427e-06
iptat_second_20: 5.863865e-06
iptat_second_40: 6.221007e-06
iptat_second_60: 6.55981e-06
iptat_second_80: 6.880866e-06
pwrup_fall_-20: 8.490152e-05
pwrup_fall_0: 8.500152e-05
pwrup_fall_100: 8.665152e-05
pwrup_fall_125: 8.690152e-05
pwrup_fall_20: 8.580152e-05
pwrup_fall_40: 8.620152e-05
pwrup_fall_60: 8.620152e-05
pwrup_fall_80: 8.635152e-05
pwrup_rise_-20: 2.5152e-07
pwrup_rise_0: 2.5152e-07
pwrup_rise_100: 2.5152e-07
pwrup_rise_125: 2.5152e-07
pwrup_rise_20: 2.5152e-07
pwrup_rise_40: 2.5152e-07
pwrup_rise_60: 2.5152e-07
pwrup_rise_80: 2.5152e-07
tmpcount1_-20: 0.126
tmpcount1_0: 0.1312941
tmpcount1_100: 0.1524706
tmpcount1_125: 0.1577647
tmpcount1_20: 0.1355294
tmpcount1_40: 0.1387059
tmpcount1_60: 0.1429412
tmpcount1_80: 0.1471765
tmpcount2_-20: 0.1196471
tmpcount2_0: 0.1270588
tmpcount2_100: 0.1482353
tmpcount2_125: 0.1334118
tmpcount2_20: 0.1302353
tmpcount2_40: 0.1365882
tmpcount2_60: 0.1387059
tmpcount2_80: 0.144
caprst_fall_first_-40: 5.310152e-05
caprst_fall_second_-40: 7.295152e-05
caprst_rise_first_-40: 6.445152e-05
caprst_rise_second_-40: 8.430152e-05
ipc_setupincluded_-40: -7.124091e-05
iptat_first_-40: 4.953145e-06
iptat_second_-40: 4.70073e-06
pwrup_fall_-40: 8.435152e-05
pwrup_rise_-40: 2.5152e-07
tmpcount1_-40: 0.1196471
tmpcount2_-40: 0.1143529