caprst_fall_first_-20: 5.515152e-05
caprst_fall_first_0: 5.510152e-05
caprst_fall_first_100: 5.685152e-05
caprst_fall_first_125: 5.710152e-05
caprst_fall_first_20: 5.510152e-05
caprst_fall_first_40: 5.515152e-05
caprst_fall_first_60: 5.525152e-05
caprst_fall_first_80: 5.535152e-05
caprst_fall_second_-20: 7.500152e-05
caprst_fall_second_0: 7.495152e-05
caprst_fall_second_100: 7.670152e-05
caprst_fall_second_125: 7.700152e-05
caprst_fall_second_20: 7.495152e-05
caprst_fall_second_40: 7.500152e-05
caprst_fall_second_60: 7.510152e-05
caprst_fall_second_80: 7.520152e-05
caprst_rise_first_-20: 6.650152e-05
caprst_rise_first_0: 6.645152e-05
caprst_rise_first_100: 6.820152e-05
caprst_rise_first_125: 6.850152e-05
caprst_rise_first_20: 6.645152e-05
caprst_rise_first_40: 6.650152e-05
caprst_rise_first_60: 6.660152e-05
caprst_rise_first_80: 6.670152e-05
caprst_rise_second_-20: 8.635152e-05
caprst_rise_second_0: 8.630152e-05
caprst_rise_second_100: 8.805152e-05
caprst_rise_second_125: 8.855152e-05
caprst_rise_second_20: 8.630152e-05
caprst_rise_second_40: 8.635152e-05
caprst_rise_second_60: 8.680152e-05
caprst_rise_second_80: 8.655152e-05
ipc_setupincluded_-20: -9.452164e-05
ipc_setupincluded_0: -9.686607e-05
ipc_setupincluded_100: -0.0001101654
ipc_setupincluded_125: -0.0001140598
ipc_setupincluded_20: -9.926364e-05
ipc_setupincluded_40: -0.0001016464
ipc_setupincluded_60: -0.0001041304
ipc_setupincluded_80: -0.0001067051
iptat_first_-20: 6.037409e-06
iptat_first_0: 6.481559e-06
iptat_first_100: 8.424919e-06
iptat_first_125: 8.831109e-06
iptat_first_20: 6.909275e-06
iptat_first_40: 7.317465e-06
iptat_first_60: 7.707978e-06
iptat_first_80: 8.079004e-06
iptat_second_-20: 5.713941e-06
iptat_second_0: 6.152566e-06
iptat_second_100: 8.07247e-06
iptat_second_125: 8.475346e-06
iptat_second_20: 6.571366e-06
iptat_second_40: 6.973559e-06
iptat_second_60: 7.361555e-06
iptat_second_80: 7.724995e-06
pwrup_fall_-20: 8.640152e-05
pwrup_fall_0: 8.635152e-05
pwrup_fall_100: 8.810152e-05
pwrup_fall_125: 8.860152e-05
pwrup_fall_20: 8.635152e-05
pwrup_fall_40: 8.640152e-05
pwrup_fall_60: 8.685152e-05
pwrup_fall_80: 8.660152e-05
pwrup_rise_-20: 2.5152e-07
pwrup_rise_0: 2.5152e-07
pwrup_rise_100: 2.5152e-07
pwrup_rise_125: 2.5152e-07
pwrup_rise_20: 2.5152e-07
pwrup_rise_40: 2.5152e-07
pwrup_rise_60: 2.5152e-07
pwrup_rise_80: 2.5152e-07
tmpcount1_-20: 0.141
# tmpcount1_-40: 0.0
tmpcount1_0: 0.147
tmpcount1_100: 0.183
tmpcount1_125: 0.19
tmpcount1_20: 0.155
tmpcount1_40: 0.162
tmpcount1_60: 0.17
tmpcount1_80: 0.177
tmpcount2_-20: 0.134
# tmpcount2_-40: 0.0
tmpcount2_0: 0.141
tmpcount2_100: 0.177
tmpcount2_125: 0.187
tmpcount2_20: 0.149
tmpcount2_40: 0.155
tmpcount2_60: 0.168
tmpcount2_80: 0.17
