icmptail_-20: 2.200621e-05
icmptail_-40: 2.165253e-05
icmptail_0: 2.230363e-05
icmptail_100: 2.300948e-05
icmptail_125: 2.302823e-05
icmptail_20: 2.254554e-05
icmptail_40: 2.273363e-05
icmptail_60: 2.28706e-05
icmptail_80: 2.29605e-05
tmpcount_-20: 0.085
tmpcount_-40: 0.081
tmpcount_0: 0.089
tmpcount_100: 0.112
tmpcount_125: 0.117
tmpcount_20: 0.095
tmpcount_40: 0.099
tmpcount_60: 0.103
tmpcount_80: 0.108
