icmptail_-20: 2.005528e-05
icmptail_-40: 1.960555e-05
icmptail_0: 2.0427e-05
icmptail_100: 2.1363e-05
icmptail_125: 2.140259e-05
icmptail_20: 2.072947e-05
icmptail_40: 2.096928e-05
icmptail_60: 2.115175e-05
icmptail_80: 2.128166e-05
tmpcount_-20: 0.08682353
tmpcount_-40: 0.08152941
tmpcount_0: 0.09317647
tmpcount_100: 0.1196471
tmpcount_125: 0.126
tmpcount_20: 0.09847059
tmpcount_40: 0.1037647
tmpcount_60: 0.1090588
tmpcount_80: 0.1143529
