icmptail_-20: 2.4941e-05
icmptail_-40: 2.459044e-05
icmptail_0: 2.522896e-05
icmptail_100: 2.579645e-05
icmptail_125: 2.573935e-05
icmptail_20: 2.545557e-05
icmptail_40: 2.562276e-05
icmptail_60: 2.573316e-05
icmptail_80: 2.578982e-05
tmpcount_-20: 0.07863158
tmpcount_-40: 0.07294737
tmpcount_0: 0.08336842
tmpcount_100: 0.1070526
tmpcount_125: 0.1098947
tmpcount_20: 0.08715789
tmpcount_40: 0.09284211
tmpcount_60: 0.09852632
tmpcount_80: 0.1032632
