icmptail_-20: 2.099227e-05
icmptail_-40: 2.070203e-05
icmptail_0: 2.123152e-05
icmptail_100: 2.170613e-05
icmptail_125: 2.165916e-05
icmptail_20: 2.142044e-05
icmptail_40: 2.156035e-05
icmptail_60: 2.16531e-05
icmptail_80: 2.169931e-05
tmpcount_-20: 0.07105263
tmpcount_-40: 0.06726316
tmpcount_0: 0.07484211
tmpcount_100: 0.08526316
tmpcount_125: 0.08905263
tmpcount_20: 0.07768421
tmpcount_40: 0.07863158
tmpcount_60: 0.08052632
tmpcount_80: 0.08242105
