icmptail_-20: 2.322926e-05
icmptail_-40: 2.279815e-05
icmptail_0: 2.359715e-05
icmptail_100: 2.469907e-05
icmptail_125: 2.492293e-05
icmptail_20: 2.390467e-05
icmptail_40: 2.415708e-05
icmptail_60: 2.436339e-05
icmptail_80: 2.453748e-05
tmpcount_-20: 0.1143529
tmpcount_-40: 0.1058824
tmpcount_0: 0.1228235
tmpcount_100: 0.1598824
tmpcount_125: 0.1672941
tmpcount_20: 0.1302353
tmpcount_40: 0.1397647
tmpcount_60: 0.1471765
tmpcount_80: 0.1524706
