ipmos_20: 1.424614e-05
isnk_20: 6.970679e-07
isrc_20: 6.83128e-07
vctrl_20: 0.4409776
vctrlmax_20: 0.4844763
vctrlmin_20: 0.4155232
vref_20: 1.037114
