ipmos_20: 1.446339e-05
isnk_20: 5.93053e-07
isrc_20: 5.929206e-07
vctrl_20: 0.4311745
vctrlmax_20: 0.4738714
vctrlmin_20: 0.4174791
vref_20: 1.054165
