ipmos_20: 1.431893e-05
isnk_20: 7.173291e-07
isrc_20: 5.939459e-07
vctrl_20: 0.427181
vctrlmax_20: 0.4707179
vctrlmin_20: 0.4021733
vref_20: 1.045342
