ipmos_20: 1.434119e-05
isnk_20: 5.492997e-07
isrc_20: 6.618834e-07
vctrl_20: 0.4291362
vctrlmax_20: 0.4314878
vctrlmin_20: 0.4176093
vref_20: 1.050086
