ipmos_20: 1.440118e-05
isnk_20: 6.587869e-07
isrc_20: 5.612683e-07
vctrl_20: 0.4305363
vctrlmax_20: 0.4735158
vctrlmin_20: 0.4066344
vref_20: 1.050222
