ipmos_20: 1.436347e-05
isnk_20: 5.871425e-07
isrc_20: 6.15713e-07
vctrl_20: 0.4298415
vctrlmax_20: 0.4742437
vctrlmin_20: 0.4041541
vref_20: 1.045571
