ipmos_20: 1.423523e-05
isnk_20: 6.275285e-07
isrc_20: 6.610067e-07
vctrl_20: 0.4359503
vctrlmax_20: 0.4801484
vctrlmin_20: 0.4108881
vref_20: 1.036318
