ipmos_20: 1.432409e-05
isnk_20: 7.444503e-07
isrc_20: 5.920446e-07
vctrl_20: 0.4286494
vctrlmax_20: 0.471467
vctrlmin_20: 0.4071614
vref_20: 1.047085
