ipmos_20: 1.429378e-05
isnk_20: 5.592717e-07
isrc_20: 7.018473e-07
vctrl_20: 0.4345202
vctrlmax_20: 0.4369142
vctrlmin_20: 0.4229118
vref_20: 1.043375
