ipmos_20: 1.452193e-05
isnk_20: 5.594236e-07
isrc_20: 5.789571e-07
vctrl_20: 0.4278471
vctrlmax_20: 0.4302665
vctrlmin_20: 0.4159039
vref_20: 1.062291
