ipmos_20: 1.430602e-05
isnk_20: 5.473102e-07
isrc_20: 4.934708e-07
vctrl_20: 0.4257118
vctrlmax_20: 0.4280351
vctrlmin_20: 0.4140499
vref_20: 1.04502
