ipmos_20: 1.424887e-05
isnk_20: 6.659087e-07
isrc_20: 6.519538e-07
vctrl_20: 0.4387611
vctrlmax_20: 0.4813603
vctrlmin_20: 0.4214588
vref_20: 1.033779
