ipmos_20: 1.4256e-05
isnk_20: 6.4157e-07
isrc_20: 6.00451e-07
vctrl_20: 0.4377932
vctrlmax_20: 0.481492
vctrlmin_20: 0.4198189
vref_20: 1.038568
