ipmos_20: 1.435207e-05
isnk_20: 6.613992e-07
isrc_20: 5.614804e-07
vctrl_20: 0.4311554
vctrlmax_20: 0.4748983
vctrlmin_20: 0.4157197
vref_20: 1.049264
