ipmos_20: 1.431615e-05
isnk_20: 6.412582e-07
isrc_20: 5.964834e-07
vctrl_20: 0.4355946
vctrlmax_20: 0.4800043
vctrlmin_20: 0.4105709
vref_20: 1.039753
