ipmos_20: 1.424113e-05
isnk_20: 5.808901e-07
isrc_20: 7.101772e-07
vctrl_20: 0.4343362
vctrlmax_20: 0.4367165
vctrlmin_20: 0.4218191
vref_20: 1.040685
