ipmos_20: 1.434315e-05
isnk_20: 6.372754e-07
isrc_20: 5.400798e-07
vctrl_20: 0.4333776
vctrlmax_20: 0.4755716
vctrlmin_20: 0.4129825
vref_20: 1.049535
