ipmos_20: 1.439857e-05
isnk_20: 5.846471e-07
isrc_20: 5.020958e-07
vctrl_20: 0.43495
vctrlmax_20: 0.4794652
vctrlmin_20: 0.4096866
vref_20: 1.047987
