ipmos_20: 1.432336e-05
isnk_20: 6.682761e-07
isrc_20: 6.216456e-07
vctrl_20: 0.4262385
vctrlmax_20: 0.4703764
vctrlmin_20: 0.4008906
vref_20: 1.050581
