ipmos_20: 1.430039e-05
isnk_20: 6.531813e-07
isrc_20: 4.962142e-07
vctrl_20: 0.4358425
vctrlmax_20: 0.4790506
vctrlmin_20: 0.4208236
vref_20: 1.047493
