ipmos_20: 1.437721e-05
isnk_20: 6.248696e-07
isrc_20: 6.956388e-07
vctrl_20: 0.4316677
vctrlmax_20: 0.476036
vctrlmin_20: 0.4064344
vref_20: 1.045735
