ipmos_20: 1.432809e-05
isnk_20: 7.135474e-07
isrc_20: 6.142645e-07
vctrl_20: 0.4346363
vctrlmax_20: 0.4767992
vctrlmin_20: 0.415796
vref_20: 1.045636
