ipmos_20: 1.435129e-05
isnk_20: 6.082497e-07
isrc_20: 6.825665e-07
vctrl_20: 0.4334424
vctrlmax_20: 0.4771172
vctrlmin_20: 0.4206619
vref_20: 1.041495
