ipmos_20: 1.431947e-05
isnk_20: 6.371704e-07
isrc_20: 4.7087e-07
vctrl_20: 0.4368457
vctrlmax_20: 0.4787072
vctrlmin_20: 0.4239072
vref_20: 1.048353
