ipmos_20: 1.436631e-05
isnk_20: 6.896691e-07
isrc_20: 6.747061e-07
vctrl_20: 0.4305178
vctrlmax_20: 0.4737728
vctrlmin_20: 0.404783
vref_20: 1.051112
