ipmos_20: 1.435936e-05
isnk_20: 5.343371e-07
isrc_20: 6.767749e-07
vctrl_20: 0.4315042
vctrlmax_20: 0.4337711
vctrlmin_20: 0.4199843
vref_20: 1.049041
