ipmos_20: 1.440751e-05
isnk_20: 6.814502e-07
isrc_20: 6.780134e-07
vctrl_20: 0.4353434
vctrlmax_20: 0.4774763
vctrlmin_20: 0.4113282
vref_20: 1.046597
