ipmos_20: 1.433368e-05
isnk_20: 6.328907e-07
isrc_20: 6.740028e-07
vctrl_20: 0.4344314
vctrlmax_20: 0.4788593
vctrlmin_20: 0.421901
vref_20: 1.027424
