ipmos_20: 1.429363e-05
isnk_20: 5.714452e-07
isrc_20: 6.496661e-07
vctrl_20: 0.4320481
vctrlmax_20: 0.4343476
vctrlmin_20: 0.42045
vref_20: 1.047465
