ipmos_20: 1.439434e-05
isnk_20: 5.03109e-07
isrc_20: 6.658995e-07
vctrl_20: 0.4330292
vctrlmax_20: 0.4355888
vctrlmin_20: 0.4215968
vref_20: 1.050615
