ivdd_-20: -3.918425e-05
ivdd_-40: -3.912375e-05
ivdd_0: -6.594193e-05
ivdd_100: -8.542903e-05
ivdd_125: -8.695083e-05
ivdd_20: -6.910812e-05
ivdd_40: -7.360406e-05
ivdd_60: -7.838515e-05
ivdd_80: -8.185495e-05
vn_-20: 0.1086178
vn_-40: 0.135904
vn_0: 0.774963
vn_100: 0.606256
vn_125: 0.5620842
vn_20: 0.7420389
vn_40: 0.7090832
vn_60: 0.6754248
vn_80: 0.6409913
vp_-20: 0.1082797
vp_-40: 0.1346297
vp_0: 0.7744931
vp_100: 0.6058982
vp_125: 0.5620044
vp_20: 0.7419514
vp_40: 0.7098756
vp_60: 0.6760186
vp_80: 0.6398763
vref_-20: 0.04488407
vref_-40: 0.05833457
vref_0: 0.6167876
vref_100: 0.6165564
vref_125: 0.6156948
vref_20: 0.6155137
vref_40: 0.6169424
vref_60: 0.6170558
vref_80: 0.6167841
