ivdd_-20: -0.0001023242
ivdd_-40: -9.464593e-05
ivdd_0: -0.0001072342
ivdd_100: -0.0001171052
ivdd_125: -0.0001212886
ivdd_20: -0.0001107064
ivdd_40: -0.000112677
ivdd_60: -0.0001139966
ivdd_80: -0.0001155673
vn_-20: 0.8061901
vn_-40: 0.8371945
vn_0: 0.7739817
vn_100: 0.6040919
vn_125: 0.5594931
vn_20: 0.7411984
vn_40: 0.7077619
vn_60: 0.6737799
vn_80: 0.6391928
vp_-20: 0.8076996
vp_-40: 0.8363101
vp_0: 0.7733783
vp_100: 0.6051127
vp_125: 0.5603945
vp_20: 0.7407689
vp_40: 0.7073204
vp_60: 0.6734134
vp_80: 0.6387337
vref_-20: 0.6155222
vref_-40: 0.6142466
vref_0: 0.6163837
vref_100: 0.6160719
vref_125: 0.615018
vref_20: 0.6166205
vref_40: 0.6169735
vref_60: 0.6169045
vref_80: 0.6166932
