ivdd_-20: -7.757987e-05
ivdd_-40: -7.404552e-05
ivdd_0: -8.299509e-05
ivdd_100: -0.0001027843
ivdd_125: -0.0001049118
ivdd_20: -8.914019e-05
ivdd_40: -9.462373e-05
ivdd_60: -9.878706e-05
ivdd_80: -0.0001011263
vn_-20: 0.806555
vn_-40: 0.837735
vn_0: 0.7743116
vn_100: 0.6044448
vn_125: 0.5598149
vn_20: 0.7413883
vn_40: 0.708509
vn_60: 0.6744735
vn_80: 0.6391675
vp_-20: 0.8058698
vp_-40: 0.8372397
vp_0: 0.7731182
vp_100: 0.605595
vp_125: 0.5607931
vp_20: 0.7411528
vp_40: 0.70783
vp_60: 0.6738592
vp_80: 0.6393642
vref_-20: 0.6159943
vref_-40: 0.61439
vref_0: 0.6167881
vref_100: 0.6157767
vref_125: 0.615037
vref_20: 0.6170347
vref_40: 0.6171575
vref_60: 0.6167389
vref_80: 0.6166479
