ivdd_-20: -8.780591e-05
ivdd_-40: -8.403131e-05
ivdd_0: -9.330325e-05
ivdd_100: -0.0001188463
ivdd_125: -0.000120533
ivdd_20: -0.0001000926
ivdd_40: -0.000106528
ivdd_60: -0.0001122071
ivdd_80: -0.0001163251
vn_-20: 0.8051537
vn_-40: 0.8364607
vn_0: 0.7734777
vn_100: 0.6032764
vn_125: 0.5585363
vn_20: 0.7407576
vn_40: 0.7072622
vn_60: 0.6730906
vn_80: 0.6384537
vp_-20: 0.8047672
vp_-40: 0.8359424
vp_0: 0.7721389
vp_100: 0.6024626
vp_125: 0.5576305
vp_20: 0.7412193
vp_40: 0.706321
vp_60: 0.6721806
vp_80: 0.6376181
vref_-20: 0.6103299
vref_-40: 0.6084452
vref_0: 0.6115448
vref_100: 0.6113333
vref_125: 0.6100355
vref_20: 0.6119595
vref_40: 0.6125933
vref_60: 0.6118741
vref_80: 0.6117588
