ivdd_-20: -0.0001161519
ivdd_-40: -0.0001074623
ivdd_0: -0.0001234676
ivdd_100: -0.000134311
ivdd_125: -0.0001362195
ivdd_20: -0.0001287804
ivdd_40: -0.0001318863
ivdd_60: -0.0001329993
ivdd_80: -0.000134127
vn_-20: 0.805962
vn_-40: 0.8375283
vn_0: 0.7736642
vn_100: 0.6030103
vn_125: 0.5583117
vn_20: 0.7407538
vn_40: 0.7071764
vn_60: 0.6728732
vn_80: 0.6382948
vp_-20: 0.8056093
vp_-40: 0.8370777
vp_0: 0.7732945
vp_100: 0.6046199
vp_125: 0.5598708
vp_20: 0.740394
vp_40: 0.7067169
vp_60: 0.6719424
vp_80: 0.6373287
vref_-20: 0.6106764
vref_-40: 0.6093643
vref_0: 0.6114473
vref_100: 0.6114836
vref_125: 0.6105756
vref_20: 0.6121539
vref_40: 0.612052
vref_60: 0.6120171
vref_80: 0.6121206
