ivdd_-20: -2.918435e-05
ivdd_-40: -2.364686e-05
ivdd_0: -3.445474e-05
ivdd_100: -5.36348e-05
ivdd_125: -5.903452e-05
ivdd_20: -3.861352e-05
ivdd_40: -4.18834e-05
ivdd_60: -4.494143e-05
ivdd_80: -4.896341e-05
vref_-20: 0.5931677
vref_-40: 0.5924679
vref_0: 0.5943528
vref_100: 0.596142
vref_125: 0.5941912
vref_20: 0.5934105
vref_40: 0.5936788
vref_60: 0.5949543
vref_80: 0.5949951
