ivdd_-20: -3.065084e-05
ivdd_-40: -2.443796e-05
ivdd_0: -3.611196e-05
ivdd_100: -5.700926e-05
ivdd_125: -6.217021e-05
ivdd_20: -4.035648e-05
ivdd_40: -4.448958e-05
ivdd_60: -4.793764e-05
ivdd_80: -5.264645e-05
vref_-20: 0.5989282
vref_-40: 0.5968949
vref_0: 0.5988079
vref_100: 0.5996246
vref_125: 0.5981937
vref_20: 0.5986432
vref_40: 0.6001734
vref_60: 0.6000153
vref_80: 0.5999885
