ivdd_-20: -3.01851e-05
ivdd_-40: -2.430584e-05
ivdd_0: -3.553872e-05
ivdd_100: -5.392254e-05
ivdd_125: -6.020689e-05
ivdd_20: -3.993876e-05
ivdd_40: -4.324926e-05
ivdd_60: -4.648901e-05
ivdd_80: -4.989002e-05
vref_-20: 0.5974974
vref_-40: 0.5968276
vref_0: 0.5974032
vref_100: 0.6000336
vref_125: 0.5979961
vref_20: 0.5984157
vref_40: 0.5985331
vref_60: 0.6005012
vref_80: 0.5992938
