ivdd_-20: -3.101085e-05
ivdd_-40: -2.515705e-05
ivdd_0: -3.632419e-05
ivdd_100: -5.585117e-05
ivdd_125: -6.186803e-05
ivdd_20: -4.084426e-05
ivdd_40: -4.434651e-05
ivdd_60: -4.798996e-05
ivdd_80: -5.17317e-05
vref_-20: 0.5982567
vref_-40: 0.5973051
vref_0: 0.5984652
vref_100: 0.5977188
vref_125: 0.5982962
vref_20: 0.5985766
vref_40: 0.5989181
vref_60: 0.5976426
vref_80: 0.5979437
