ivdd_-20: -3.228418e-05
ivdd_-40: -2.666051e-05
ivdd_0: -3.747908e-05
ivdd_100: -5.439648e-05
ivdd_125: -6.107026e-05
ivdd_20: -4.135049e-05
ivdd_40: -4.436149e-05
ivdd_60: -4.774285e-05
ivdd_80: -5.115034e-05
vref_-20: 0.5987512
vref_-40: 0.5981858
vref_0: 0.6004262
vref_100: 0.5998918
vref_125: 0.5986821
vref_20: 0.600489
vref_40: 0.6028323
vref_60: 0.6009924
vref_80: 0.6001493
