ivdd_-20: -3.197366e-05
ivdd_-40: -2.660179e-05
ivdd_0: -3.733468e-05
ivdd_100: -5.560739e-05
ivdd_125: -6.12514e-05
ivdd_20: -4.096161e-05
ivdd_40: -4.454304e-05
ivdd_60: -4.848125e-05
ivdd_80: -5.150978e-05
vref_-20: 0.603518
vref_-40: 0.6022306
vref_0: 0.6031511
vref_100: 0.6054644
vref_125: 0.6048149
vref_20: 0.6040334
vref_40: 0.6059093
vref_60: 0.6049815
vref_80: 0.6053745
