ivdd_-20: -3.025982e-05
ivdd_-40: -2.451402e-05
ivdd_0: -3.557089e-05
ivdd_100: -5.506232e-05
ivdd_125: -6.135037e-05
ivdd_20: -3.986181e-05
ivdd_40: -4.339209e-05
ivdd_60: -4.726687e-05
ivdd_80: -5.045758e-05
vref_-20: 0.595337
vref_-40: 0.5943485
vref_0: 0.5961739
vref_100: 0.5957075
vref_125: 0.5937838
vref_20: 0.5959985
vref_40: 0.5962545
vref_60: 0.5968612
vref_80: 0.5957896
