ivdd_-20: -2.805505e-05
ivdd_-40: -2.368451e-05
ivdd_0: -3.208549e-05
ivdd_100: -5.036014e-05
ivdd_125: -5.695085e-05
ivdd_20: -3.551209e-05
ivdd_40: -3.901613e-05
ivdd_60: -4.217619e-05
ivdd_80: -4.612874e-05
vref_-20: 0.5998717
vref_-40: 0.5983364
vref_0: 0.5997356
vref_100: 0.6004687
vref_125: 0.6004376
vref_20: 0.6003693
vref_40: 0.6014862
vref_60: 0.6012793
vref_80: 0.6018436
