ivdd_-20: -3.088353e-05
ivdd_-40: -2.49922e-05
ivdd_0: -3.630252e-05
ivdd_100: -5.677706e-05
ivdd_125: -6.28429e-05
ivdd_20: -4.050639e-05
ivdd_40: -4.45654e-05
ivdd_60: -4.818494e-05
ivdd_80: -5.176468e-05
vref_-20: 0.6003719
vref_-40: 0.5985252
vref_0: 0.6009648
vref_100: 0.6026676
vref_125: 0.60146
vref_20: 0.6027845
vref_40: 0.601439
vref_60: 0.6027435
vref_80: 0.6025131
