ivdd_-20: -2.746421e-05
ivdd_-40: -2.229148e-05
ivdd_0: -3.213034e-05
ivdd_100: -5.180073e-05
ivdd_125: -5.865605e-05
ivdd_20: -3.588821e-05
ivdd_40: -3.914198e-05
ivdd_60: -4.299326e-05
ivdd_80: -4.746833e-05
vref_-20: 0.5869256
vref_-40: 0.5865881
vref_0: 0.5874809
vref_100: 0.5877037
vref_125: 0.5866111
vref_20: 0.5878003
vref_40: 0.5877046
vref_60: 0.5871083
vref_80: 0.5884853
