caprst_fall_first_-20: 5.335152e-05
caprst_fall_first_-40: 5.210152e-05
caprst_fall_first_0: 5.320152e-05
caprst_fall_first_100: 5.565152e-05
caprst_fall_first_125: 5.590152e-05
caprst_fall_first_20: 5.315152e-05
caprst_fall_first_40: 5.390152e-05
caprst_fall_first_60: 5.400152e-05
caprst_fall_first_80: 5.545152e-05
caprst_fall_second_-20: 0.0001450515
caprst_fall_second_-40: 0.0001430515
caprst_fall_second_0: 0.0001427515
caprst_fall_second_100: 0.0001453015
caprst_fall_second_125: 0.0001458015
caprst_fall_second_20: 0.0001433028
caprst_fall_second_40: 0.0001434515
caprst_fall_second_60: 0.0001440015
caprst_fall_second_80: 0.0001455015
caprst_rise_first_-20: 0.0001043515
caprst_rise_first_-40: 0.0001023515
caprst_rise_first_0: 0.0001034515
caprst_rise_first_100: 0.0001060015
caprst_rise_first_125: 0.0001065015
caprst_rise_first_20: 0.0001040015
caprst_rise_first_40: 0.0001041515
caprst_rise_first_60: 0.0001047015
caprst_rise_first_80: 0.0001062015
caprst_rise_second_-20: 0.0001956028
caprst_rise_second_-40: 0.0001933015
caprst_rise_second_0: 0.0001931015
caprst_rise_second_100: 0.0001959515
caprst_rise_second_125: 0.0001960515
caprst_rise_second_20: 0.0001934515
caprst_rise_second_40: 0.0001942015
caprst_rise_second_60: 0.0001945515
caprst_rise_second_80: 0.0001960515
iptat_first_-20: 5.324954e-06
iptat_first_-40: 4.985297e-06
iptat_first_0: 5.719775e-06
iptat_first_100: 7.410331e-06
iptat_first_125: 7.770315e-06
iptat_first_20: 6.105514e-06
iptat_first_40: 6.460197e-06
iptat_first_60: 6.795145e-06
iptat_first_80: 7.110759e-06
iptat_second_-20: 5.114699e-06
iptat_second_-40: 4.719847e-06
iptat_second_0: 5.50501e-06
iptat_second_100: 7.23995e-06
iptat_second_125: 7.599835e-06
iptat_second_20: 5.90297e-06
iptat_second_40: 6.253388e-06
iptat_second_60: 6.602845e-06
iptat_second_80: 6.944571e-06
tmpcount1_-20: 0.1326316
tmpcount1_-40: 0.1250526
tmpcount1_0: 0.1373684
tmpcount1_100: 0.1563158
tmpcount1_125: 0.1629474
tmpcount1_20: 0.1449474
tmpcount1_40: 0.1468421
tmpcount1_60: 0.1506316
tmpcount1_80: 0.1534737
tmpcount2_-20: 0.1269474
tmpcount2_-40: 0.1174737
tmpcount2_0: 0.1326316
tmpcount2_100: 0.1534737
tmpcount2_125: 0.1601053
tmpcount2_20: 0.1373684
tmpcount2_40: 0.1430526
tmpcount2_60: 0.1449474
tmpcount2_80: 0.1515789
