caprst_fall_first_-20: 4.905152e-05
caprst_fall_first_-40: 5.055152e-05
caprst_fall_first_0: 4.900152e-05
caprst_fall_first_100: 5.140152e-05
caprst_fall_first_125: 5.160152e-05
caprst_fall_first_20: 5.045152e-05
caprst_fall_first_40: 5.045152e-05
caprst_fall_first_60: 5.115152e-05
caprst_fall_first_80: 5.125152e-05
caprst_fall_second_-20: 0.0001385515
caprst_fall_second_-40: 0.0001413015
caprst_fall_second_0: 0.0001408515
caprst_fall_second_100: 0.0001438515
caprst_fall_second_125: 0.0001409515
caprst_fall_second_20: 0.0001421515
caprst_fall_second_40: 0.0001423015
caprst_fall_second_60: 0.0001405015
caprst_fall_second_80: 0.0001406015
caprst_rise_first_-20: 9.925152e-05
caprst_rise_first_-40: 0.0001006015
caprst_rise_first_0: 0.0001001515
caprst_rise_first_100: 0.0001031515
caprst_rise_first_125: 0.0001016515
caprst_rise_first_20: 0.0001014515
caprst_rise_first_40: 0.0001016015
caprst_rise_first_60: 0.0001012015
caprst_rise_first_80: 0.0001013015
caprst_rise_second_-20: 0.0001888515
caprst_rise_second_-40: 0.0001913515
caprst_rise_second_0: 0.0001911528
caprst_rise_second_100: 0.0001948015
caprst_rise_second_125: 0.0001913015
caprst_rise_second_20: 0.0001933015
caprst_rise_second_40: 0.0001932015
caprst_rise_second_60: 0.0001914015
caprst_rise_second_80: 0.0001917015
iptat_first_-20: 6.891514e-06
iptat_first_-40: 6.349903e-06
iptat_first_0: 7.371482e-06
iptat_first_100: 9.604959e-06
iptat_first_125: 1.006624e-05
iptat_first_20: 7.847592e-06
iptat_first_40: 8.352885e-06
iptat_first_60: 8.780337e-06
iptat_first_80: 9.196304e-06
iptat_second_-20: 6.527941e-06
iptat_second_-40: 6.032383e-06
iptat_second_0: 7.077257e-06
iptat_second_100: 9.304973e-06
iptat_second_125: 9.780256e-06
iptat_second_20: 7.510956e-06
iptat_second_40: 7.966029e-06
iptat_second_60: 8.428137e-06
iptat_second_80: 8.854277e-06
tmpcount1_-20: 0.1942105
tmpcount1_-40: 0.18
tmpcount1_0: 0.2093684
tmpcount1_100: 0.2415789
tmpcount1_125: 0.2415789
tmpcount1_20: 0.2178947
tmpcount1_40: 0.234
tmpcount1_60: 0.2368421
tmpcount1_80: 0.2415789
tmpcount2_-20: 0.1837895
tmpcount2_-40: 0.1743158
tmpcount2_0: 0.2008421
tmpcount2_100: 0.2415789
tmpcount2_125: 0.2415789
tmpcount2_20: 0.216
tmpcount2_40: 0.2235789
tmpcount2_60: 0.2415789
tmpcount2_80: 0.2415789
