caprst_fall_first_-20: 5.065152e-05
caprst_fall_first_-40: 5.005152e-05
caprst_fall_first_0: 4.940152e-05
caprst_fall_first_100: 5.415152e-05
caprst_fall_first_125: 5.460152e-05
caprst_fall_first_20: 4.960152e-05
caprst_fall_first_40: 4.980152e-05
caprst_fall_first_60: 5.005152e-05
caprst_fall_first_80: 5.390152e-05
caprst_fall_second_-20: 0.0001417015
caprst_fall_second_-40: 0.0001402515
caprst_fall_second_0: 0.0001390515
caprst_fall_second_100: 0.0001439515
caprst_fall_second_125: 0.0001442515
caprst_fall_second_20: 0.0001390515
caprst_fall_second_40: 0.0001400515
caprst_fall_second_60: 0.0001396515
caprst_fall_second_80: 0.0001440515
caprst_rise_first_-20: 0.0001009515
caprst_rise_first_-40: 0.0001009515
caprst_rise_first_0: 9.970152e-05
caprst_rise_first_100: 0.0001046515
caprst_rise_first_125: 0.0001049015
caprst_rise_first_20: 9.975152e-05
caprst_rise_first_40: 0.0001007515
caprst_rise_first_60: 0.0001003515
caprst_rise_first_80: 0.0001047015
caprst_rise_second_-20: 0.0001922515
caprst_rise_second_-40: 0.0001905515
caprst_rise_second_0: 0.0001894515
caprst_rise_second_100: 0.0001946015
caprst_rise_second_125: 0.0001946015
caprst_rise_second_20: 0.0001892015
caprst_rise_second_40: 0.0001910015
caprst_rise_second_60: 0.0001908015
caprst_rise_second_80: 0.0001944015
iptat_first_-20: 5.292231e-06
iptat_first_-40: 4.948982e-06
iptat_first_0: 5.716274e-06
iptat_first_100: 7.406465e-06
iptat_first_125: 7.780638e-06
iptat_first_20: 6.088236e-06
iptat_first_40: 6.448584e-06
iptat_first_60: 6.799182e-06
iptat_first_80: 7.090413e-06
iptat_second_-20: 5.127267e-06
iptat_second_-40: 4.716578e-06
iptat_second_0: 5.522067e-06
iptat_second_100: 7.214593e-06
iptat_second_125: 7.592437e-06
iptat_second_20: 5.88125e-06
iptat_second_40: 6.246687e-06
iptat_second_60: 6.583898e-06
iptat_second_80: 6.906655e-06
tmpcount1_-20: 0.1450588
tmpcount1_-40: 0.1387059
tmpcount1_0: 0.1524706
tmpcount1_100: 0.1747059
tmpcount1_125: 0.18
tmpcount1_20: 0.1577647
tmpcount1_40: 0.1630588
tmpcount1_60: 0.1641176
tmpcount1_80: 0.1694118
tmpcount2_-20: 0.1397647
tmpcount2_-40: 0.1302353
tmpcount2_0: 0.1492941
tmpcount2_100: 0.1694118
tmpcount2_125: 0.1778824
tmpcount2_20: 0.1514118
tmpcount2_40: 0.1598824
tmpcount2_60: 0.1609412
tmpcount2_80: 0.1694118
