caprst_fall_first_-20: 5.175152e-05
caprst_fall_first_-40: 5.215152e-05
caprst_fall_first_0: 5.510152e-05
caprst_fall_first_100: 5.520152e-05
caprst_fall_first_125: 5.260152e-05
caprst_fall_first_20: 5.365152e-05
caprst_fall_first_40: 5.500152e-05
caprst_fall_first_60: 5.500152e-05
caprst_fall_first_80: 5.505152e-05
caprst_fall_second_-20: 0.0001421515
caprst_fall_second_-40: 0.0001429015
caprst_fall_second_0: 0.0001453515
caprst_fall_second_100: 0.0001457515
caprst_fall_second_125: 0.0001430515
caprst_fall_second_20: 0.0001449515
caprst_fall_second_40: 0.0001451515
caprst_fall_second_60: 0.0001457515
caprst_fall_second_80: 0.0001452515
caprst_rise_first_-20: 0.0001028515
caprst_rise_first_-40: 0.0001035515
caprst_rise_first_0: 0.0001060015
caprst_rise_first_100: 0.0001064515
caprst_rise_first_125: 0.0001037515
caprst_rise_first_20: 0.0001056515
caprst_rise_first_40: 0.0001058015
caprst_rise_first_60: 0.0001064515
caprst_rise_first_80: 0.0001059515
caprst_rise_second_-20: 0.0001924515
caprst_rise_second_-40: 0.0001937515
caprst_rise_second_0: 0.0001965015
caprst_rise_second_100: 0.0001966515
caprst_rise_second_125: 0.0001935015
caprst_rise_second_20: 0.0001957515
caprst_rise_second_40: 0.0001963015
caprst_rise_second_60: 0.0001967515
caprst_rise_second_80: 0.0001969515
iptat_first_-20: 6.022111e-06
iptat_first_-40: 5.588026e-06
iptat_first_0: 6.445714e-06
iptat_first_100: 8.39537e-06
iptat_first_125: 8.706492e-06
iptat_first_20: 6.875275e-06
iptat_first_40: 7.285117e-06
iptat_first_60: 7.673983e-06
iptat_first_80: 8.053449e-06
iptat_second_-20: 5.788853e-06
iptat_second_-40: 5.317876e-06
iptat_second_0: 6.226822e-06
iptat_second_100: 8.155072e-06
iptat_second_125: 8.555373e-06
iptat_second_20: 6.659214e-06
iptat_second_40: 7.043309e-06
iptat_second_60: 7.431437e-06
iptat_second_80: 7.80276e-06
tmpcount1_-20: 0.1577647
tmpcount1_-40: 0.1482353
tmpcount1_0: 0.1672941
tmpcount1_100: 0.2149412
tmpcount1_125: 0.2212941
tmpcount1_20: 0.1810588
tmpcount1_40: 0.1863529
tmpcount1_60: 0.198
tmpcount1_80: 0.2054118
tmpcount2_-20: 0.1524706
tmpcount2_-40: 0.1450588
tmpcount2_0: 0.1672941
tmpcount2_100: 0.2075294
tmpcount2_125: 0.2149412
tmpcount2_20: 0.1715294
tmpcount2_40: 0.1874118
tmpcount2_60: 0.1905882
tmpcount2_80: 0.2075294
