caprst_fall_first_-20: 4.805152e-05
caprst_fall_first_-40: 4.670152e-05
caprst_fall_first_0: 4.810152e-05
caprst_fall_first_100: 4.880152e-05
caprst_fall_first_125: 4.830152e-05
caprst_fall_first_20: 4.950152e-05
caprst_fall_first_40: 4.820152e-05
caprst_fall_first_60: 4.830152e-05
caprst_fall_first_80: 4.800152e-05
caprst_fall_second_-20: 0.0001391515
caprst_fall_second_-40: 0.0001375015
caprst_fall_second_0: 0.0001379515
caprst_fall_second_100: 0.0001395515
caprst_fall_second_125: 0.0001376515
caprst_fall_second_20: 0.0001412015
caprst_fall_second_40: 0.0001380015
caprst_fall_second_60: 0.0001376515
caprst_fall_second_80: 0.0001373515
caprst_rise_first_-20: 9.845152e-05
caprst_rise_first_-40: 9.680152e-05
caprst_rise_first_0: 9.865152e-05
caprst_rise_first_100: 9.885152e-05
caprst_rise_first_125: 9.835152e-05
caprst_rise_first_20: 0.0001005015
caprst_rise_first_40: 9.870152e-05
caprst_rise_first_60: 9.835152e-05
caprst_rise_first_80: 9.805152e-05
caprst_rise_second_-20: 0.0001895015
caprst_rise_second_-40: 0.0001878515
caprst_rise_second_0: 0.0001880515
caprst_rise_second_100: 0.0001897015
caprst_rise_second_125: 0.0001877015
caprst_rise_second_20: 0.0001912515
caprst_rise_second_40: 0.0001880515
caprst_rise_second_60: 0.0001912515
caprst_rise_second_80: 0.0001876015
iptat_first_-20: 6.873001e-06
iptat_first_-40: 5.872549e-06
iptat_first_0: 7.388629e-06
iptat_first_100: 9.610971e-06
iptat_first_125: 1.004494e-05
iptat_first_20: 7.836689e-06
iptat_first_40: 8.332636e-06
iptat_first_60: 8.79089e-06
iptat_first_80: 9.143656e-06
iptat_second_-20: 6.613128e-06
iptat_second_-40: 6.098796e-06
iptat_second_0: 7.068708e-06
iptat_second_100: 9.306158e-06
iptat_second_125: 9.731877e-06
iptat_second_20: 7.549494e-06
iptat_second_40: 8.015159e-06
iptat_second_60: 8.474512e-06
iptat_second_80: 8.881887e-06
tmpcount1_-20: 0.216
tmpcount1_-40: 0.1863529
tmpcount1_0: 0.2297647
tmpcount1_100: 0.27
tmpcount1_125: 0.27
tmpcount1_20: 0.2435294
tmpcount1_40: 0.2583529
tmpcount1_60: 0.2647059
tmpcount1_80: 0.27
tmpcount2_-20: 0.2096471
tmpcount2_-40: 0.1937647
tmpcount2_0: 0.2181176
tmpcount2_100: 0.27
tmpcount2_125: 0.27
tmpcount2_20: 0.2371765
tmpcount2_40: 0.2509412
tmpcount2_60: 0.27
tmpcount2_80: 0.27
