caprst_fall_first_-20: 5.375152e-05
caprst_fall_first_-40: 5.270152e-05
caprst_fall_first_0: 5.565152e-05
caprst_fall_first_100: 5.440152e-05
caprst_fall_first_125: 5.460152e-05
caprst_fall_first_20: 5.550152e-05
caprst_fall_first_40: 5.545152e-05
caprst_fall_first_60: 5.275152e-05
caprst_fall_first_80: 5.290152e-05
caprst_fall_second_-20: 0.0001437515
caprst_fall_second_-40: 0.0001426015
caprst_fall_second_0: 0.0001457015
caprst_fall_second_100: 0.0001442515
caprst_fall_second_125: 0.0001444028
caprst_fall_second_20: 0.0001459015
caprst_fall_second_40: 0.0001452515
caprst_fall_second_60: 0.0001426015
caprst_fall_second_80: 0.0001425515
caprst_rise_first_-20: 0.0001044515
caprst_rise_first_-40: 0.0001033015
caprst_rise_first_0: 0.0001064015
caprst_rise_first_100: 0.0001049515
caprst_rise_first_125: 0.0001051015
caprst_rise_first_20: 0.0001066015
caprst_rise_first_40: 0.0001059515
caprst_rise_first_60: 0.0001033015
caprst_rise_first_80: 0.0001032515
caprst_rise_second_-20: 0.0001948015
caprst_rise_second_-40: 0.0001930515
caprst_rise_second_0: 0.0001963015
caprst_rise_second_100: 0.0001948015
caprst_rise_second_125: 0.0001950015
caprst_rise_second_20: 0.0001965015
caprst_rise_second_40: 0.0001954515
caprst_rise_second_60: 0.0001932015
caprst_rise_second_80: 0.0001935015
iptat_first_-20: 6.021587e-06
iptat_first_-40: 5.608756e-06
iptat_first_0: 6.436794e-06
iptat_first_100: 8.444288e-06
iptat_first_125: 8.88454e-06
iptat_first_20: 6.851708e-06
iptat_first_40: 7.248517e-06
iptat_first_60: 7.657435e-06
iptat_first_80: 8.055475e-06
iptat_second_-20: 5.790937e-06
iptat_second_-40: 5.299001e-06
iptat_second_0: 6.223453e-06
iptat_second_100: 8.244318e-06
iptat_second_125: 8.679103e-06
iptat_second_20: 6.688983e-06
iptat_second_40: 7.088126e-06
iptat_second_60: 7.489308e-06
iptat_second_80: 7.875934e-06
tmpcount1_-20: 0.1402105
tmpcount1_-40: 0.1316842
tmpcount1_0: 0.1496842
tmpcount1_100: 0.1904211
tmpcount1_125: 0.1989474
tmpcount1_20: 0.1591579
tmpcount1_40: 0.1657895
tmpcount1_60: 0.1733684
tmpcount1_80: 0.1818947
tmpcount2_-20: 0.1383158
tmpcount2_-40: 0.1241053
tmpcount2_0: 0.1458947
tmpcount2_100: 0.1856842
tmpcount2_125: 0.1961053
tmpcount2_20: 0.1563158
tmpcount2_40: 0.1610526
tmpcount2_60: 0.1695789
tmpcount2_80: 0.1818947
