caprst_fall_first_-20: 4.630152e-05
caprst_fall_first_-40: 4.620152e-05
caprst_fall_first_0: 4.715152e-05
caprst_fall_first_100: 4.660152e-05
caprst_fall_first_125: 4.650152e-05
caprst_fall_first_20: 4.730152e-05
caprst_fall_first_40: 4.750152e-05
caprst_fall_first_60: 4.760152e-05
caprst_fall_first_80: 4.780152e-05
caprst_fall_second_-20: 0.0001361515
caprst_fall_second_-40: 0.0001370515
caprst_fall_second_0: 0.0001381515
caprst_fall_second_100: 0.0001373515
caprst_fall_second_125: 0.0001373015
caprst_fall_second_20: 0.0001382515
caprst_fall_second_40: 0.0001382515
caprst_fall_second_60: 0.0001369515
caprst_fall_second_80: 0.0001385515
caprst_rise_first_-20: 9.685152e-05
caprst_rise_first_-40: 9.635152e-05
caprst_rise_first_0: 9.745152e-05
caprst_rise_first_100: 9.665152e-05
caprst_rise_first_125: 9.660152e-05
caprst_rise_first_20: 9.755152e-05
caprst_rise_first_40: 9.755152e-05
caprst_rise_first_60: 9.765152e-05
caprst_rise_first_80: 9.785152e-05
caprst_rise_second_-20: 0.0001866015
caprst_rise_second_-40: 0.0001871015
caprst_rise_second_0: 0.0001885015
caprst_rise_second_100: 0.0001874015
caprst_rise_second_125: 0.0001874015
caprst_rise_second_20: 0.0001885015
caprst_rise_second_40: 0.0001884015
caprst_rise_second_60: 0.0001870015
caprst_rise_second_80: 0.0001886515
iptat_first_-20: 4.734281e-06
iptat_first_-40: 5.536947e-06
iptat_first_0: 6.415851e-06
iptat_first_100: 8.381675e-06
iptat_first_125: 8.785578e-06
iptat_first_20: 6.847665e-06
iptat_first_40: 7.252126e-06
iptat_first_60: 7.652565e-06
iptat_first_80: 8.012489e-06
iptat_second_-20: 5.746827e-06
iptat_second_-40: 5.307042e-06
iptat_second_0: 6.166701e-06
iptat_second_100: 8.079938e-06
iptat_second_125: 8.495702e-06
iptat_second_20: 6.57748e-06
iptat_second_40: 6.969088e-06
iptat_second_60: 7.376826e-06
iptat_second_80: 7.707503e-06
tmpcount1_-20: 0.1312941
tmpcount1_-40: 0.1545882
tmpcount1_0: 0.1736471
tmpcount1_100: 0.2202353
tmpcount1_125: 0.2318824
tmpcount1_20: 0.1831765
tmpcount1_40: 0.1927059
tmpcount1_60: 0.2011765
tmpcount1_80: 0.2117647
tmpcount2_-20: 0.1598824
tmpcount2_-40: 0.1461176
tmpcount2_0: 0.1704706
tmpcount2_100: 0.2117647
tmpcount2_125: 0.2244706
tmpcount2_20: 0.1768235
tmpcount2_40: 0.1863529
tmpcount2_60: 0.1937647
tmpcount2_80: 0.2054118
