caprst_fall_first_-20: 4.900152e-05
caprst_fall_first_-40: 4.905152e-05
caprst_fall_first_0: 5.040152e-05
caprst_fall_first_100: 5.090152e-05
caprst_fall_first_125: 5.035152e-05
caprst_fall_first_20: 4.900152e-05
caprst_fall_first_40: 5.050152e-05
caprst_fall_first_60: 4.920152e-05
caprst_fall_first_80: 5.070152e-05
caprst_fall_second_-20: 0.0001397515
caprst_fall_second_-40: 0.0001398015
caprst_fall_second_0: 0.0001412515
caprst_fall_second_100: 0.0001402515
caprst_fall_second_125: 0.0001420015
caprst_fall_second_20: 0.0001398515
caprst_fall_second_40: 0.0001417015
caprst_fall_second_60: 0.0001385515
caprst_fall_second_80: 0.0001414515
caprst_rise_first_-20: 9.905152e-05
caprst_rise_first_-40: 9.910152e-05
caprst_rise_first_0: 0.0001005515
caprst_rise_first_100: 0.0001009515
caprst_rise_first_125: 0.0001013015
caprst_rise_first_20: 9.915152e-05
caprst_rise_first_40: 0.0001010015
caprst_rise_first_60: 9.925152e-05
caprst_rise_first_80: 0.0001007515
caprst_rise_second_-20: 0.0001899015
caprst_rise_second_-40: 0.0001898515
caprst_rise_second_0: 0.0001915015
caprst_rise_second_100: 0.0001903015
caprst_rise_second_125: 0.0001928015
caprst_rise_second_20: 0.0001899015
caprst_rise_second_40: 0.0001920015
caprst_rise_second_60: 0.0001887515
caprst_rise_second_80: 0.0001918015
iptat_first_-20: 6.017128e-06
iptat_first_-40: 5.56194e-06
iptat_first_0: 6.466247e-06
iptat_first_100: 8.404231e-06
iptat_first_125: 8.81625e-06
iptat_first_20: 6.903039e-06
iptat_first_40: 7.300061e-06
iptat_first_60: 7.682092e-06
iptat_first_80: 8.056906e-06
iptat_second_-20: 5.713059e-06
iptat_second_-40: 5.264084e-06
iptat_second_0: 6.152761e-06
iptat_second_100: 8.081239e-06
iptat_second_125: 8.49606e-06
iptat_second_20: 6.583006e-06
iptat_second_40: 6.980188e-06
iptat_second_60: 7.361627e-06
iptat_second_80: 7.729717e-06
tmpcount1_-20: 0.1468421
tmpcount1_-40: 0.1373684
tmpcount1_0: 0.1572632
tmpcount1_100: 0.1989474
tmpcount1_125: 0.2103158
tmpcount1_20: 0.1648421
tmpcount1_40: 0.1733684
tmpcount1_60: 0.1809474
tmpcount1_80: 0.1894737
tmpcount2_-20: 0.1392632
tmpcount2_-40: 0.1297895
tmpcount2_0: 0.1496842
tmpcount2_100: 0.1894737
tmpcount2_125: 0.2017895
tmpcount2_20: 0.1572632
tmpcount2_40: 0.1657895
tmpcount2_60: 0.1724211
tmpcount2_80: 0.1847368
