ivdd_-20: -8.083207e-05
ivdd_-40: -7.564234e-05
ivdd_0: -8.691089e-05
ivdd_100: -0.0001030429
ivdd_125: -0.000103237
ivdd_20: -9.205463e-05
ivdd_40: -9.699955e-05
ivdd_60: -0.0001004039
ivdd_80: -0.0001023248
vn_-20: 0.8047911
vn_-40: 0.8353661
vn_0: 0.772828
vn_100: 0.6026714
vn_125: 0.5581672
vn_20: 0.7394487
vn_40: 0.7061523
vn_60: 0.6721993
vn_80: 0.6377107
vp_-20: 0.8043794
vp_-40: 0.8348254
vp_0: 0.7723572
vp_100: 0.6013897
vp_125: 0.5568266
vp_20: 0.7383306
vp_40: 0.7051566
vp_60: 0.6711322
vp_80: 0.6366233
vref_-20: 0.6145951
vref_-40: 0.6134695
vref_0: 0.6156545
vref_100: 0.6173107
vref_125: 0.6167778
vref_20: 0.6164084
vref_40: 0.6173519
vref_60: 0.6174223
vref_80: 0.6176104
