ivdd_-20: -8.121758e-05
ivdd_-40: -7.671635e-05
ivdd_0: -8.729208e-05
ivdd_100: -0.0001045402
ivdd_125: -0.0001049695
ivdd_20: -9.321987e-05
ivdd_40: -9.841145e-05
ivdd_60: -0.0001010846
ivdd_80: -0.000103435
vn_-20: 0.8048445
vn_-40: 0.8351627
vn_0: 0.7728343
vn_100: 0.602889
vn_125: 0.5584146
vn_20: 0.7402521
vn_40: 0.7068219
vn_60: 0.6723757
vn_80: 0.6378898
vp_-20: 0.8029761
vp_-40: 0.8330453
vp_0: 0.7741963
vp_100: 0.6010398
vp_125: 0.5565501
vp_20: 0.7415795
vp_40: 0.7081311
vp_60: 0.6703842
vp_80: 0.6359778
vref_-20: 0.6192459
vref_-40: 0.6165416
vref_0: 0.6202992
vref_100: 0.6225445
vref_125: 0.6220352
vref_20: 0.6219708
vref_40: 0.6223474
vref_60: 0.6223704
vref_80: 0.622485
