ivdd_-20: -8.75332e-05
ivdd_-40: -8.108853e-05
ivdd_0: -9.555441e-05
ivdd_100: -0.0001188351
ivdd_125: -0.0001191399
ivdd_20: -0.0001034931
ivdd_40: -0.000110138
ivdd_60: -0.0001149765
ivdd_80: -0.0001177343
vn_-20: 0.8062083
vn_-40: 0.8371952
vn_0: 0.7741301
vn_100: 0.6042067
vn_125: 0.5595876
vn_20: 0.7413152
vn_40: 0.7079043
vn_60: 0.6738953
vn_80: 0.6393154
vp_-20: 0.8060805
vp_-40: 0.8361946
vp_0: 0.7741223
vp_100: 0.6041997
vp_125: 0.5595092
vp_20: 0.7413224
vp_40: 0.7079604
vp_60: 0.6739837
vp_80: 0.6393499
vref_-20: 0.6047214
vref_-40: 0.6027963
vref_0: 0.6063075
vref_100: 0.6087656
vref_125: 0.6081521
vref_20: 0.6075115
vref_40: 0.6082466
vref_60: 0.6089171
vref_80: 0.608978
