ivdd_-20: -8.277539e-05
ivdd_-40: -7.805507e-05
ivdd_0: -8.908813e-05
ivdd_100: -0.0001090778
ivdd_125: -0.0001090398
ivdd_20: -9.561092e-05
ivdd_40: -0.0001007748
ivdd_60: -0.0001050099
ivdd_80: -0.000107722
vn_-20: 0.8039604
vn_-40: 0.8354706
vn_0: 0.7718003
vn_100: 0.6027702
vn_125: 0.5576418
vn_20: 0.7390427
vn_40: 0.7061152
vn_60: 0.6722282
vn_80: 0.6377815
vp_-20: 0.803075
vp_-40: 0.835337
vp_0: 0.7710888
vp_100: 0.602398
vp_125: 0.558928
vp_20: 0.7401131
vp_40: 0.7057679
vp_60: 0.6719094
vp_80: 0.6374644
vref_-20: 0.6062232
vref_-40: 0.6049844
vref_0: 0.6069321
vref_100: 0.608758
vref_125: 0.6087029
vref_20: 0.6078398
vref_40: 0.6085531
vref_60: 0.6089015
vref_80: 0.6090617
