ivdd_-20: -8.340357e-05
ivdd_-40: -7.927749e-05
ivdd_0: -8.903917e-05
ivdd_100: -0.0001032826
ivdd_125: -0.0001034026
ivdd_20: -9.465807e-05
ivdd_40: -9.930978e-05
ivdd_60: -0.0001011822
ivdd_80: -0.0001027852
vn_-20: 0.8050761
vn_-40: 0.8367902
vn_0: 0.7734396
vn_100: 0.6032387
vn_125: 0.5595189
vn_20: 0.7402248
vn_40: 0.706919
vn_60: 0.6728029
vn_80: 0.638293
vp_-20: 0.8040111
vp_-40: 0.8355867
vp_0: 0.7725225
vp_100: 0.6014489
vp_125: 0.5597854
vp_20: 0.7417679
vp_40: 0.7081226
vp_60: 0.6708041
vp_80: 0.6364159
vref_-20: 0.6128081
vref_-40: 0.612298
vref_0: 0.6133246
vref_100: 0.6124807
vref_125: 0.6111055
vref_20: 0.6133377
vref_40: 0.6136683
vref_60: 0.6133507
vref_80: 0.6130181
