ivdd_-20: -8.098759e-05
ivdd_-40: -7.58918e-05
ivdd_0: -8.700921e-05
ivdd_100: -0.0001060689
ivdd_125: -0.0001066527
ivdd_20: -9.315829e-05
ivdd_40: -9.876601e-05
ivdd_60: -0.0001030478
ivdd_80: -0.0001058448
vn_-20: 0.8026192
vn_-40: 0.8336107
vn_0: 0.7713772
vn_100: 0.6019163
vn_125: 0.5574578
vn_20: 0.738925
vn_40: 0.7059396
vn_60: 0.6721312
vn_80: 0.63771
vp_-20: 0.801429
vp_-40: 0.8303611
vp_0: 0.7713498
vp_100: 0.6023288
vp_125: 0.557698
vp_20: 0.7387065
vp_40: 0.7049177
vp_60: 0.6715298
vp_80: 0.6372731
vref_-20: 0.5962965
vref_-40: 0.5902285
vref_0: 0.5983173
vref_100: 0.6039165
vref_125: 0.6037186
vref_20: 0.6003751
vref_40: 0.6019743
vref_60: 0.6030025
vref_80: 0.6035393
