ivdd_-20: -8.541317e-05
ivdd_-40: -8.078253e-05
ivdd_0: -9.175309e-05
ivdd_100: -0.0001122955
ivdd_125: -0.0001123936
ivdd_20: -9.826351e-05
ivdd_40: -0.0001039522
ivdd_60: -0.0001083454
ivdd_80: -0.0001110667
vn_-20: 0.8064355
vn_-40: 0.8375685
vn_0: 0.7748376
vn_100: 0.6048865
vn_125: 0.5601891
vn_20: 0.7420599
vn_40: 0.7086195
vn_60: 0.6745892
vn_80: 0.6400346
vp_-20: 0.8056164
vp_-40: 0.8373873
vp_0: 0.7729936
vp_100: 0.6055109
vp_125: 0.5607904
vp_20: 0.7425901
vp_40: 0.7092333
vp_60: 0.6751211
vp_80: 0.6406708
vref_-20: 0.6233478
vref_-40: 0.6231621
vref_0: 0.6237296
vref_100: 0.6240195
vref_125: 0.6229063
vref_20: 0.6241757
vref_40: 0.6244991
vref_60: 0.6242599
vref_80: 0.6245794
