ivdd_-20: -8.481169e-05
ivdd_-40: -7.894258e-05
ivdd_0: -9.233697e-05
ivdd_100: -0.0001165077
ivdd_125: -0.0001138341
ivdd_20: -9.956593e-05
ivdd_40: -0.0001056921
ivdd_60: -0.0001101689
ivdd_80: -0.0001132439
vn_-20: 0.806534
vn_-40: 0.8375892
vn_0: 0.7742805
vn_100: 0.6045584
vn_125: 0.5599638
vn_20: 0.7416369
vn_40: 0.708268
vn_60: 0.6742758
vn_80: 0.6396876
vp_-20: 0.8061324
vp_-40: 0.8368125
vp_0: 0.7750124
vp_100: 0.6038218
vp_125: 0.5591934
vp_20: 0.7407896
vp_40: 0.7075909
vp_60: 0.6736467
vp_80: 0.639019
vref_-20: 0.6168522
vref_-40: 0.6155837
vref_0: 0.6176018
vref_100: 0.6181786
vref_125: 0.6172593
vref_20: 0.6181209
vref_40: 0.6189817
vref_60: 0.6192502
vref_80: 0.6188758
