ivdd_-20: -8.00824e-05
ivdd_-40: -7.660984e-05
ivdd_0: -8.558662e-05
ivdd_100: -0.0001030001
ivdd_125: -0.0001029154
ivdd_20: -9.150861e-05
ivdd_40: -9.64888e-05
ivdd_60: -0.0001002746
ivdd_80: -0.0001022073
vn_-20: 0.8071235
vn_-40: 0.8382951
vn_0: 0.7749172
vn_100: 0.6052708
vn_125: 0.5602587
vn_20: 0.7420315
vn_40: 0.7090446
vn_60: 0.6750311
vn_80: 0.6403636
vp_-20: 0.8070099
vp_-40: 0.8397474
vp_0: 0.7733599
vp_100: 0.6062541
vp_125: 0.5585743
vp_20: 0.7404426
vp_40: 0.7099697
vp_60: 0.6759688
vp_80: 0.6411968
vref_-20: 0.6149246
vref_-40: 0.6147259
vref_0: 0.6150297
vref_100: 0.6133488
vref_125: 0.6118648
vref_20: 0.6149573
vref_40: 0.6151882
vref_60: 0.6147825
vref_80: 0.6141992
