ivdd_-20: -8.549928e-05
ivdd_-40: -8.06931e-05
ivdd_0: -9.135624e-05
ivdd_100: -0.0001051982
ivdd_125: -0.0001048541
ivdd_20: -9.694473e-05
ivdd_40: -0.000100552
ivdd_60: -0.000103524
ivdd_80: -0.0001049297
vn_-20: 0.8067214
vn_-40: 0.837672
vn_0: 0.7745984
vn_100: 0.6038819
vn_125: 0.5592239
vn_20: 0.7418744
vn_40: 0.7077417
vn_60: 0.673677
vn_80: 0.6389892
vp_-20: 0.8066752
vp_-40: 0.8368009
vp_0: 0.7742707
vp_100: 0.6029972
vp_125: 0.5582307
vp_20: 0.7406961
vp_40: 0.7072602
vp_60: 0.6730241
vp_80: 0.6380786
vref_-20: 0.6114617
vref_-40: 0.610481
vref_0: 0.611932
vref_100: 0.6097985
vref_125: 0.6082453
vref_20: 0.6120704
vref_40: 0.61183
vref_60: 0.6114587
vref_80: 0.6101127
