ivdd_-20: -8.092995e-05
ivdd_-40: -7.60739e-05
ivdd_0: -8.724868e-05
ivdd_100: -0.0001055859
ivdd_125: -0.0001051191
ivdd_20: -9.34954e-05
ivdd_40: -9.883558e-05
ivdd_60: -0.0001027079
ivdd_80: -0.000104914
vn_-20: 0.8060016
vn_-40: 0.8372075
vn_0: 0.7738922
vn_100: 0.6038453
vn_125: 0.5593035
vn_20: 0.7410933
vn_40: 0.7074577
vn_60: 0.6734575
vn_80: 0.6388902
vp_-20: 0.806367
vp_-40: 0.8369114
vp_0: 0.7742076
vp_100: 0.6030404
vp_125: 0.5578671
vp_20: 0.7413546
vp_40: 0.7067423
vp_60: 0.6728244
vp_80: 0.6382431
vref_-20: 0.6073802
vref_-40: 0.6071251
vref_0: 0.6080961
vref_100: 0.6101854
vref_125: 0.6098077
vref_20: 0.60868
vref_40: 0.609417
vref_60: 0.6095696
vref_80: 0.6100433
