ivdd_-20: -8.466151e-05
ivdd_-40: -7.985682e-05
ivdd_0: -9.080916e-05
ivdd_100: -0.0001160977
ivdd_125: -0.0001171244
ivdd_20: -9.781113e-05
ivdd_40: -0.0001043348
ivdd_60: -0.0001097063
ivdd_80: -0.0001138973
vn_-20: 0.807124
vn_-40: 0.8386036
vn_0: 0.7747735
vn_100: 0.6046482
vn_125: 0.5600679
vn_20: 0.7419824
vn_40: 0.7085224
vn_60: 0.6744697
vn_80: 0.6397955
vp_-20: 0.8066989
vp_-40: 0.8381096
vp_0: 0.7740025
vp_100: 0.6051648
vp_125: 0.5605357
vp_20: 0.7414027
vp_40: 0.7079622
vp_60: 0.6735119
vp_80: 0.6405154
vref_-20: 0.6206796
vref_-40: 0.6203502
vref_0: 0.6211416
vref_100: 0.6202153
vref_125: 0.6192802
vref_20: 0.6219491
vref_40: 0.622012
vref_60: 0.6213776
vref_80: 0.6212451
