ivdd_-20: -8.634772e-05
ivdd_-40: -8.153833e-05
ivdd_0: -9.414737e-05
ivdd_100: -0.0001178828
ivdd_125: -0.0001176106
ivdd_20: -0.0001017033
ivdd_40: -0.0001085933
ivdd_60: -0.0001138659
ivdd_80: -0.0001171898
vn_-20: 0.8077123
vn_-40: 0.83929
vn_0: 0.7754302
vn_100: 0.6054369
vn_125: 0.5608653
vn_20: 0.7426192
vn_40: 0.7091683
vn_60: 0.6751318
vn_80: 0.6405612
vp_-20: 0.8076447
vp_-40: 0.8397805
vp_0: 0.775106
vp_100: 0.6048639
vp_125: 0.5603401
vp_20: 0.7422907
vp_40: 0.7087625
vp_60: 0.674633
vp_80: 0.6400305
vref_-20: 0.6187195
vref_-40: 0.619645
vref_0: 0.6181176
vref_100: 0.6182732
vref_125: 0.6174341
vref_20: 0.6187725
vref_40: 0.6188738
vref_60: 0.6187187
vref_80: 0.6186628
