ivdd_-20: -8.443803e-05
ivdd_-40: -7.895639e-05
ivdd_0: -9.134015e-05
ivdd_100: -0.0001111496
ivdd_125: -0.0001115592
ivdd_20: -9.830266e-05
ivdd_40: -0.0001041783
ivdd_60: -0.0001081971
ivdd_80: -0.0001102847
vn_-20: 0.8072212
vn_-40: 0.83844
vn_0: 0.7746534
vn_100: 0.6049723
vn_125: 0.5605446
vn_20: 0.7418664
vn_40: 0.7086144
vn_60: 0.6746389
vn_80: 0.6400717
vp_-20: 0.8073455
vp_-40: 0.838715
vp_0: 0.7755535
vp_100: 0.6035898
vp_125: 0.559029
vp_20: 0.7426012
vp_40: 0.7073134
vp_60: 0.6733941
vp_80: 0.6387767
vref_-20: 0.6147027
vref_-40: 0.6140556
vref_0: 0.6153313
vref_100: 0.6166661
vref_125: 0.6165122
vref_20: 0.6161213
vref_40: 0.6166435
vref_60: 0.6171745
vref_80: 0.6170489
