ivdd_-20: -8.215311e-05
ivdd_-40: -7.737537e-05
ivdd_0: -8.768639e-05
ivdd_100: -0.0001004102
ivdd_125: -0.0001001722
ivdd_20: -9.219332e-05
ivdd_40: -9.641622e-05
ivdd_60: -9.916177e-05
ivdd_80: -0.0001001895
vn_-20: 0.8055181
vn_-40: 0.8359884
vn_0: 0.7736634
vn_100: 0.6032013
vn_125: 0.5585803
vn_20: 0.7404549
vn_40: 0.7070647
vn_60: 0.6736178
vn_80: 0.6382316
vp_-20: 0.8060384
vp_-40: 0.8366697
vp_0: 0.7742118
vp_100: 0.6036248
vp_125: 0.5587667
vp_20: 0.7388147
vp_40: 0.7056118
vp_60: 0.6739555
vp_80: 0.6386874
vref_-20: 0.6143342
vref_-40: 0.6123339
vref_0: 0.6151424
vref_100: 0.615667
vref_125: 0.613976
vref_20: 0.6159228
vref_40: 0.6161589
vref_60: 0.6161084
vref_80: 0.6157447
