ivdd_-20: -8.121949e-05
ivdd_-40: -7.627771e-05
ivdd_0: -8.696942e-05
ivdd_100: -0.0001042341
ivdd_125: -0.0001034826
ivdd_20: -9.286137e-05
ivdd_40: -9.695639e-05
ivdd_60: -0.0001003987
ivdd_80: -0.0001023905
vn_-20: 0.8041894
vn_-40: 0.8348337
vn_0: 0.7723787
vn_100: 0.6027923
vn_125: 0.5583981
vn_20: 0.7397012
vn_40: 0.7056372
vn_60: 0.671702
vn_80: 0.6371718
vp_-20: 0.805311
vp_-40: 0.8349902
vp_0: 0.7728953
vp_100: 0.6031524
vp_125: 0.5582391
vp_20: 0.740187
vp_40: 0.7032722
vp_60: 0.6693281
vp_80: 0.6348144
vref_-20: 0.6042838
vref_-40: 0.6025185
vref_0: 0.6044031
vref_100: 0.6046537
vref_125: 0.6039396
vref_20: 0.6054466
vref_40: 0.6053854
vref_60: 0.6055284
vref_80: 0.605221
