ivdd_-20: -8.469412e-05
ivdd_-40: -7.878119e-05
ivdd_0: -9.242936e-05
ivdd_100: -0.0001125038
ivdd_125: -0.0001125038
ivdd_20: -0.0001125038
ivdd_40: -0.0001125038
ivdd_60: -0.0001125038
ivdd_80: -0.0001125038
vn_-20: 0.806358
vn_-40: 0.8377491
vn_0: 0.7741305
vn_100: 0.5600852
vn_125: 0.5600852
vn_20: 0.5600852
vn_40: 0.5600852
vn_60: 0.5600852
vn_80: 0.5600852
vp_-20: 0.8057407
vp_-40: 0.8368568
vp_0: 0.7734426
vp_100: 0.5597885
vp_125: 0.5597885
vp_20: 0.5597885
vp_40: 0.5597885
vp_60: 0.5597885
vp_80: 0.5597885
vref_-20: 0.6064478
vref_-40: 0.6046433
vref_0: 0.607057
vref_100: 0.610761
vref_125: 0.610761
vref_20: 0.610761
vref_40: 0.610761
vref_60: 0.610761
vref_80: 0.610761
