ivdd_-20: -8.458802e-05
ivdd_-40: -7.896783e-05
ivdd_0: -9.266742e-05
ivdd_100: -0.0001132117
ivdd_125: -0.0001130098
ivdd_20: -0.0001000545
ivdd_40: -0.0001060242
ivdd_60: -0.0001102932
ivdd_80: -0.0001124417
vn_-20: 0.8059728
vn_-40: 0.8373188
vn_0: 0.7740147
vn_100: 0.604398
vn_125: 0.5598436
vn_20: 0.7412415
vn_40: 0.7078322
vn_60: 0.6738641
vn_80: 0.6393718
vp_-20: 0.8063606
vp_-40: 0.8361221
vp_0: 0.7732189
vp_100: 0.6037645
vp_125: 0.5591935
vp_20: 0.7405491
vp_40: 0.7071337
vp_60: 0.6731572
vp_80: 0.638689
vref_-20: 0.6025148
vref_-40: 0.6016601
vref_0: 0.6053292
vref_100: 0.6081994
vref_125: 0.6080781
vref_20: 0.6063779
vref_40: 0.6070809
vref_60: 0.6076868
vref_80: 0.6082772
