ivdd_-10: -3.424241e-05
ivdd_-20: -3.04934e-05
ivdd_-30: -2.752014e-05
ivdd_-40: -2.477849e-05
ivdd_0: -3.646961e-05
ivdd_10: -3.831914e-05
ivdd_100: -4.667189e-05
ivdd_110: -4.759326e-05
ivdd_120: -4.798141e-05
ivdd_125: -4.855776e-05
ivdd_20: -4.023329e-05
ivdd_30: -4.168561e-05
ivdd_40: -4.282872e-05
ivdd_50: -4.272381e-05
ivdd_60: -4.434285e-05
ivdd_70: -4.528824e-05
ivdd_80: -4.538147e-05
ivdd_90: -4.584899e-05
vref_-10: 0.6106626
vref_-20: 0.6111286
vref_-30: 0.6108048
vref_-40: 0.6120808
vref_0: 0.6100324
vref_10: 0.6094918
vref_100: 0.5979642
vref_110: 0.5962944
vref_120: 0.5949047
vref_125: 0.5942326
vref_20: 0.6083012
vref_30: 0.6074198
vref_40: 0.6062505
vref_50: 0.6049802
vref_60: 0.603963
vref_70: 0.6021581
vref_80: 0.6012537
vref_90: 0.5994271
