ivdd_-10: -3.220818e-05
ivdd_-20: -2.998255e-05
ivdd_-30: -2.742491e-05
ivdd_-40: -2.455392e-05
ivdd_0: -3.420718e-05
ivdd_10: -3.554287e-05
ivdd_100: -4.266432e-05
ivdd_110: -4.453088e-05
ivdd_120: -4.455008e-05
ivdd_125: -4.491304e-05
ivdd_20: -3.745535e-05
ivdd_30: -3.852972e-05
ivdd_40: -3.969816e-05
ivdd_50: -3.986898e-05
ivdd_60: -4.03929e-05
ivdd_70: -4.106271e-05
ivdd_80: -4.169131e-05
ivdd_90: -4.247834e-05
vref_-10: 0.5502472
vref_-20: 0.5491124
vref_-30: 0.5477464
vref_-40: 0.5445206
vref_0: 0.5512305
vref_10: 0.5522513
vref_100: 0.5546179
vref_110: 0.5558838
vref_120: 0.5548061
vref_125: 0.5548064
vref_20: 0.5523122
vref_30: 0.5548082
vref_40: 0.5548667
vref_50: 0.5539163
vref_60: 0.5532118
vref_70: 0.5528984
vref_80: 0.5542812
vref_90: 0.5545327
