ivdd_-20: -0.0001051876
ivdd_-40: -0.0001039796
ivdd_0: -0.0001062613
ivdd_100: -0.000107562
ivdd_125: -0.0001071073
ivdd_20: -0.0001070856
ivdd_40: -0.0001074855
ivdd_60: -0.0001077692
ivdd_80: -0.0001077873
vn_-20: 0.8068336
vn_-40: 0.8383724
vn_0: 0.77455
vn_100: 0.6044734
vn_125: 0.5599061
vn_20: 0.7417008
vn_40: 0.7081809
vn_60: 0.6741315
vn_80: 0.6395716
vp_-20: 0.8064566
vp_-40: 0.8379654
vp_0: 0.7740361
vp_100: 0.6036978
vp_125: 0.5591313
vp_20: 0.7413872
vp_40: 0.7077385
vp_60: 0.6736228
vp_80: 0.638949
vref_-20: 0.6135432
vref_-40: 0.6130946
vref_0: 0.6137264
vref_100: 0.6123489
vref_125: 0.6115129
vref_20: 0.613794
vref_40: 0.6133999
vref_60: 0.613279
vref_80: 0.6131795
