ivdd_-20: -0.0001040268
ivdd_-40: -0.0001031312
ivdd_0: -0.0001042738
ivdd_100: -0.0001068651
ivdd_125: -0.0001053223
ivdd_20: -0.0001044325
ivdd_40: -0.0001046521
ivdd_60: -0.0001056281
ivdd_80: -0.0001063232
vn_-20: 0.8071949
vn_-40: 0.8384563
vn_0: 0.7752642
vn_100: 0.6066346
vn_125: 0.5623857
vn_20: 0.7427311
vn_40: 0.7095898
vn_60: 0.675849
vn_80: 0.6415816
vp_-20: 0.8071105
vp_-40: 0.8381231
vp_0: 0.7748686
vp_100: 0.6062424
vp_125: 0.5617885
vp_20: 0.7423404
vp_40: 0.7092045
vp_60: 0.6754457
vp_80: 0.6411933
vref_-20: 0.6180895
vref_-40: 0.6176348
vref_0: 0.6176465
vref_100: 0.6171147
vref_125: 0.6162465
vref_20: 0.6175457
vref_40: 0.6177093
vref_60: 0.6175752
vref_80: 0.6175057
