ivdd_-20: -0.0001107117
ivdd_-40: -0.0001103711
ivdd_0: -0.0001123619
ivdd_100: -0.000112196
ivdd_125: -0.0001112098
ivdd_20: -0.000111971
ivdd_40: -0.0001132674
ivdd_60: -0.0001125691
ivdd_80: -0.0001116806
vn_-20: 0.8074903
vn_-40: 0.8379156
vn_0: 0.7744673
vn_100: 0.604071
vn_125: 0.5591424
vn_20: 0.7411715
vn_40: 0.7082771
vn_60: 0.6753382
vn_80: 0.639597
vp_-20: 0.8060047
vp_-40: 0.8387333
vp_0: 0.7760558
vp_100: 0.6046084
vp_125: 0.5590995
vp_20: 0.7403507
vp_40: 0.7101494
vp_60: 0.6745247
vp_80: 0.6374604
vref_-20: 0.6228604
vref_-40: 0.6229716
vref_0: 0.6227482
vref_100: 0.6213741
vref_125: 0.6199746
vref_20: 0.6230412
vref_40: 0.6229978
vref_60: 0.6227955
vref_80: 0.6223411
