ivdd_-20: -0.0001077104
ivdd_-40: -0.000106811
ivdd_0: -0.0001082937
ivdd_100: -0.0001086311
ivdd_125: -0.0001079461
ivdd_20: -0.0001081916
ivdd_40: -0.0001085599
ivdd_60: -0.0001086678
ivdd_80: -0.0001083918
vn_-20: 0.8048081
vn_-40: 0.836361
vn_0: 0.7728636
vn_100: 0.6030778
vn_125: 0.5583944
vn_20: 0.7396074
vn_40: 0.7061788
vn_60: 0.6721628
vn_80: 0.6375585
vp_-20: 0.8052105
vp_-40: 0.8366382
vp_0: 0.7723154
vp_100: 0.6017595
vp_125: 0.5572263
vp_20: 0.739087
vp_40: 0.7056326
vp_60: 0.6715837
vp_80: 0.6369602
vref_-20: 0.6236812
vref_-40: 0.6238175
vref_0: 0.62362
vref_100: 0.6225157
vref_125: 0.6209137
vref_20: 0.6239392
vref_40: 0.623988
vref_60: 0.6238029
vref_80: 0.6232689
