ivdd_-20: -0.0001123911
ivdd_-40: -0.0001117773
ivdd_0: -0.000112695
ivdd_100: -0.0001109515
ivdd_125: -0.0001104116
ivdd_20: -0.0001127781
ivdd_40: -0.0001126672
ivdd_60: -0.0001122348
ivdd_80: -0.000111571
vn_-20: 0.8069264
vn_-40: 0.8384905
vn_0: 0.7746771
vn_100: 0.6043093
vn_125: 0.5599398
vn_20: 0.7418044
vn_40: 0.7084249
vn_60: 0.674124
vn_80: 0.6396794
vp_-20: 0.8066042
vp_-40: 0.8381453
vp_0: 0.7743184
vp_100: 0.6034628
vp_125: 0.5603399
vp_20: 0.7414358
vp_40: 0.7080112
vp_60: 0.6735164
vp_80: 0.6389334
vref_-20: 0.6166365
vref_-40: 0.6168886
vref_0: 0.616855
vref_100: 0.6159321
vref_125: 0.6148633
vref_20: 0.6171268
vref_40: 0.6171214
vref_60: 0.6166264
vref_80: 0.616551
