ivdd_-20: -0.0001134505
ivdd_-40: -0.0001130943
ivdd_0: -0.0001137994
ivdd_100: -0.0001124732
ivdd_125: -0.000111275
ivdd_20: -0.0001139892
ivdd_40: -0.0001138941
ivdd_60: -0.0001135497
ivdd_80: -0.0001130709
vn_-20: 0.8065588
vn_-40: 0.8379905
vn_0: 0.7743419
vn_100: 0.6043439
vn_125: 0.5592598
vn_20: 0.7414813
vn_40: 0.7079759
vn_60: 0.6737876
vn_80: 0.6391742
vp_-20: 0.8062712
vp_-40: 0.8382733
vp_0: 0.7740773
vp_100: 0.6042053
vp_125: 0.5585961
vp_20: 0.7412584
vp_40: 0.7077362
vp_60: 0.6735663
vp_80: 0.6388103
vref_-20: 0.6102367
vref_-40: 0.6104913
vref_0: 0.6106741
vref_100: 0.6102716
vref_125: 0.6090673
vref_20: 0.6110379
vref_40: 0.6107745
vref_60: 0.6110473
vref_80: 0.610678
