ivdd_-20: -0.0001087001
ivdd_-40: -0.0001079952
ivdd_0: -0.0001090309
ivdd_100: -0.000107947
ivdd_125: -0.0001071727
ivdd_20: -0.0001093673
ivdd_40: -0.0001091857
ivdd_60: -0.0001087937
ivdd_80: -0.0001083682
vn_-20: 0.8061101
vn_-40: 0.8377517
vn_0: 0.7740076
vn_100: 0.6039625
vn_125: 0.5593343
vn_20: 0.7410664
vn_40: 0.7075999
vn_60: 0.6736839
vn_80: 0.6391122
vp_-20: 0.8057898
vp_-40: 0.8378591
vp_0: 0.7736535
vp_100: 0.603826
vp_125: 0.5591805
vp_20: 0.7412058
vp_40: 0.7076167
vp_60: 0.6734716
vp_80: 0.6388639
vref_-20: 0.6085208
vref_-40: 0.6083471
vref_0: 0.6097551
vref_100: 0.6105333
vref_125: 0.6097179
vref_20: 0.6105382
vref_40: 0.6108017
vref_60: 0.6109035
vref_80: 0.6107991
