ivdd_-20: -0.0001065229
ivdd_-40: -0.0001054871
ivdd_0: -0.0001069986
ivdd_100: -0.000107826
ivdd_125: -0.0001072102
ivdd_20: -0.0001076114
ivdd_40: -0.0001079724
ivdd_60: -0.0001082356
ivdd_80: -0.0001080483
vn_-20: 0.8044405
vn_-40: 0.8358549
vn_0: 0.7723469
vn_100: 0.6027718
vn_125: 0.558237
vn_20: 0.7395533
vn_40: 0.7062254
vn_60: 0.672164
vn_80: 0.6378095
vp_-20: 0.8040316
vp_-40: 0.8357898
vp_0: 0.7720465
vp_100: 0.6020746
vp_125: 0.55771
vp_20: 0.7392223
vp_40: 0.7056667
vp_60: 0.6720372
vp_80: 0.636968
vref_-20: 0.5959762
vref_-40: 0.5961154
vref_0: 0.5964818
vref_100: 0.5970029
vref_125: 0.5963519
vref_20: 0.59697
vref_40: 0.5972649
vref_60: 0.59754
vref_80: 0.5971698
