ivdd_-20: -0.0001032049
ivdd_-40: -0.000101681
ivdd_0: -0.0001045825
ivdd_100: -0.0001100281
ivdd_125: -0.0001092864
ivdd_20: -0.0001060899
ivdd_40: -0.0001075435
ivdd_60: -0.0001088145
ivdd_80: -0.0001098853
vn_-20: 0.8059835
vn_-40: 0.8373627
vn_0: 0.7737663
vn_100: 0.6041753
vn_125: 0.5595713
vn_20: 0.7409714
vn_40: 0.7075692
vn_60: 0.6735847
vn_80: 0.6392426
vp_-20: 0.8059898
vp_-40: 0.8373707
vp_0: 0.7735846
vp_100: 0.6038319
vp_125: 0.5593696
vp_20: 0.7406801
vp_40: 0.7071776
vp_60: 0.6733426
vp_80: 0.6388768
vref_-20: 0.6074199
vref_-40: 0.6067947
vref_0: 0.6082561
vref_100: 0.610008
vref_125: 0.6096407
vref_20: 0.6093333
vref_40: 0.6099703
vref_60: 0.6102462
vref_80: 0.6103504
