ivdd_-20: -0.0001073468
ivdd_-40: -0.000105634
ivdd_0: -0.0001080525
ivdd_100: -0.0001077248
ivdd_125: -0.0001071271
ivdd_20: -0.0001077537
ivdd_40: -0.0001075829
ivdd_60: -0.0001075075
ivdd_80: -0.0001072132
vn_-20: 0.8060663
vn_-40: 0.8365667
vn_0: 0.7738435
vn_100: 0.6039005
vn_125: 0.5592044
vn_20: 0.7411634
vn_40: 0.7063764
vn_60: 0.6724748
vn_80: 0.6381846
vp_-20: 0.8070051
vp_-40: 0.8359435
vp_0: 0.7747565
vp_100: 0.6038248
vp_125: 0.5597066
vp_20: 0.7392948
vp_40: 0.7049305
vp_60: 0.6708275
vp_80: 0.6361818
vref_-20: 0.6119274
vref_-40: 0.6124283
vref_0: 0.6120361
vref_100: 0.6097991
vref_125: 0.6080809
vref_20: 0.6121019
vref_40: 0.6118577
vref_60: 0.6114605
vref_80: 0.6109742
