ivdd_-20: -0.0001122906
ivdd_-40: -0.0001102977
ivdd_0: -0.0001137462
ivdd_100: -0.0001124315
ivdd_125: -0.000115114
ivdd_20: -0.0001133821
ivdd_40: -0.0001135768
ivdd_60: -0.0001135904
ivdd_80: -0.0001129945
vn_-20: 0.8076932
vn_-40: 0.8392815
vn_0: 0.7754847
vn_100: 0.6053372
vn_125: 0.5608065
vn_20: 0.7425488
vn_40: 0.7090633
vn_60: 0.6751661
vn_80: 0.6404117
vp_-20: 0.8073165
vp_-40: 0.8390794
vp_0: 0.7754058
vp_100: 0.6045731
vp_125: 0.5600706
vp_20: 0.7420915
vp_40: 0.7088826
vp_60: 0.67489
vp_80: 0.6398066
vref_-20: 0.6373794
vref_-40: 0.6373962
vref_0: 0.6381883
vref_100: 0.6383636
vref_125: 0.6372897
vref_20: 0.6387685
vref_40: 0.6390959
vref_60: 0.6391173
vref_80: 0.6389375
