ivdd_-20: -0.0001067496
ivdd_-40: -0.0001052117
ivdd_0: -0.0001069555
ivdd_100: -0.0001059187
ivdd_125: -0.0001052245
ivdd_20: -0.0001063429
ivdd_40: -0.0001062364
ivdd_60: -0.0001064808
ivdd_80: -0.0001058642
vn_-20: 0.8052381
vn_-40: 0.8355305
vn_0: 0.7729242
vn_100: 0.6029322
vn_125: 0.5577654
vn_20: 0.7400711
vn_40: 0.706694
vn_60: 0.6721431
vn_80: 0.6379133
vp_-20: 0.8061402
vp_-40: 0.8349569
vp_0: 0.7733279
vp_100: 0.602426
vp_125: 0.5588132
vp_20: 0.7388699
vp_40: 0.7052976
vp_60: 0.6715902
vp_80: 0.6368909
vref_-20: 0.6148914
vref_-40: 0.6147894
vref_0: 0.6149455
vref_100: 0.6139052
vref_125: 0.6123258
vref_20: 0.614919
vref_40: 0.6153239
vref_60: 0.6152922
vref_80: 0.6148472
