ivdd_-20: -0.000110879
ivdd_-40: -0.0001110294
ivdd_0: -0.0001110825
ivdd_100: -0.0001089615
ivdd_125: -0.0001080539
ivdd_20: -0.000111162
ivdd_40: -0.0001108514
ivdd_60: -0.0001102358
ivdd_80: -0.0001095809
vn_-20: 0.8075435
vn_-40: 0.839164
vn_0: 0.7752738
vn_100: 0.6050447
vn_125: 0.5606
vn_20: 0.7424013
vn_40: 0.7089111
vn_60: 0.6748306
vn_80: 0.6402015
vp_-20: 0.8075634
vp_-40: 0.8392075
vp_0: 0.7751854
vp_100: 0.6041967
vp_125: 0.5599634
vp_20: 0.7422192
vp_40: 0.7085464
vp_60: 0.6742519
vp_80: 0.6394273
vref_-20: 0.6115867
vref_-40: 0.6116843
vref_0: 0.6121582
vref_100: 0.6116126
vref_125: 0.6104809
vref_20: 0.6127468
vref_40: 0.6129691
vref_60: 0.6128287
vref_80: 0.6122881
