ivdd_-20: -0.0001175142
ivdd_-40: -0.0001166771
ivdd_0: -0.0001182913
ivdd_100: -0.0001173898
ivdd_125: -0.0001165075
ivdd_20: -0.0001185257
ivdd_40: -0.0001184692
ivdd_60: -0.0001183615
ivdd_80: -0.0001179328
vn_-20: 0.8069817
vn_-40: 0.8382814
vn_0: 0.7747258
vn_100: 0.6047155
vn_125: 0.5601287
vn_20: 0.7418847
vn_40: 0.7084087
vn_60: 0.6743594
vn_80: 0.6398062
vp_-20: 0.8065252
vp_-40: 0.8374397
vp_0: 0.7747032
vp_100: 0.6042162
vp_125: 0.5595935
vp_20: 0.7418323
vp_40: 0.707902
vp_60: 0.6741574
vp_80: 0.6393551
vref_-20: 0.6076424
vref_-40: 0.607598
vref_0: 0.6084512
vref_100: 0.6088292
vref_125: 0.6081084
vref_20: 0.6089294
vref_40: 0.6092257
vref_60: 0.6094226
vref_80: 0.6090959
