ivdd_-20: -0.00011568
ivdd_-40: -0.0001139895
ivdd_0: -0.0001116027
ivdd_100: -0.0001173335
ivdd_125: -0.0001155081
ivdd_20: -0.000113725
ivdd_40: -0.0001171589
ivdd_60: -0.0001181851
ivdd_80: -0.000117873
vn_-20: 0.806164
vn_-40: 0.8302014
vn_0: 0.7704375
vn_100: 0.6014723
vn_125: 0.5529566
vn_20: 0.733361
vn_40: 0.7014843
vn_60: 0.669399
vn_80: 0.6372115
vp_-20: 0.807807
vp_-40: 0.8366521
vp_0: 0.7626584
vp_100: 0.6095219
vp_125: 0.5618565
vp_20: 0.7336958
vp_40: 0.7099816
vp_60: 0.6792965
vp_80: 0.6447306
vref_-20: 0.6172802
vref_-40: 0.6174987
vref_0: 0.6171497
vref_100: 0.6143678
vref_125: 0.6117189
vref_20: 0.6174688
vref_40: 0.6173831
vref_60: 0.6171001
vref_80: 0.6160616
