ivdd_-20: -0.0001047583
ivdd_-40: -3.048725e-05
ivdd_0: -0.0001053358
ivdd_100: -0.0001047367
ivdd_125: -0.0001051604
ivdd_20: -0.0001050046
ivdd_40: -0.0001050175
ivdd_60: -0.0001046673
ivdd_80: -0.0001052401
vn_-20: 0.8044216
vn_-40: 0.002062357
vn_0: 0.772257
vn_100: 0.6025956
vn_125: 0.5564392
vn_20: 0.7379028
vn_40: 0.7045207
vn_60: 0.670511
vn_80: 0.6377454
vp_-20: 0.8042588
vp_-40: 0.002056529
vp_0: 0.7720236
vp_100: 0.6009801
vp_125: 0.5585979
vp_20: 0.7377747
vp_40: 0.7041527
vp_60: 0.6696421
vp_80: 0.6354518
vref_-20: 0.6087981
vref_-40: 0.00277688
vref_0: 0.6090268
vref_100: 0.6099128
vref_125: 0.608693
vref_20: 0.6095879
vref_40: 0.6104641
vref_60: 0.610583
vref_80: 0.6105832
