ivdd_-20: -0.0001066149
ivdd_-40: -0.0001056427
ivdd_0: -0.0001075156
ivdd_100: -0.0001092713
ivdd_125: -0.0001073248
ivdd_20: -0.0001078253
ivdd_40: -0.0001083299
ivdd_60: -0.0001084877
ivdd_80: -0.0001084164
vn_-20: 0.8071348
vn_-40: 0.8385836
vn_0: 0.7748984
vn_100: 0.6048349
vn_125: 0.5601551
vn_20: 0.7421063
vn_40: 0.7086275
vn_60: 0.6745627
vn_80: 0.6400212
vp_-20: 0.8070261
vp_-40: 0.8383998
vp_0: 0.774755
vp_100: 0.6043169
vp_125: 0.5595073
vp_20: 0.7414238
vp_40: 0.7084092
vp_60: 0.6742392
vp_80: 0.6393294
vref_-20: 0.6132971
vref_-40: 0.6130704
vref_0: 0.6138104
vref_100: 0.6130518
vref_125: 0.6118052
vref_20: 0.6140217
vref_40: 0.6143434
vref_60: 0.6141323
vref_80: 0.6138251
