ivdd_-20: -0.0001103411
ivdd_-40: -0.0001091882
ivdd_0: -0.0001108201
ivdd_100: -0.0001111835
ivdd_125: -0.0001095615
ivdd_20: -0.0001114349
ivdd_40: -0.0001121652
ivdd_60: -0.0001155886
ivdd_80: -0.0001135396
vn_-20: 0.8077959
vn_-40: 0.8394726
vn_0: 0.775654
vn_100: 0.6056279
vn_125: 0.5608967
vn_20: 0.7427554
vn_40: 0.7092653
vn_60: 0.675261
vn_80: 0.6406524
vp_-20: 0.8078377
vp_-40: 0.8390473
vp_0: 0.7751215
vp_100: 0.6050976
vp_125: 0.5599954
vp_20: 0.7426311
vp_40: 0.7086798
vp_60: 0.6746543
vp_80: 0.6402934
vref_-20: 0.6310109
vref_-40: 0.6314976
vref_0: 0.6318118
vref_100: 0.6305839
vref_125: 0.6292967
vref_20: 0.631625
vref_40: 0.6319954
vref_60: 0.6318199
vref_80: 0.6311758
