ivdd_-20: -0.0001016725
ivdd_-40: -0.0001032617
ivdd_0: -0.0001033744
ivdd_100: -0.0001016988
ivdd_125: -9.854799e-05
ivdd_20: -0.0001021717
ivdd_40: -0.0001023382
ivdd_60: -0.0001021132
ivdd_80: -0.000101751
vn_-20: 0.8022132
vn_-40: 0.8358792
vn_0: 0.7716392
vn_100: 0.6016373
vn_125: 0.5543034
vn_20: 0.7399259
vn_40: 0.7064798
vn_60: 0.6724239
vn_80: 0.6377357
vp_-20: 0.8012949
vp_-40: 0.8404631
vp_0: 0.7751965
vp_100: 0.6046132
vp_125: 0.5521923
vp_20: 0.7381442
vp_40: 0.7051197
vp_60: 0.6713304
vp_80: 0.6372813
vref_-20: 0.6071505
vref_-40: 0.6073765
vref_0: 0.6065898
vref_100: 0.6028283
vref_125: 0.6000252
vref_20: 0.6064959
vref_40: 0.606243
vref_60: 0.6056095
vref_80: 0.6044513
