ivdd_-20: -0.0001092415
ivdd_-40: -0.0001087483
ivdd_0: -0.000114255
ivdd_100: -0.0001099324
ivdd_125: -0.0001083396
ivdd_20: -0.0001129757
ivdd_40: -0.0001103296
ivdd_60: -0.0001100344
ivdd_80: -0.0001097859
vn_-20: 0.7977302
vn_-40: 0.8358339
vn_0: 0.7688197
vn_100: 0.5981782
vn_125: 0.556282
vn_20: 0.7407486
vn_40: 0.7048387
vn_60: 0.6689784
vn_80: 0.6345019
vp_-20: 0.7975436
vp_-40: 0.8314885
vp_0: 0.7775483
vp_100: 0.5949403
vp_125: 0.5482899
vp_20: 0.7406875
vp_40: 0.6983305
vp_60: 0.6635098
vp_80: 0.6288192
vref_-20: 0.6080094
vref_-40: 0.6063622
vref_0: 0.609076
vref_100: 0.6095482
vref_125: 0.6074626
vref_20: 0.6096717
vref_40: 0.610322
vref_60: 0.6107798
vref_80: 0.6104351
