ivdd_-20: -0.0001111043
ivdd_-40: -0.0001105898
ivdd_0: -0.0001115407
ivdd_100: -0.00011098
ivdd_125: -0.0001097642
ivdd_20: -0.0001119181
ivdd_40: -0.0001112012
ivdd_60: -0.0001112972
ivdd_80: -0.0001112413
vn_-20: 0.8072649
vn_-40: 0.8376167
vn_0: 0.7731932
vn_100: 0.6051054
vn_125: 0.5581986
vn_20: 0.7402727
vn_40: 0.7080471
vn_60: 0.6742257
vn_80: 0.6399328
vp_-20: 0.8073787
vp_-40: 0.8396126
vp_0: 0.7738172
vp_100: 0.6037816
vp_125: 0.556946
vp_20: 0.7407951
vp_40: 0.7054446
vp_60: 0.6718723
vp_80: 0.6380638
vref_-20: 0.6156394
vref_-40: 0.6155698
vref_0: 0.6160976
vref_100: 0.6157016
vref_125: 0.614289
vref_20: 0.616373
vref_40: 0.6163006
vref_60: 0.6168189
vref_80: 0.6163881
