ivdd_-20: -0.0001093507
ivdd_-40: -0.0001094216
ivdd_0: -0.0001107536
ivdd_100: -0.0001109514
ivdd_125: -0.000110118
ivdd_20: -0.0001107759
ivdd_40: -0.0001108388
ivdd_60: -0.0001109248
ivdd_80: -0.0001110893
vn_-20: 0.8078084
vn_-40: 0.8386938
vn_0: 0.774924
vn_100: 0.6051201
vn_125: 0.5602729
vn_20: 0.742199
vn_40: 0.7087492
vn_60: 0.6748979
vn_80: 0.6402834
vp_-20: 0.8067553
vp_-40: 0.8381383
vp_0: 0.7749613
vp_100: 0.6048393
vp_125: 0.5598643
vp_20: 0.7416214
vp_40: 0.7080195
vp_60: 0.6744206
vp_80: 0.639946
vref_-20: 0.6233818
vref_-40: 0.6238954
vref_0: 0.6227487
vref_100: 0.6205068
vref_125: 0.6194779
vref_20: 0.6227216
vref_40: 0.6222571
vref_60: 0.6219981
vref_80: 0.6214977
