ivdd_-20: -0.0001142615
ivdd_-40: -0.0001143972
ivdd_0: -0.0001156685
ivdd_100: -0.0001155321
ivdd_125: -0.0001151495
ivdd_20: -0.0001171177
ivdd_40: -0.0001157476
ivdd_60: -0.0001158618
ivdd_80: -0.0001158184
vn_-20: 0.806679
vn_-40: 0.8387752
vn_0: 0.7733336
vn_100: 0.6045943
vn_125: 0.560192
vn_20: 0.7417136
vn_40: 0.7078375
vn_60: 0.6739067
vn_80: 0.6394858
vp_-20: 0.8047151
vp_-40: 0.8396586
vp_0: 0.7735574
vp_100: 0.6023916
vp_125: 0.5582819
vp_20: 0.7438798
vp_40: 0.7052529
vp_60: 0.6712659
vp_80: 0.6369668
vref_-20: 0.6157013
vref_-40: 0.6157251
vref_0: 0.6158186
vref_100: 0.6151658
vref_125: 0.6136464
vref_20: 0.6163843
vref_40: 0.616471
vref_60: 0.6163053
vref_80: 0.615898
