ivdd_-20: -9.055767e-05
ivdd_-40: -7.99841e-05
ivdd_0: -9.242628e-05
ivdd_100: -0.0001051741
ivdd_125: -0.0001072237
ivdd_20: -9.220009e-05
ivdd_40: -0.0001024967
ivdd_60: -0.0001004708
ivdd_80: -9.918844e-05
vref_-20: 0.6296969
vref_-40: 0.5937772
vref_0: 0.6107411
vref_100: 0.5961813
vref_125: 0.5879915
vref_20: 0.5844172
vref_40: 0.6301943
vref_60: 0.6016462
vref_80: 0.5836686
