ivdd_-20: -9.032546e-05
ivdd_-40: -8.360772e-05
ivdd_0: -9.550316e-05
ivdd_100: -0.0001146494
ivdd_125: -0.0001204098
ivdd_20: -9.968543e-05
ivdd_40: -0.0001041968
ivdd_60: -0.0001054801
ivdd_80: -0.0001094509
vref_-20: 0.6013582
vref_-40: 0.6067953
vref_0: 0.619201
vref_100: 0.6075686
vref_125: 0.6068659
vref_20: 0.6090184
vref_40: 0.6061259
vref_60: 0.6121335
vref_80: 0.6072487
