ivdd_-20: -9.108574e-05
ivdd_-40: -8.595875e-05
ivdd_0: -9.57433e-05
ivdd_100: -0.0001113158
ivdd_125: -0.0001152516
ivdd_20: -9.886503e-05
ivdd_40: -0.0001018083
ivdd_60: -0.0001049031
ivdd_80: -0.0001076254
vref_-20: 0.6097713
vref_-40: 0.6099564
vref_0: 0.6095243
vref_100: 0.6058528
vref_125: 0.6043486
vref_20: 0.6093929
vref_40: 0.6086579
vref_60: 0.6084049
vref_80: 0.6080667
