ivdd_-20: -9.211768e-05
ivdd_-40: -8.579094e-05
ivdd_0: -9.795192e-05
ivdd_100: -0.0001164811
ivdd_125: -0.0001209871
ivdd_20: -0.0001032285
ivdd_40: -0.000106921
ivdd_60: -0.0001106183
ivdd_80: -0.0001129333
vref_-20: 0.6148778
vref_-40: 0.6161325
vref_0: 0.615224
vref_100: 0.6175221
vref_125: 0.6170842
vref_20: 0.6155165
vref_40: 0.6163531
vref_60: 0.6169419
vref_80: 0.6178467
