ivdd_-20: -9.141058e-05
ivdd_-40: -8.456701e-05
ivdd_0: -9.864753e-05
ivdd_100: -0.0001132586
ivdd_125: -0.0001154866
ivdd_20: -0.000100375
ivdd_40: -0.0001064347
ivdd_60: -0.000110799
ivdd_80: -0.0001112445
vref_-20: 0.6424466
vref_-40: 0.612728
vref_0: 0.6203802
vref_100: 0.5971719
vref_125: 0.6344655
vref_20: 0.602356
vref_40: 0.638101
vref_60: 0.6170557
vref_80: 0.6046433
