ivdd_-20: -9.183988e-05
ivdd_-40: -8.54307e-05
ivdd_0: -9.667261e-05
ivdd_100: -0.0001137013
ivdd_125: -0.0001194804
ivdd_20: -0.0001012783
ivdd_40: -0.0001050256
ivdd_60: -0.0001075689
ivdd_80: -0.0001108859
vref_-20: 0.6081151
vref_-40: 0.6082237
vref_0: 0.6074286
vref_100: 0.6031654
vref_125: 0.6003295
vref_20: 0.6074661
vref_40: 0.606583
vref_60: 0.6057123
vref_80: 0.6042484
