ivdd_-20: -8.857202e-05
ivdd_-40: -8.199626e-05
ivdd_0: -9.364403e-05
ivdd_100: -0.0001093723
ivdd_125: -0.0001150097
ivdd_20: -9.8e-05
ivdd_40: -0.0001004636
ivdd_60: -0.0001030136
ivdd_80: -0.0001067493
vref_-20: 0.608621
vref_-40: 0.6081667
vref_0: 0.609666
vref_100: 0.6123706
vref_125: 0.6120803
vref_20: 0.61047
vref_40: 0.6114762
vref_60: 0.6116077
vref_80: 0.6118894
