ivdd_-20: -8.97821e-05
ivdd_-40: -8.378559e-05
ivdd_0: -9.593804e-05
ivdd_100: -0.000113788
ivdd_125: -0.0001189694
ivdd_20: -0.0001002561
ivdd_40: -0.0001042697
ivdd_60: -0.0001065933
ivdd_80: -0.0001113414
vref_-20: 0.6121478
vref_-40: 0.6118804
vref_0: 0.6128839
vref_100: 0.6102674
vref_125: 0.6089237
vref_20: 0.6128104
vref_40: 0.6139564
vref_60: 0.6130074
vref_80: 0.6115323
