ivdd_-20: -8.457023e-05
ivdd_-40: -7.992938e-05
ivdd_0: -9.263415e-05
ivdd_100: -0.0001072665
ivdd_125: -0.0001118754
ivdd_20: -9.35196e-05
ivdd_40: -0.000103334
ivdd_60: -0.000104061
ivdd_80: -0.0001032416
vref_-20: 0.5904262
vref_-40: 0.6108452
vref_0: 0.6261445
vref_100: 0.6111804
vref_125: 0.6121166
vref_20: 0.610239
vref_40: 0.6386715
vref_60: 0.6272691
vref_80: 0.6116
