ivdd_-20: -8.727858e-05
ivdd_-40: -8.092433e-05
ivdd_0: -9.377919e-05
ivdd_100: -0.0001137965
ivdd_125: -0.0001199365
ivdd_20: -9.785852e-05
ivdd_40: -0.0001027036
ivdd_60: -0.0001065991
ivdd_80: -0.0001099127
vref_-20: 0.6003982
vref_-40: 0.6008305
vref_0: 0.6001697
vref_100: 0.6037955
vref_125: 0.6038347
vref_20: 0.6010827
vref_40: 0.6009829
vref_60: 0.6023314
vref_80: 0.6034429
