ivdd_-20: -9.13847e-05
ivdd_-40: -8.512934e-05
ivdd_0: -9.642438e-05
ivdd_100: -0.0001144154
ivdd_125: -0.0001197243
ivdd_20: -0.0001016364
ivdd_40: -0.0001045484
ivdd_60: -0.0001074523
ivdd_80: -0.0001105291
vref_-20: 0.6034304
vref_-40: 0.6008082
vref_0: 0.6052994
vref_100: 0.6136932
vref_125: 0.6129661
vref_20: 0.6075132
vref_40: 0.6093216
vref_60: 0.6109209
vref_80: 0.6121474
