ivdd_-20: -8.962377e-05
ivdd_-40: -8.375084e-05
ivdd_0: -9.588966e-05
ivdd_100: -0.0001126288
ivdd_125: -0.0001170093
ivdd_20: -9.986525e-05
ivdd_40: -0.0001036171
ivdd_60: -0.0001062933
ivdd_80: -0.0001079327
vref_-20: 0.6039602
vref_-40: 0.5985762
vref_0: 0.5990848
vref_100: 0.6046919
vref_125: 0.605987
vref_20: 0.6057568
vref_40: 0.6011487
vref_60: 0.6025789
vref_80: 0.6121209
