ivdd_-20: -8.698662e-05
ivdd_-40: -8.103667e-05
ivdd_0: -9.171682e-05
ivdd_100: -0.0001097617
ivdd_125: -0.000116804
ivdd_20: -9.660348e-05
ivdd_40: -0.0001002996
ivdd_60: -0.0001044001
ivdd_80: -0.0001066453
vref_-20: 0.6083733
vref_-40: 0.6119859
vref_0: 0.6093973
vref_100: 0.614005
vref_125: 0.6102566
vref_20: 0.608798
vref_40: 0.6097818
vref_60: 0.6099082
vref_80: 0.6107247
