ivdd_-20: -8.702741e-05
ivdd_-40: -8.122216e-05
ivdd_0: -9.199028e-05
ivdd_100: -0.0001132331
ivdd_125: -0.0001152826
ivdd_20: -9.643703e-05
ivdd_40: -0.000101149
ivdd_60: -0.0001018371
ivdd_80: -0.000106577
vref_-20: 0.5693025
vref_-40: 0.5700474
vref_0: 0.5794639
vref_100: 0.6021438
vref_125: 0.5932088
vref_20: 0.5686569
vref_40: 0.5942113
vref_60: 0.5771019
vref_80: 0.5670748
