ivdd_-20: -8.664749e-05
ivdd_-40: -8.064584e-05
ivdd_0: -9.259078e-05
ivdd_100: -0.0001097616
ivdd_125: -0.0001150613
ivdd_20: -9.757138e-05
ivdd_40: -0.0001000475
ivdd_60: -0.0001044956
ivdd_80: -0.0001070245
vref_-20: 0.5989907
vref_-40: 0.5986139
vref_0: 0.601689
vref_100: 0.6077359
vref_125: 0.6081468
vref_20: 0.6025457
vref_40: 0.6040749
vref_60: 0.6054853
vref_80: 0.6068947
