ivdd_-20: -8.804684e-05
ivdd_-40: -8.162639e-05
ivdd_0: -9.334899e-05
ivdd_100: -0.0001079947
ivdd_125: -0.000111729
ivdd_20: -9.744804e-05
ivdd_40: -0.0001009234
ivdd_60: -0.0001028488
ivdd_80: -0.0001055843
vref_-20: 0.6060646
vref_-40: 0.5849999
vref_0: 0.5897127
vref_100: 0.5915008
vref_125: 0.5925025
vref_20: 0.5909457
vref_40: 0.6106853
vref_60: 0.5944672
vref_80: 0.5937176
