ivdd_-20: -8.520785e-05
ivdd_-40: -7.98806e-05
ivdd_0: -9.067264e-05
ivdd_100: -0.0001055856
ivdd_125: -0.0001119077
ivdd_20: -9.482206e-05
ivdd_40: -9.729926e-05
ivdd_60: -0.0001005311
ivdd_80: -0.0001027473
vref_-20: 0.5916108
vref_-40: 0.5867769
vref_0: 0.5880766
vref_100: 0.5935291
vref_125: 0.5938
vref_20: 0.5904805
vref_40: 0.5917184
vref_60: 0.5918986
vref_80: 0.6014528
