caprst_fall_first_-20: 5.220152e-05
caprst_fall_first_-40: 5.250152e-05
caprst_fall_first_0: 5.205152e-05
caprst_fall_first_100: 5.225152e-05
caprst_fall_first_125: 5.240152e-05
caprst_fall_first_20: 5.200152e-05
caprst_fall_first_40: 5.200152e-05
caprst_fall_first_60: 5.210152e-05
caprst_fall_first_80: 5.215152e-05
caprst_fall_second_-20: 7.280152e-05
caprst_fall_second_-40: 7.295152e-05
caprst_fall_second_0: 7.220152e-05
caprst_fall_second_100: 7.230152e-05
caprst_fall_second_125: 7.280152e-05
caprst_fall_second_20: 7.205152e-05
caprst_fall_second_40: 7.210152e-05
caprst_fall_second_60: 7.220152e-05
caprst_fall_second_80: 7.275152e-05
caprst_rise_first_-20: 6.510152e-05
caprst_rise_first_-40: 6.510152e-05
caprst_rise_first_0: 6.465152e-05
caprst_rise_first_100: 6.485152e-05
caprst_rise_first_125: 6.535152e-05
caprst_rise_first_20: 6.460152e-05
caprst_rise_first_40: 6.465152e-05
caprst_rise_first_60: 6.475152e-05
caprst_rise_first_80: 6.530152e-05
caprst_rise_second_-20: 8.540152e-05
caprst_rise_second_-40: 8.555152e-05
caprst_rise_second_0: 8.480152e-05
caprst_rise_second_100: 8.500152e-05
caprst_rise_second_125: 8.545152e-05
caprst_rise_second_20: 8.480152e-05
caprst_rise_second_40: 8.470152e-05
caprst_rise_second_60: 8.495152e-05
caprst_rise_second_80: 8.540152e-05
iptat_first_-20: 6.834373e-06
iptat_first_-40: 6.394808e-06
iptat_first_0: 7.263895e-06
iptat_first_100: 9.131372e-06
iptat_first_125: 9.518324e-06
iptat_first_20: 7.676271e-06
iptat_first_40: 8.070187e-06
iptat_first_60: 8.444262e-06
iptat_first_80: 8.799785e-06
iptat_second_-20: 4.961331e-06
iptat_second_-40: 4.497111e-06
iptat_second_0: 5.413593e-06
iptat_second_100: 7.434158e-06
iptat_second_125: 7.86596e-06
iptat_second_20: 5.847953e-06
iptat_second_40: 6.27266e-06
iptat_second_60: 6.679152e-06
iptat_second_80: 7.06882e-06
tmpcount1_-20: 0.144
tmpcount1_-40: 0.125
tmpcount1_0: 0.139
tmpcount1_100: 0.157
tmpcount1_125: 0.168
tmpcount1_20: 0.139
tmpcount1_40: 0.144
tmpcount1_60: 0.148
tmpcount1_80: 0.16
tmpcount2_-20: 0.093
tmpcount2_-40: 0.087
tmpcount2_0: 0.099
tmpcount2_100: 0.129
tmpcount2_125: 0.136
tmpcount2_20: 0.105
tmpcount2_40: 0.11
tmpcount2_60: 0.118
tmpcount2_80: 0.123
