caprst_fall_first_-20: 5.280152e-05
caprst_fall_first_-40: 5.275152e-05
caprst_fall_first_0: 5.285152e-05
caprst_fall_first_100: 5.355152e-05
caprst_fall_first_125: 5.375152e-05
caprst_fall_first_20: 5.290152e-05
caprst_fall_first_40: 5.305152e-05
caprst_fall_first_60: 5.320152e-05
caprst_fall_first_80: 5.335152e-05
caprst_fall_second_-20: 7.390152e-05
caprst_fall_second_-40: 7.395152e-05
caprst_fall_second_0: 7.435152e-05
caprst_fall_second_100: 7.465152e-05
caprst_fall_second_125: 7.500152e-05
caprst_fall_second_20: 7.405152e-05
caprst_fall_second_40: 7.415152e-05
caprst_fall_second_60: 7.445152e-05
caprst_fall_second_80: 7.455152e-05
caprst_rise_first_-20: 6.540152e-05
caprst_rise_first_-40: 6.545152e-05
caprst_rise_first_0: 6.585152e-05
caprst_rise_first_100: 6.615152e-05
caprst_rise_first_125: 6.650152e-05
caprst_rise_first_20: 6.555152e-05
caprst_rise_first_40: 6.565152e-05
caprst_rise_first_60: 6.595152e-05
caprst_rise_first_80: 6.605152e-05
caprst_rise_second_-20: 8.655152e-05
caprst_rise_second_-40: 8.670152e-05
caprst_rise_second_0: 8.695152e-05
caprst_rise_second_100: 8.740152e-05
caprst_rise_second_125: 8.760152e-05
caprst_rise_second_20: 8.665152e-05
caprst_rise_second_40: 8.675152e-05
caprst_rise_second_60: 8.705152e-05
caprst_rise_second_80: 8.715152e-05
iptat_first_-20: 5.98508e-06
iptat_first_-40: 5.541112e-06
iptat_first_0: 6.427465e-06
iptat_first_100: 8.409086e-06
iptat_first_125: 8.820844e-06
iptat_first_20: 6.862668e-06
iptat_first_40: 7.278629e-06
iptat_first_60: 7.678629e-06
iptat_first_80: 8.057599e-06
iptat_second_-20: 5.576784e-06
iptat_second_-40: 5.126887e-06
iptat_second_0: 6.004853e-06
iptat_second_100: 7.846848e-06
iptat_second_125: 8.237649e-06
iptat_second_20: 6.408606e-06
iptat_second_40: 6.794068e-06
iptat_second_60: 7.162437e-06
iptat_second_80: 7.514071e-06
tmpcount1_-20: 0.112
tmpcount1_-40: 0.108
tmpcount1_0: 0.121
tmpcount1_100: 0.145
tmpcount1_125: 0.154
tmpcount1_20: 0.124
tmpcount1_40: 0.129
tmpcount1_60: 0.136
tmpcount1_80: 0.142
tmpcount2_-20: 0.106
tmpcount2_-40: 0.101
tmpcount2_0: 0.11
tmpcount2_100: 0.139
tmpcount2_125: 0.144
tmpcount2_20: 0.116
tmpcount2_40: 0.121
tmpcount2_60: 0.127
tmpcount2_80: 0.133
