caprst_fall_first_-20: 5.390152e-05
caprst_fall_first_-40: 5.415152e-05
caprst_fall_first_0: 5.380152e-05
caprst_fall_first_100: 5.545152e-05
caprst_fall_first_125: 5.565152e-05
caprst_fall_first_20: 5.375152e-05
caprst_fall_first_40: 5.380152e-05
caprst_fall_first_60: 5.390152e-05
caprst_fall_first_80: 5.395152e-05
caprst_fall_second_-20: 7.430152e-05
caprst_fall_second_-40: 7.420152e-05
caprst_fall_second_0: 7.385152e-05
caprst_fall_second_100: 7.550152e-05
caprst_fall_second_125: 7.570152e-05
caprst_fall_second_20: 7.395152e-05
caprst_fall_second_40: 7.440152e-05
caprst_fall_second_60: 7.395152e-05
caprst_fall_second_80: 7.415152e-05
caprst_rise_first_-20: 6.685152e-05
caprst_rise_first_-40: 6.675152e-05
caprst_rise_first_0: 6.640152e-05
caprst_rise_first_100: 6.805152e-05
caprst_rise_first_125: 6.825152e-05
caprst_rise_first_20: 6.650152e-05
caprst_rise_first_40: 6.695152e-05
caprst_rise_first_60: 6.650152e-05
caprst_rise_first_80: 6.670152e-05
caprst_rise_second_-20: 8.695152e-05
caprst_rise_second_-40: 8.710152e-05
caprst_rise_second_0: 8.685152e-05
caprst_rise_second_100: 8.810152e-05
caprst_rise_second_125: 8.835152e-05
caprst_rise_second_20: 8.655152e-05
caprst_rise_second_40: 8.710152e-05
caprst_rise_second_60: 8.680152e-05
caprst_rise_second_80: 8.685152e-05
iptat_first_-20: 6.514937e-06
iptat_first_-40: 6.075469e-06
iptat_first_0: 6.940667e-06
iptat_first_100: 8.795998e-06
iptat_first_125: 9.182511e-06
iptat_first_20: 7.351242e-06
iptat_first_40: 7.737787e-06
iptat_first_60: 8.109477e-06
iptat_first_80: 8.464298e-06
iptat_second_-20: 5.327716e-06
iptat_second_-40: 4.86449e-06
iptat_second_0: 5.77844e-06
iptat_second_100: 7.801932e-06
iptat_second_125: 8.22445e-06
iptat_second_20: 6.219635e-06
iptat_second_40: 6.64401e-06
iptat_second_60: 7.050403e-06
iptat_second_80: 7.439298e-06
tmpcount1_-20: 0.125
tmpcount1_-40: 0.117
tmpcount1_0: 0.126
tmpcount1_100: 0.151
tmpcount1_125: 0.157
tmpcount1_20: 0.133
tmpcount1_40: 0.142
tmpcount1_60: 0.141
tmpcount1_80: 0.148
tmpcount2_-20: 0.098
tmpcount2_-40: 0.095
tmpcount2_0: 0.107
tmpcount2_100: 0.134
tmpcount2_125: 0.142
tmpcount2_20: 0.11
tmpcount2_40: 0.117
tmpcount2_60: 0.125
tmpcount2_80: 0.129
