caprst_fall_first_-20: 5.305152e-05
caprst_fall_first_-40: 5.305152e-05
caprst_fall_first_0: 5.305152e-05
caprst_fall_first_100: 5.510152e-05
caprst_fall_first_125: 5.530152e-05
caprst_fall_first_20: 5.310152e-05
caprst_fall_first_40: 5.320152e-05
caprst_fall_first_60: 5.475152e-05
caprst_fall_first_80: 5.490152e-05
caprst_fall_second_-20: 7.315152e-05
caprst_fall_second_-40: 7.310152e-05
caprst_fall_second_0: 7.310152e-05
caprst_fall_second_100: 7.515152e-05
caprst_fall_second_125: 7.540152e-05
caprst_fall_second_20: 7.335152e-05
caprst_fall_second_40: 7.325152e-05
caprst_fall_second_60: 7.480152e-05
caprst_fall_second_80: 7.505152e-05
caprst_rise_first_-20: 6.570152e-05
caprst_rise_first_-40: 6.565152e-05
caprst_rise_first_0: 6.565152e-05
caprst_rise_first_100: 6.770152e-05
caprst_rise_first_125: 6.795152e-05
caprst_rise_first_20: 6.590152e-05
caprst_rise_first_40: 6.580152e-05
caprst_rise_first_60: 6.735152e-05
caprst_rise_first_80: 6.760152e-05
caprst_rise_second_-20: 8.575152e-05
caprst_rise_second_-40: 8.570152e-05
caprst_rise_second_0: 8.575152e-05
caprst_rise_second_100: 8.775152e-05
caprst_rise_second_125: 8.800152e-05
caprst_rise_second_20: 8.600152e-05
caprst_rise_second_40: 8.585152e-05
caprst_rise_second_60: 9.870152e-05
caprst_rise_second_80: 8.765152e-05
iptat_first_-20: 6.346397e-06
iptat_first_-40: 5.884877e-06
iptat_first_0: 6.793585e-06
iptat_first_100: 8.73035e-06
iptat_first_125: 9.122589e-06
iptat_first_20: 7.228032e-06
iptat_first_40: 7.635813e-06
iptat_first_60: 8.025733e-06
iptat_first_80: 8.39132e-06
iptat_second_-20: 5.448225e-06
iptat_second_-40: 5.009343e-06
iptat_second_0: 5.87971e-06
iptat_second_100: 7.815146e-06
iptat_second_125: 8.235185e-06
iptat_second_20: 6.298239e-06
iptat_second_40: 6.700506e-06
iptat_second_60: 7.088768e-06
iptat_second_80: 7.460608e-06
tmpcount1_-20: 0.119
tmpcount1_-40: 0.113
tmpcount1_0: 0.123
tmpcount1_100: 0.151
tmpcount1_125: 0.156
tmpcount1_20: 0.131
tmpcount1_40: 0.134
tmpcount1_60: 0.14
tmpcount1_80: 0.146
tmpcount2_-20: 0.1
tmpcount2_-40: 0.096
tmpcount2_0: 0.107
tmpcount2_100: 0.135
tmpcount2_125: 0.141
tmpcount2_20: 0.112
tmpcount2_40: 0.117
tmpcount2_60: 0.238
tmpcount2_80: 0.13
