caprst_fall_first_-20: 5.340152e-05
caprst_fall_first_-40: 5.335152e-05
caprst_fall_first_0: 5.355152e-05
caprst_fall_first_100: 5.420152e-05
caprst_fall_first_125: 5.445152e-05
caprst_fall_first_20: 5.365152e-05
caprst_fall_first_40: 5.375152e-05
caprst_fall_first_60: 5.390152e-05
caprst_fall_first_80: 5.410152e-05
caprst_fall_second_-20: 7.455152e-05
caprst_fall_second_-40: 7.445152e-05
caprst_fall_second_0: 7.465152e-05
caprst_fall_second_100: 7.535152e-05
caprst_fall_second_125: 7.560152e-05
caprst_fall_second_20: 7.475152e-05
caprst_fall_second_40: 7.535152e-05
caprst_fall_second_60: 7.505152e-05
caprst_fall_second_80: 7.520152e-05
caprst_rise_first_-20: 6.605152e-05
caprst_rise_first_-40: 6.595152e-05
caprst_rise_first_0: 6.615152e-05
caprst_rise_first_100: 6.685152e-05
caprst_rise_first_125: 6.710152e-05
caprst_rise_first_20: 6.625152e-05
caprst_rise_first_40: 6.685152e-05
caprst_rise_first_60: 6.655152e-05
caprst_rise_first_80: 6.670152e-05
caprst_rise_second_-20: 8.715152e-05
caprst_rise_second_-40: 8.775152e-05
caprst_rise_second_0: 8.735152e-05
caprst_rise_second_100: 8.795152e-05
caprst_rise_second_125: 8.835152e-05
caprst_rise_second_20: 8.735152e-05
caprst_rise_second_40: 8.795152e-05
caprst_rise_second_60: 8.765152e-05
caprst_rise_second_80: 8.800152e-05
iptat_first_-20: 6.149834e-06
iptat_first_-40: 5.68231e-06
iptat_first_0: 6.61033e-06
iptat_first_100: 8.709955e-06
iptat_first_125: 9.16086e-06
iptat_first_20: 7.065344e-06
iptat_first_40: 7.500362e-06
iptat_first_60: 7.923707e-06
iptat_first_80: 8.329705e-06
iptat_second_-20: 5.641587e-06
iptat_second_-40: 5.196577e-06
iptat_second_0: 6.060739e-06
iptat_second_100: 7.842009e-06
iptat_second_125: 8.201725e-06
iptat_second_20: 6.463013e-06
iptat_second_40: 6.840007e-06
iptat_second_60: 7.198125e-06
iptat_second_80: 7.531921e-06
tmpcount1_-20: 0.116
tmpcount1_-40: 0.111
tmpcount1_0: 0.12
tmpcount1_100: 0.149
tmpcount1_125: 0.155
tmpcount1_20: 0.126
tmpcount1_40: 0.136
tmpcount1_60: 0.138
tmpcount1_80: 0.143
tmpcount2_-20: 0.106
tmpcount2_-40: 0.106
tmpcount2_0: 0.112
tmpcount2_100: 0.135
tmpcount2_125: 0.142
tmpcount2_20: 0.116
tmpcount2_40: 0.121
tmpcount2_60: 0.126
tmpcount2_80: 0.132
