caprst_fall_first_-20: 5.355152e-05
caprst_fall_first_-40: 5.410152e-05
caprst_fall_first_0: 5.480152e-05
caprst_fall_first_100: 5.460152e-05
caprst_fall_first_125: 5.480152e-05
caprst_fall_first_20: 5.465152e-05
caprst_fall_first_40: 5.450152e-05
caprst_fall_first_60: 5.445152e-05
caprst_fall_first_80: 5.450152e-05
caprst_fall_second_-20: 7.505152e-05
caprst_fall_second_-40: 7.610152e-05
caprst_fall_second_0: 7.620152e-05
caprst_fall_second_100: 7.570152e-05
caprst_fall_second_125: 7.590152e-05
caprst_fall_second_20: 7.590152e-05
caprst_fall_second_40: 7.565152e-05
caprst_fall_second_60: 7.555152e-05
caprst_fall_second_80: 7.580152e-05
caprst_rise_first_-20: 6.615152e-05
caprst_rise_first_-40: 6.675152e-05
caprst_rise_first_0: 6.755152e-05
caprst_rise_first_100: 6.720152e-05
caprst_rise_first_125: 6.740152e-05
caprst_rise_first_20: 6.730152e-05
caprst_rise_first_40: 6.710152e-05
caprst_rise_first_60: 6.705152e-05
caprst_rise_first_80: 6.730152e-05
caprst_rise_second_-20: 8.765152e-05
caprst_rise_second_-40: 8.870152e-05
caprst_rise_second_0: 9.190152e-05
caprst_rise_second_100: 8.830152e-05
caprst_rise_second_125: 8.850152e-05
caprst_rise_second_20: 8.850152e-05
caprst_rise_second_40: 8.825152e-05
caprst_rise_second_60: 8.825152e-05
caprst_rise_second_80: 8.850152e-05
iptat_first_-20: 6.913946e-06
iptat_first_-40: 6.48708e-06
iptat_first_0: 7.333246e-06
iptat_first_100: 9.145422e-06
iptat_first_125: 9.509472e-06
iptat_first_20: 7.734575e-06
iptat_first_40: 8.117489e-06
iptat_first_60: 8.485146e-06
iptat_first_80: 8.82487e-06
iptat_second_-20: 5.159264e-06
iptat_second_-40: 4.6809e-06
iptat_second_0: 5.630868e-06
iptat_second_100: 7.737669e-06
iptat_second_125: 8.191508e-06
iptat_second_20: 6.084356e-06
iptat_second_40: 6.527754e-06
iptat_second_60: 6.949527e-06
iptat_second_80: 7.35502e-06
tmpcount1_-20: 0.123
tmpcount1_-40: 0.12
tmpcount1_0: 0.129
tmpcount1_100: 0.153
tmpcount1_125: 0.158
tmpcount1_20: 0.133
tmpcount1_40: 0.138
tmpcount1_60: 0.144
tmpcount1_80: 0.15
tmpcount2_-20: 0.094
tmpcount2_-40: 0.088
tmpcount2_0: 0.125
tmpcount2_100: 0.132
tmpcount2_125: 0.14
tmpcount2_20: 0.107
tmpcount2_40: 0.114
tmpcount2_60: 0.122
tmpcount2_80: 0.128
