caprst_fall_first_-20: 5.500152e-05
caprst_fall_first_-40: 5.555152e-05
caprst_fall_first_0: 5.495152e-05
caprst_fall_first_100: 5.525152e-05
caprst_fall_first_125: 5.555152e-05
caprst_fall_first_20: 5.500152e-05
caprst_fall_first_40: 5.495152e-05
caprst_fall_first_60: 5.505152e-05
caprst_fall_first_80: 5.515152e-05
caprst_fall_second_-20: 7.505152e-05
caprst_fall_second_-40: 7.570152e-05
caprst_fall_second_0: 7.500152e-05
caprst_fall_second_100: 7.530152e-05
caprst_fall_second_125: 7.570152e-05
caprst_fall_second_20: 7.515152e-05
caprst_fall_second_40: 7.500152e-05
caprst_fall_second_60: 7.510152e-05
caprst_fall_second_80: 7.520152e-05
caprst_rise_first_-20: 6.760152e-05
caprst_rise_first_-40: 6.825152e-05
caprst_rise_first_0: 6.755152e-05
caprst_rise_first_100: 6.785152e-05
caprst_rise_first_125: 6.825152e-05
caprst_rise_first_20: 6.770152e-05
caprst_rise_first_40: 6.755152e-05
caprst_rise_first_60: 6.765152e-05
caprst_rise_first_80: 6.775152e-05
caprst_rise_second_-20: 8.765152e-05
caprst_rise_second_-40: 8.835152e-05
caprst_rise_second_0: 8.760152e-05
caprst_rise_second_100: 8.795152e-05
caprst_rise_second_125: 8.835152e-05
caprst_rise_second_20: 8.775152e-05
caprst_rise_second_40: 8.760152e-05
caprst_rise_second_60: 8.770152e-05
caprst_rise_second_80: 8.780152e-05
iptat_first_-20: 6.397275e-06
iptat_first_-40: 9.486807e-06
iptat_first_0: 6.861271e-06
iptat_first_100: 9.007747e-06
iptat_first_125: 9.486807e-06
iptat_first_20: 7.314313e-06
iptat_first_40: 7.760398e-06
iptat_first_60: 8.192799e-06
iptat_first_80: 8.609866e-06
iptat_second_-20: 5.381366e-06
iptat_second_-40: 7.826434e-06
iptat_second_0: 5.795652e-06
iptat_second_100: 7.50175e-06
iptat_second_125: 7.826434e-06
iptat_second_20: 6.187877e-06
iptat_second_40: 6.556494e-06
iptat_second_60: 6.899219e-06
iptat_second_80: 7.214913e-06
tmpcount1_-20: 0.117
tmpcount1_-40: 0.162
tmpcount1_0: 0.123
tmpcount1_100: 0.153
tmpcount1_125: 0.162
tmpcount1_20: 0.129
tmpcount1_40: 0.134
tmpcount1_60: 0.141
tmpcount1_80: 0.147
tmpcount2_-20: 0.098
tmpcount2_-40: 0.134
tmpcount2_0: 0.103
tmpcount2_100: 0.129
tmpcount2_125: 0.134
tmpcount2_20: 0.108
tmpcount2_40: 0.114
tmpcount2_60: 0.119
tmpcount2_80: 0.124
