caprst_fall_first_-20: 5.290152e-05
caprst_fall_first_-40: 5.295152e-05
caprst_fall_first_0: 5.285152e-05
caprst_fall_first_100: 5.320152e-05
caprst_fall_first_125: 5.340152e-05
caprst_fall_first_20: 5.280152e-05
caprst_fall_first_40: 5.290152e-05
caprst_fall_first_60: 5.295152e-05
caprst_fall_first_80: 5.310152e-05
caprst_fall_second_-20: 7.405152e-05
caprst_fall_second_-40: 7.405152e-05
caprst_fall_second_0: 7.415152e-05
caprst_fall_second_100: 7.455152e-05
caprst_fall_second_125: 7.470152e-05
caprst_fall_second_20: 7.390152e-05
caprst_fall_second_40: 7.400152e-05
caprst_fall_second_60: 7.425152e-05
caprst_fall_second_80: 7.420152e-05
caprst_rise_first_-20: 6.555152e-05
caprst_rise_first_-40: 6.555152e-05
caprst_rise_first_0: 6.565152e-05
caprst_rise_first_100: 6.605152e-05
caprst_rise_first_125: 6.620152e-05
caprst_rise_first_20: 6.540152e-05
caprst_rise_first_40: 6.550152e-05
caprst_rise_first_60: 6.575152e-05
caprst_rise_first_80: 6.570152e-05
caprst_rise_second_-20: 8.715152e-05
caprst_rise_second_-40: 8.670152e-05
caprst_rise_second_0: 8.725152e-05
caprst_rise_second_100: 8.720152e-05
caprst_rise_second_125: 8.755152e-05
caprst_rise_second_20: 8.650152e-05
caprst_rise_second_40: 8.660152e-05
caprst_rise_second_60: 8.685152e-05
caprst_rise_second_80: 8.680152e-05
iptat_first_-20: 6.267796e-06
iptat_first_-40: 5.823179e-06
iptat_first_0: 6.702886e-06
iptat_first_100: 8.676237e-06
iptat_first_125: 9.117445e-06
iptat_first_20: 7.126152e-06
iptat_first_40: 7.533858e-06
iptat_first_60: 7.932581e-06
iptat_first_80: 8.3098e-06
iptat_second_-20: 5.466306e-06
iptat_second_-40: 5.00686e-06
iptat_second_0: 5.906113e-06
iptat_second_100: 7.790363e-06
iptat_second_125: 8.158173e-06
iptat_second_20: 6.330187e-06
iptat_second_40: 6.732561e-06
iptat_second_60: 7.111099e-06
iptat_second_80: 7.464052e-06
tmpcount1_-20: 0.119
tmpcount1_-40: 0.114
tmpcount1_0: 0.125
tmpcount1_100: 0.153
tmpcount1_125: 0.159
tmpcount1_20: 0.127
tmpcount1_40: 0.133
tmpcount1_60: 0.141
tmpcount1_80: 0.144
tmpcount2_-20: 0.109
tmpcount2_-40: 0.099
tmpcount2_0: 0.113
tmpcount2_100: 0.137
tmpcount2_125: 0.145
tmpcount2_20: 0.115
tmpcount2_40: 0.12
tmpcount2_60: 0.126
tmpcount2_80: 0.131
