caprst_fall_first_-20: 5.620152e-05
caprst_fall_first_-40: 5.620152e-05
caprst_fall_first_0: 5.620152e-05
caprst_fall_first_100: 5.535152e-05
caprst_fall_first_125: 5.620152e-05
caprst_fall_first_20: 5.360152e-05
caprst_fall_first_40: 5.370152e-05
caprst_fall_first_60: 5.385152e-05
caprst_fall_first_80: 5.400152e-05
caprst_fall_second_-20: 7.905152e-05
caprst_fall_second_-40: 7.905152e-05
caprst_fall_second_0: 7.905152e-05
caprst_fall_second_100: 7.775152e-05
caprst_fall_second_125: 7.905152e-05
caprst_fall_second_20: 7.605152e-05
caprst_fall_second_40: 7.600152e-05
caprst_fall_second_60: 7.680152e-05
caprst_fall_second_80: 7.640152e-05
caprst_rise_first_-20: 6.915152e-05
caprst_rise_first_-40: 6.915152e-05
caprst_rise_first_0: 6.915152e-05
caprst_rise_first_100: 6.795152e-05
caprst_rise_first_125: 6.915152e-05
caprst_rise_first_20: 6.625152e-05
caprst_rise_first_40: 6.630152e-05
caprst_rise_first_60: 6.710152e-05
caprst_rise_first_80: 6.660152e-05
caprst_rise_second_-20: 9.175152e-05
caprst_rise_second_-40: 9.175152e-05
caprst_rise_second_0: 9.175152e-05
caprst_rise_second_100: 9.040152e-05
caprst_rise_second_125: 9.175152e-05
caprst_rise_second_20: 8.865152e-05
caprst_rise_second_40: 8.865152e-05
caprst_rise_second_60: 8.940152e-05
caprst_rise_second_80: 8.900152e-05
iptat_first_-20: 1.01524e-05
iptat_first_-40: 1.01524e-05
iptat_first_0: 1.01524e-05
iptat_first_100: 9.659335e-06
iptat_first_125: 1.01524e-05
iptat_first_20: 7.991711e-06
iptat_first_40: 8.42446e-06
iptat_first_60: 8.843792e-06
iptat_first_80: 9.25348e-06
iptat_second_-20: 6.785272e-06
iptat_second_-40: 6.785272e-06
iptat_second_0: 6.785272e-06
iptat_second_100: 6.501622e-06
iptat_second_125: 6.785272e-06
iptat_second_20: 5.244267e-06
iptat_second_40: 5.606911e-06
iptat_second_60: 5.939591e-06
iptat_second_80: 6.240137e-06
tmpcount1_-20: 0.175
tmpcount1_-40: 0.175
tmpcount1_0: 0.175
tmpcount1_100: 0.161
tmpcount1_125: 0.175
tmpcount1_20: 0.139
tmpcount1_40: 0.144
tmpcount1_60: 0.158
tmpcount1_80: 0.155
tmpcount2_-20: 0.121
tmpcount2_-40: 0.121
tmpcount2_0: 0.121
tmpcount2_100: 0.116
tmpcount2_125: 0.121
tmpcount2_20: 0.095
tmpcount2_40: 0.101
tmpcount2_60: 0.106
tmpcount2_80: 0.111
