caprst_fall_first_-20: 5.460152e-05
caprst_fall_first_-40: 5.325152e-05
caprst_fall_first_0: 5.470152e-05
caprst_fall_first_100: 5.525152e-05
caprst_fall_first_125: 5.540152e-05
caprst_fall_first_20: 5.475152e-05
caprst_fall_first_40: 5.480152e-05
caprst_fall_first_60: 5.495152e-05
caprst_fall_first_80: 5.505152e-05
caprst_fall_second_-20: 7.465152e-05
caprst_fall_second_-40: 7.360152e-05
caprst_fall_second_0: 7.485152e-05
caprst_fall_second_100: 7.550152e-05
caprst_fall_second_125: 7.560152e-05
caprst_fall_second_20: 7.480152e-05
caprst_fall_second_40: 7.485152e-05
caprst_fall_second_60: 7.575152e-05
caprst_fall_second_80: 7.510152e-05
caprst_rise_first_-20: 6.720152e-05
caprst_rise_first_-40: 6.615152e-05
caprst_rise_first_0: 6.740152e-05
caprst_rise_first_100: 6.805152e-05
caprst_rise_first_125: 6.815152e-05
caprst_rise_first_20: 6.735152e-05
caprst_rise_first_40: 6.740152e-05
caprst_rise_first_60: 6.830152e-05
caprst_rise_first_80: 6.765152e-05
caprst_rise_second_-20: 8.755152e-05
caprst_rise_second_-40: 8.620152e-05
caprst_rise_second_0: 8.745152e-05
caprst_rise_second_100: 8.810152e-05
caprst_rise_second_125: 8.820152e-05
caprst_rise_second_20: 8.740152e-05
caprst_rise_second_40: 8.745152e-05
caprst_rise_second_60: 8.835152e-05
caprst_rise_second_80: 8.770152e-05
iptat_first_-20: 6.158311e-06
iptat_first_-40: 5.730763e-06
iptat_first_0: 6.580996e-06
iptat_first_100: 8.504002e-06
iptat_first_125: 8.94553e-06
iptat_first_20: 6.991307e-06
iptat_first_40: 7.385968e-06
iptat_first_60: 7.771768e-06
iptat_first_80: 8.142797e-06
iptat_second_-20: 5.581325e-06
iptat_second_-40: 5.107005e-06
iptat_second_0: 6.033804e-06
iptat_second_100: 7.969006e-06
iptat_second_125: 8.338754e-06
iptat_second_20: 6.472484e-06
iptat_second_40: 6.886507e-06
iptat_second_60: 7.279437e-06
iptat_second_80: 7.638989e-06
tmpcount1_-20: 0.113
tmpcount1_-40: 0.112
tmpcount1_0: 0.119
tmpcount1_100: 0.147
tmpcount1_125: 0.153
tmpcount1_20: 0.123
tmpcount1_40: 0.128
tmpcount1_60: 0.142
tmpcount1_80: 0.14
tmpcount2_-20: 0.105
tmpcount2_-40: 0.098
tmpcount2_0: 0.108
tmpcount2_100: 0.137
tmpcount2_125: 0.143
tmpcount2_20: 0.114
tmpcount2_40: 0.12
tmpcount2_60: 0.126
tmpcount2_80: 0.132
