caprst_fall_first_-20: 5.450152e-05
caprst_fall_first_-40: 5.485152e-05
caprst_fall_first_0: 5.420152e-05
caprst_fall_first_100: 5.390152e-05
caprst_fall_first_125: 5.400152e-05
caprst_fall_first_20: 5.400152e-05
caprst_fall_first_40: 5.395152e-05
caprst_fall_first_60: 5.390152e-05
caprst_fall_first_80: 5.390152e-05
caprst_fall_second_-20: 7.580152e-05
caprst_fall_second_-40: 7.615152e-05
caprst_fall_second_0: 7.540152e-05
caprst_fall_second_100: 7.525152e-05
caprst_fall_second_125: 7.510152e-05
caprst_fall_second_20: 7.555152e-05
caprst_fall_second_40: 7.510152e-05
caprst_fall_second_60: 7.500152e-05
caprst_fall_second_80: 7.500152e-05
caprst_rise_first_-20: 6.725152e-05
caprst_rise_first_-40: 6.755152e-05
caprst_rise_first_0: 6.685152e-05
caprst_rise_first_100: 6.675152e-05
caprst_rise_first_125: 6.660152e-05
caprst_rise_first_20: 6.705152e-05
caprst_rise_first_40: 6.660152e-05
caprst_rise_first_60: 6.650152e-05
caprst_rise_first_80: 6.650152e-05
caprst_rise_second_-20: 8.840152e-05
caprst_rise_second_-40: 8.875152e-05
caprst_rise_second_0: 8.815152e-05
caprst_rise_second_100: 8.785152e-05
caprst_rise_second_125: 8.770152e-05
caprst_rise_second_20: 8.820152e-05
caprst_rise_second_40: 8.770152e-05
caprst_rise_second_60: 8.760152e-05
caprst_rise_second_80: 8.810152e-05
iptat_first_-20: 6.576167e-06
iptat_first_-40: 6.102694e-06
iptat_first_0: 7.036284e-06
iptat_first_100: 9.013285e-06
iptat_first_125: 9.413075e-06
iptat_first_20: 7.478646e-06
iptat_first_40: 7.901274e-06
iptat_first_60: 8.296086e-06
iptat_first_80: 8.671168e-06
iptat_second_-20: 5.193325e-06
iptat_second_-40: 4.775546e-06
iptat_second_0: 5.597706e-06
iptat_second_100: 7.437698e-06
iptat_second_125: 7.840411e-06
iptat_second_20: 5.990711e-06
iptat_second_40: 6.37379e-06
iptat_second_60: 6.743117e-06
iptat_second_80: 7.098021e-06
tmpcount1_-20: 0.121
tmpcount1_-40: 0.116
tmpcount1_0: 0.125
tmpcount1_100: 0.155
tmpcount1_125: 0.157
tmpcount1_20: 0.135
tmpcount1_40: 0.136
tmpcount1_60: 0.141
tmpcount1_80: 0.146
tmpcount2_-20: 0.097
tmpcount2_-40: 0.092
tmpcount2_0: 0.103
tmpcount2_100: 0.13
tmpcount2_125: 0.137
tmpcount2_20: 0.11
tmpcount2_40: 0.113
tmpcount2_60: 0.125
tmpcount2_80: 0.131
