caprst_fall_first_-20: 5.315152e-05
caprst_fall_first_-40: 5.320152e-05
caprst_fall_first_0: 5.310152e-05
caprst_fall_first_100: 5.355152e-05
caprst_fall_first_125: 5.380152e-05
caprst_fall_first_20: 5.310152e-05
caprst_fall_first_40: 5.325152e-05
caprst_fall_first_60: 5.330152e-05
caprst_fall_first_80: 5.345152e-05
caprst_fall_second_-20: 7.430152e-05
caprst_fall_second_-40: 7.430152e-05
caprst_fall_second_0: 7.420152e-05
caprst_fall_second_100: 7.465152e-05
caprst_fall_second_125: 7.510152e-05
caprst_fall_second_20: 7.435152e-05
caprst_fall_second_40: 7.450152e-05
caprst_fall_second_60: 7.440152e-05
caprst_fall_second_80: 7.455152e-05
caprst_rise_first_-20: 6.580152e-05
caprst_rise_first_-40: 6.580152e-05
caprst_rise_first_0: 6.570152e-05
caprst_rise_first_100: 6.615152e-05
caprst_rise_first_125: 6.660152e-05
caprst_rise_first_20: 6.585152e-05
caprst_rise_first_40: 6.600152e-05
caprst_rise_first_60: 6.590152e-05
caprst_rise_first_80: 6.605152e-05
caprst_rise_second_-20: 8.705152e-05
caprst_rise_second_-40: 8.730152e-05
caprst_rise_second_0: 8.680152e-05
caprst_rise_second_100: 8.730152e-05
caprst_rise_second_125: 8.770152e-05
caprst_rise_second_20: 8.715152e-05
caprst_rise_second_40: 8.710152e-05
caprst_rise_second_60: 8.700152e-05
caprst_rise_second_80: 8.715152e-05
iptat_first_-20: 6.154586e-06
iptat_first_-40: 5.704698e-06
iptat_first_0: 6.59168e-06
iptat_first_100: 8.52628e-06
iptat_first_125: 8.928554e-06
iptat_first_20: 7.022977e-06
iptat_first_40: 7.42892e-06
iptat_first_60: 7.818705e-06
iptat_first_80: 8.183382e-06
iptat_second_-20: 5.544804e-06
iptat_second_-40: 5.08973e-06
iptat_second_0: 5.980719e-06
iptat_second_100: 7.923753e-06
iptat_second_125: 8.333937e-06
iptat_second_20: 6.404913e-06
iptat_second_40: 6.811668e-06
iptat_second_60: 7.201409e-06
iptat_second_80: 7.574228e-06
tmpcount1_-20: 0.112
tmpcount1_-40: 0.107
tmpcount1_0: 0.117
tmpcount1_100: 0.145
tmpcount1_125: 0.154
tmpcount1_20: 0.125
tmpcount1_40: 0.13
tmpcount1_60: 0.134
tmpcount1_80: 0.141
tmpcount2_-20: 0.103
tmpcount2_-40: 0.1
tmpcount2_0: 0.108
tmpcount2_100: 0.138
tmpcount2_125: 0.144
tmpcount2_20: 0.115
tmpcount2_40: 0.12
tmpcount2_60: 0.126
tmpcount2_80: 0.132
