vref_-10: 0.5939384
vref_-20: 0.5933067
vref_-30: 0.5924125
vref_-40: 0.5935821
vref_0: 0.5938362
vref_10: 0.5934606
vref_100: 0.5671138
vref_110: -0.0004578038
vref_120: 0.4536255
vref_125: 0.0009785862
vref_20: 0.5933777
vref_40: 0.5940944
vref_50: 0.5950813
vref_60: 0.5934451
vref_70: 0.59209
vref_80: 0.5904127
vref_90: 0.5853988
