vref_-10: 0.5938932
vref_-20: 0.5937169
vref_-30: 0.5933475
vref_-40: 0.318376
vref_0: 0.5959078
vref_10: 0.5949211
vref_100: 0.5962778
vref_110: 0.5943081
vref_120: 0.5944838
vref_125: 0.5930334
vref_20: 0.5973056
vref_40: 0.5970457
vref_50: 0.5959464
vref_60: 0.5971548
vref_70: 0.5952186
vref_80: 0.5962745
vref_90: 0.5951877
