vref_-10: 0.5970429
vref_-20: 0.5971752
vref_-30: 0.6002686
vref_-40: 0.5999223
vref_0: 0.5973084
vref_10: 0.5969409
vref_100: 0.5991157
vref_110: 0.597564
vref_120: 0.5963355
vref_125: 0.5964531
vref_20: 0.5974382
vref_40: 0.5981005
vref_50: 0.5981627
vref_60: 0.5977679
vref_70: 0.5978395
vref_80: 0.5984972
vref_90: 0.5989852
