vref_-10: 0.5971653
vref_-20: 0.5956974
vref_-30: 0.5962586
vref_-40: 0.5963255
vref_0: 0.5970848
vref_10: 0.5970277
vref_100: 0.596642
vref_110: 0.5958726
vref_120: 0.5949248
vref_125: 0.5950811
vref_20: 0.5973305
vref_40: 0.597375
vref_50: 0.5974234
vref_60: 0.5973249
vref_70: 0.597316
vref_80: 0.596873
vref_90: 0.5967366
