ipmos_20: 1.427713e-05
isnk_20: 5.84745e-07
isrc_20: 5.61878e-07
vctrl_20: 0.4376306
vctrlmax_20: 0.4823126
vctrlmin_20: 0.410101
vref_20: 1.034279
