ipmos_20: 1.487664e-05
isnk_20: 5.837942e-07
isrc_20: 6.831105e-07
vctrl_20: 0.4250917
vctrlmax_20: 0.4791942
vctrlmin_20: 0.3872079
vref_20: 1.055107
