ipmos_20: 1.419456e-05
isnk_20: 5.577477e-07
isrc_20: 6.295909e-07
vctrl_20: 0.4379119
vctrlmax_20: 0.4795461
vctrlmin_20: 0.42319
vref_20: 1.025822
