ipmos_20: 1.489236e-05
isnk_20: 5.804484e-07
isrc_20: 6.883449e-07
vctrl_20: 0.43309
vctrlmax_20: 0.4963581
vctrlmin_20: 0.3885787
vref_20: 1.053773
