ipmos_20: 1.469178e-05
isnk_20: 7.006862e-07
isrc_20: 7.280322e-07
vctrl_20: 0.4238201
vctrlmax_20: 0.4762949
vctrlmin_20: 0.3864826
vref_20: 1.054738
