ipmos_20: 1.459509e-05
isnk_20: 6.754742e-07
isrc_20: 5.294228e-07
vctrl_20: 0.4322457
vctrlmax_20: 0.4856839
vctrlmin_20: 0.4024859
vref_20: 1.047666
