ipmos_20: 1.471339e-05
isnk_20: 6.285617e-07
isrc_20: 6.670549e-07
vctrl_20: 0.4305894
vctrlmax_20: 0.480253
vctrlmin_20: 0.4036742
vref_20: 1.067206
