ipmos_20: 1.447022e-05
isnk_20: 6.700633e-07
isrc_20: 6.387056e-07
vctrl_20: 0.4372147
vctrlmax_20: 0.4908997
vctrlmin_20: 0.4143015
vref_20: 1.049233
