ipmos_20: 1.466218e-05
isnk_20: 5.931838e-07
isrc_20: 6.23303e-07
vctrl_20: 0.4358079
vctrlmax_20: 0.4881616
vctrlmin_20: 0.3999911
vref_20: 1.054253
