ipmos_20: 1.447327e-05
isnk_20: 6.370635e-07
isrc_20: 5.989098e-07
vctrl_20: 0.4327766
vctrlmax_20: 0.4786177
vctrlmin_20: 0.4161298
vref_20: 1.056287
