ipmos_20: 1.458555e-05
isnk_20: 6.547787e-07
isrc_20: 4.877559e-07
vctrl_20: 0.4397188
vctrlmax_20: 0.4881392
vctrlmin_20: 0.4210672
vref_20: 1.053457
