ipmos_20: 1.458053e-05
isnk_20: 5.433432e-07
isrc_20: 5.731912e-07
vctrl_20: 0.4289908
vctrlmax_20: 0.4848083
vctrlmin_20: 0.4011822
vref_20: 1.04348
