ipmos_20: 1.471159e-05
isnk_20: 6.195225e-07
isrc_20: 6.174028e-07
vctrl_20: 0.4373956
vctrlmax_20: 0.5012795
vctrlmin_20: 0.3974178
vref_20: 1.042725
