ipmos_20: 1.446159e-05
isnk_20: 6.166086e-07
isrc_20: 6.6548e-07
vctrl_20: 0.4287967
vctrlmax_20: 0.4743966
vctrlmin_20: 0.4000354
vref_20: 1.055056
