ipmos_20: 1.469903e-05
isnk_20: 5.927472e-07
isrc_20: 5.634174e-07
vctrl_20: 0.4349519
vctrlmax_20: 0.4907315
vctrlmin_20: 0.3958755
vref_20: 1.033126
