ipmos_20: 1.451666e-05
isnk_20: 5.940935e-07
isrc_20: 6.884281e-07
vctrl_20: 0.4332145
vctrlmax_20: 0.4844412
vctrlmin_20: 0.3997771
vref_20: 1.036712
