ipmos_20: 1.445758e-05
isnk_20: 5.954964e-07
isrc_20: 4.783235e-07
vctrl_20: 0.4310866
vctrlmax_20: 0.475322
vctrlmin_20: 0.4105039
vref_20: 1.03057
