ipmos_20: 1.464266e-05
isnk_20: 6.234375e-07
isrc_20: 6.622277e-07
vctrl_20: 0.4328383
vctrlmax_20: 0.4845673
vctrlmin_20: 0.3978046
vref_20: 1.047386
