ipmos_20: 1.453498e-05
isnk_20: 6.305641e-07
isrc_20: 6.972551e-07
vctrl_20: 0.4399083
vctrlmax_20: 0.4933989
vctrlmin_20: 0.4086465
vref_20: 1.049277
