ipmos_20: 1.45572e-05
isnk_20: 6.158938e-07
isrc_20: 5.874231e-07
vctrl_20: 0.4317331
vctrlmax_20: 0.4829233
vctrlmin_20: 0.4112617
vref_20: 1.055568
