ipmos_20: 1.477333e-05
isnk_20: 5.82029e-07
isrc_20: 6.657646e-07
vctrl_20: 0.4416793
vctrlmax_20: 0.4992953
vctrlmin_20: 0.4163122
vref_20: 1.046432
