ipmos_20: 1.479294e-05
isnk_20: 5.8486e-07
isrc_20: 6.926817e-07
vctrl_20: 0.4282356
vctrlmax_20: 0.4842817
vctrlmin_20: 0.3958007
vref_20: 1.047135
