ipmos_20: 1.457657e-05
isnk_20: 5.864431e-07
isrc_20: 6.347015e-07
vctrl_20: 0.4361058
vctrlmax_20: 0.4901883
vctrlmin_20: 0.4001656
vref_20: 1.054794
