ipmos_20: 1.466136e-05
isnk_20: 6.824216e-07
isrc_20: 5.817281e-07
vctrl_20: 0.4328111
vctrlmax_20: 0.4841992
vctrlmin_20: 0.4104727
vref_20: 1.068104
