ipmos_20: 1.4473e-05
isnk_20: 6.526419e-07
isrc_20: 6.849355e-07
vctrl_20: 0.4363522
vctrlmax_20: 0.4880479
vctrlmin_20: 0.4086434
vref_20: 1.048407
