ipmos_20: 1.436329e-05
isnk_20: 5.468287e-07
isrc_20: 5.467534e-07
vctrl_20: 0.4403025
vctrlmax_20: 0.4896804
vctrlmin_20: 0.4103913
vref_20: 1.03737
