ipmos_20: 1.475638e-05
isnk_20: 5.858889e-07
isrc_20: 4.401328e-07
vctrl_20: 0.4354226
vctrlmax_20: 0.4936843
vctrlmin_20: 0.4015977
vref_20: 1.038186
