ipmos_20: 1.430671e-05
isnk_20: 6.709383e-07
isrc_20: 4.43211e-07
vctrl_20: 0.4379779
vctrlmax_20: 0.4857253
vctrlmin_20: 0.414601
vref_20: 1.045834
