ipmos_20: 1.475322e-05
isnk_20: 6.674066e-07
isrc_20: 4.989675e-07
vctrl_20: 0.4340711
vctrlmax_20: 0.489339
vctrlmin_20: 0.401447
vref_20: 1.058193
