ipmos_20: 1.484627e-05
isnk_20: 6.43643e-07
isrc_20: 5.737775e-07
vctrl_20: 0.4349607
vctrlmax_20: 0.4875322
vctrlmin_20: 0.4125156
vref_20: 1.069662
