caprst_fall_first_-20: 4.660152e-05
caprst_fall_first_-40: 4.660152e-05
caprst_fall_first_0: 4.795152e-05
caprst_fall_first_100: 4.775152e-05
caprst_fall_first_125: 4.795152e-05
caprst_fall_first_20: 4.655152e-05
caprst_fall_first_40: 4.810152e-05
caprst_fall_first_60: 4.675152e-05
caprst_fall_first_80: 4.830152e-05
caprst_fall_second_-20: 0.0001035515
caprst_fall_second_-40: 0.0001049515
caprst_fall_second_0: 0.0001049515
caprst_fall_second_100: 0.0001061015
caprst_fall_second_125: 0.0001051015
caprst_fall_second_20: 0.0001039515
caprst_fall_second_40: 0.0001055515
caprst_fall_second_60: 0.0001044515
caprst_fall_second_80: 0.0001053015
caprst_rise_first_-20: 6.665152e-05
caprst_rise_first_-40: 6.665152e-05
caprst_rise_first_0: 6.805152e-05
caprst_rise_first_100: 6.780152e-05
caprst_rise_first_125: 6.820152e-05
caprst_rise_first_20: 6.705152e-05
caprst_rise_first_40: 6.865152e-05
caprst_rise_first_60: 6.755152e-05
caprst_rise_first_80: 6.840152e-05
caprst_rise_second_-20: 0.0001237015
caprst_rise_second_-40: 0.0001250015
caprst_rise_second_0: 0.0001250015
caprst_rise_second_100: 0.0001261515
caprst_rise_second_125: 0.0001251515
caprst_rise_second_20: 0.0001240015
caprst_rise_second_40: 0.0001261015
caprst_rise_second_60: 0.0001245515
caprst_rise_second_80: 0.0001253515
iptat_first_-20: 6.014959e-06
iptat_first_-40: 5.554382e-06
iptat_first_0: 6.464548e-06
iptat_first_100: 8.401399e-06
iptat_first_125: 8.810403e-06
iptat_first_20: 6.891456e-06
iptat_first_40: 7.286796e-06
iptat_first_60: 7.686017e-06
iptat_first_80: 8.056337e-06
iptat_second_-20: 5.724725e-06
iptat_second_-40: 5.264805e-06
iptat_second_0: 6.164844e-06
iptat_second_100: 8.114968e-06
iptat_second_125: 8.517508e-06
iptat_second_20: 6.571192e-06
iptat_second_40: 6.980303e-06
iptat_second_60: 7.362238e-06
iptat_second_80: 7.770098e-06
tmpcount1_-20: 0.05873684
tmpcount1_-40: 0.05494737
tmpcount1_0: 0.06252632
tmpcount1_100: 0.07768421
tmpcount1_125: 0.08242105
tmpcount1_20: 0.06726316
tmpcount1_40: 0.07010526
tmpcount1_60: 0.07484211
tmpcount1_80: 0.07578947
tmpcount2_-20: 0.05589474
tmpcount2_-40: 0.05305263
tmpcount2_0: 0.05873684
tmpcount2_100: 0.07578947
tmpcount2_125: 0.07957895
tmpcount2_20: 0.06252632
tmpcount2_40: 0.06726316
tmpcount2_60: 0.06915789
tmpcount2_80: 0.072
