caprst_fall_first_-20: 4.385152e-05
caprst_fall_first_-40: 4.305152e-05
caprst_fall_first_0: 4.540152e-05
caprst_fall_first_100: 4.420152e-05
caprst_fall_first_125: 4.590152e-05
caprst_fall_first_20: 4.485152e-05
caprst_fall_first_40: 4.505152e-05
caprst_fall_first_60: 4.380152e-05
caprst_fall_first_80: 4.535152e-05
caprst_fall_second_-20: 0.0001022015
caprst_fall_second_-40: 0.0001014015
caprst_fall_second_0: 0.0001039515
caprst_fall_second_100: 0.0001025515
caprst_fall_second_125: 0.0001042515
caprst_fall_second_20: 0.0001033015
caprst_fall_second_40: 0.0001034015
caprst_fall_second_60: 0.0001021515
caprst_fall_second_80: 0.0001037015
caprst_rise_first_-20: 6.390152e-05
caprst_rise_first_-40: 6.310152e-05
caprst_rise_first_0: 6.565152e-05
caprst_rise_first_100: 6.425152e-05
caprst_rise_first_125: 6.595152e-05
caprst_rise_first_20: 6.500152e-05
caprst_rise_first_40: 6.510152e-05
caprst_rise_first_60: 6.385152e-05
caprst_rise_first_80: 6.540152e-05
caprst_rise_second_-20: 0.0001223515
caprst_rise_second_-40: 0.0001214515
caprst_rise_second_0: 0.0001242015
caprst_rise_second_100: 0.0001226015
caprst_rise_second_125: 0.0001243015
caprst_rise_second_20: 0.0001234015
caprst_rise_second_40: 0.0001234515
caprst_rise_second_60: 0.0001222015
caprst_rise_second_80: 0.0001237515
iptat_first_-20: 5.991596e-06
iptat_first_-40: 5.516603e-06
iptat_first_0: 6.437354e-06
iptat_first_100: 8.373987e-06
iptat_first_125: 8.774096e-06
iptat_first_20: 6.843353e-06
iptat_first_40: 7.251227e-06
iptat_first_60: 7.659514e-06
iptat_first_80: 8.027438e-06
iptat_second_-20: 5.755245e-06
iptat_second_-40: 5.285477e-06
iptat_second_0: 6.181895e-06
iptat_second_100: 8.094849e-06
iptat_second_125: 8.482264e-06
iptat_second_20: 6.577751e-06
iptat_second_40: 6.968416e-06
iptat_second_60: 7.374959e-06
iptat_second_80: 7.744925e-06
tmpcount1_-20: 0.06564706
tmpcount1_-40: 0.06141176
tmpcount1_0: 0.06988235
tmpcount1_100: 0.08682353
tmpcount1_125: 0.09105882
tmpcount1_20: 0.07305882
tmpcount1_40: 0.07623529
tmpcount1_60: 0.08047059
tmpcount1_80: 0.08470588
tmpcount2_-20: 0.06247059
tmpcount2_-40: 0.05823529
tmpcount2_0: 0.06670588
tmpcount2_100: 0.08470588
tmpcount2_125: 0.09105882
tmpcount2_20: 0.06988235
tmpcount2_40: 0.07517647
tmpcount2_60: 0.07623529
tmpcount2_80: 0.08364706
