caprst_fall_first_-20: 5.085152e-05
caprst_fall_first_-40: 4.960152e-05
caprst_fall_first_0: 5.075152e-05
caprst_fall_first_100: 5.320152e-05
caprst_fall_first_125: 5.350152e-05
caprst_fall_first_20: 5.070152e-05
caprst_fall_first_40: 5.145152e-05
caprst_fall_first_60: 5.290152e-05
caprst_fall_first_80: 5.305152e-05
caprst_fall_second_-20: 0.0001094015
caprst_fall_second_-40: 0.0001065515
caprst_fall_second_0: 0.0001092015
caprst_fall_second_100: 0.0001102015
caprst_fall_second_125: 0.0001105515
caprst_fall_second_20: 0.0001091515
caprst_fall_second_40: 0.0001084515
caprst_fall_second_60: 0.0001101515
caprst_fall_second_80: 0.0001101515
caprst_rise_first_-20: 7.110152e-05
caprst_rise_first_-40: 6.965152e-05
caprst_rise_first_0: 7.090152e-05
caprst_rise_first_100: 7.330152e-05
caprst_rise_first_125: 7.365152e-05
caprst_rise_first_20: 7.085152e-05
caprst_rise_first_40: 7.155152e-05
caprst_rise_first_60: 7.325152e-05
caprst_rise_first_80: 7.325152e-05
caprst_rise_second_-20: 0.0001296015
caprst_rise_second_-40: 0.0001267015
caprst_rise_second_0: 0.0001294015
caprst_rise_second_100: 0.0001304015
caprst_rise_second_125: 0.0001306015
caprst_rise_second_20: 0.0001292515
caprst_rise_second_40: 0.0001286015
caprst_rise_second_60: 0.0001305515
caprst_rise_second_80: 0.0001303015
iptat_first_-20: 5.325397e-06
iptat_first_-40: 4.984658e-06
iptat_first_0: 5.726672e-06
iptat_first_100: 7.410338e-06
iptat_first_125: 7.761951e-06
iptat_first_20: 6.105827e-06
iptat_first_40: 6.446385e-06
iptat_first_60: 6.795216e-06
iptat_first_80: 7.110074e-06
iptat_second_-20: 5.104657e-06
iptat_second_-40: 4.696015e-06
iptat_second_0: 5.53092e-06
iptat_second_100: 7.239279e-06
iptat_second_125: 7.589672e-06
iptat_second_20: 5.923029e-06
iptat_second_40: 6.254099e-06
iptat_second_60: 6.603266e-06
iptat_second_80: 6.946793e-06
tmpcount1_-20: 0.05305263
tmpcount1_-40: 0.05021053
tmpcount1_0: 0.05494737
tmpcount1_100: 0.06157895
tmpcount1_125: 0.06442105
tmpcount1_20: 0.05684211
tmpcount1_40: 0.05778947
tmpcount1_60: 0.05968421
tmpcount1_80: 0.06063158
tmpcount2_-20: 0.05115789
tmpcount2_-40: 0.04642105
tmpcount2_0: 0.05305263
tmpcount2_100: 0.06063158
tmpcount2_125: 0.06347368
tmpcount2_20: 0.05494737
tmpcount2_40: 0.05589474
tmpcount2_60: 0.05778947
tmpcount2_80: 0.05968421
