caprst_fall_first_-20: 4.560152e-05
caprst_fall_first_-40: 4.425152e-05
caprst_fall_first_0: 4.565152e-05
caprst_fall_first_100: 4.565152e-05
caprst_fall_first_125: 4.590152e-05
caprst_fall_first_20: 4.570152e-05
caprst_fall_first_40: 4.575152e-05
caprst_fall_first_60: 4.585152e-05
caprst_fall_first_80: 4.460152e-05
caprst_fall_second_-20: 0.0001040015
caprst_fall_second_-40: 0.0001012015
caprst_fall_second_0: 0.0001051015
caprst_fall_second_100: 0.0001026515
caprst_fall_second_125: 0.0001028515
caprst_fall_second_20: 0.0001040515
caprst_fall_second_40: 0.0001027015
caprst_fall_second_60: 0.0001028015
caprst_fall_second_80: 0.0001015515
caprst_rise_first_-20: 6.570152e-05
caprst_rise_first_-40: 6.430152e-05
caprst_rise_first_0: 6.680152e-05
caprst_rise_first_100: 6.575152e-05
caprst_rise_first_125: 6.595152e-05
caprst_rise_first_20: 6.575152e-05
caprst_rise_first_40: 6.580152e-05
caprst_rise_first_60: 6.590152e-05
caprst_rise_first_80: 6.465152e-05
caprst_rise_second_-20: 0.0001242515
caprst_rise_second_-40: 0.0001213015
caprst_rise_second_0: 0.0001251515
caprst_rise_second_100: 0.0001228515
caprst_rise_second_125: 0.0001229015
caprst_rise_second_20: 0.0001241015
caprst_rise_second_40: 0.0001228015
caprst_rise_second_60: 0.0001228515
caprst_rise_second_80: 0.0001216015
iptat_first_-20: 6.870225e-06
iptat_first_-40: 6.347132e-06
iptat_first_0: 7.389985e-06
iptat_first_100: 9.579385e-06
iptat_first_125: 1.00882e-05
iptat_first_20: 7.878181e-06
iptat_first_40: 8.340632e-06
iptat_first_60: 8.790327e-06
iptat_first_80: 9.209694e-06
iptat_second_-20: 6.589572e-06
iptat_second_-40: 6.058347e-06
iptat_second_0: 7.081866e-06
iptat_second_100: 9.273411e-06
iptat_second_125: 9.720514e-06
iptat_second_20: 7.610138e-06
iptat_second_40: 8.042986e-06
iptat_second_60: 8.405817e-06
iptat_second_80: 8.888684e-06
tmpcount1_-20: 0.08470588
tmpcount1_-40: 0.07729412
tmpcount1_0: 0.09423529
tmpcount1_100: 0.1164706
tmpcount1_125: 0.1217647
tmpcount1_20: 0.09423529
tmpcount1_40: 0.09952941
tmpcount1_60: 0.1058824
tmpcount1_80: 0.1111765
tmpcount2_-20: 0.08258824
tmpcount2_-40: 0.07411765
tmpcount2_0: 0.08894118
tmpcount2_100: 0.1196471
tmpcount2_125: 0.1238824
tmpcount2_20: 0.09635294
tmpcount2_40: 0.1016471
tmpcount2_60: 0.1048235
tmpcount2_80: 0.1111765
