caprst_fall_first_-20: 5.130152e-05
caprst_fall_first_-40: 5.165152e-05
caprst_fall_first_0: 5.315152e-05
caprst_fall_first_100: 5.195152e-05
caprst_fall_first_125: 5.220152e-05
caprst_fall_first_20: 5.310152e-05
caprst_fall_first_40: 5.035152e-05
caprst_fall_first_60: 5.035152e-05
caprst_fall_first_80: 5.045152e-05
caprst_fall_second_-20: 0.0001084515
caprst_fall_second_-40: 0.0001100515
caprst_fall_second_0: 0.0001110515
caprst_fall_second_100: 0.0001089515
caprst_fall_second_125: 0.0001094015
caprst_fall_second_20: 0.0001101015
caprst_fall_second_40: 0.0001074515
caprst_fall_second_60: 0.0001075015
caprst_fall_second_80: 0.0001077515
caprst_rise_first_-20: 7.155152e-05
caprst_rise_first_-40: 7.175152e-05
caprst_rise_first_0: 7.415152e-05
caprst_rise_first_100: 7.205152e-05
caprst_rise_first_125: 7.250152e-05
caprst_rise_first_20: 7.320152e-05
caprst_rise_first_40: 7.055152e-05
caprst_rise_first_60: 7.060152e-05
caprst_rise_first_80: 7.085152e-05
caprst_rise_second_-20: 0.0001286515
caprst_rise_second_-40: 0.0001304515
caprst_rise_second_0: 0.0001312515
caprst_rise_second_100: 0.0001290515
caprst_rise_second_125: 0.0001296515
caprst_rise_second_20: 0.0001305015
caprst_rise_second_40: 0.0001275515
caprst_rise_second_60: 0.0001276515
caprst_rise_second_80: 0.0001279015
iptat_first_-20: 6.019529e-06
iptat_first_-40: 5.611426e-06
iptat_first_0: 6.437069e-06
iptat_first_100: 8.442417e-06
iptat_first_125: 8.862001e-06
iptat_first_20: 6.848007e-06
iptat_first_40: 7.226833e-06
iptat_first_60: 7.65829e-06
iptat_first_80: 8.055306e-06
iptat_second_-20: 5.790699e-06
iptat_second_-40: 5.368763e-06
iptat_second_0: 6.228594e-06
iptat_second_100: 8.237431e-06
iptat_second_125: 8.654556e-06
iptat_second_20: 6.688877e-06
iptat_second_40: 7.099734e-06
iptat_second_60: 7.486403e-06
iptat_second_80: 7.876302e-06
tmpcount1_-20: 0.05494737
tmpcount1_-40: 0.05115789
tmpcount1_0: 0.06063158
tmpcount1_100: 0.07578947
tmpcount1_125: 0.08052632
tmpcount1_20: 0.06157895
tmpcount1_40: 0.06536842
tmpcount1_60: 0.06915789
tmpcount1_80: 0.07389474
tmpcount2_-20: 0.054
tmpcount2_-40: 0.04926316
tmpcount2_0: 0.05778947
tmpcount2_100: 0.07578947
tmpcount2_125: 0.07768421
tmpcount2_20: 0.06157895
tmpcount2_40: 0.06347368
tmpcount2_60: 0.06726316
tmpcount2_80: 0.07294737
