caprst_fall_first_-20: 4.675152e-05
caprst_fall_first_0: 4.690152e-05
caprst_fall_first_100: 5.170152e-05
caprst_fall_first_125: 5.215152e-05
caprst_fall_first_20: 4.710152e-05
caprst_fall_first_40: 4.730152e-05
caprst_fall_first_60: 5.115152e-05
caprst_fall_first_80: 5.145152e-05
caprst_fall_second_-20: 0.0001043015
caprst_fall_second_0: 0.0001039515
caprst_fall_second_100: 0.0001087515
caprst_fall_second_125: 0.0001092515
caprst_fall_second_20: 0.0001054515
caprst_fall_second_40: 0.0001046015
caprst_fall_second_60: 0.0001091015
caprst_fall_second_80: 0.0001086015
caprst_rise_first_-20: 6.735152e-05
caprst_rise_first_0: 6.705152e-05
caprst_rise_first_100: 7.185152e-05
caprst_rise_first_125: 7.230152e-05
caprst_rise_first_20: 6.715152e-05
caprst_rise_first_40: 6.770152e-05
caprst_rise_first_60: 7.210152e-05
caprst_rise_first_80: 7.170152e-05
caprst_rise_second_-20: 0.0001244515
caprst_rise_second_0: 0.0001240015
caprst_rise_second_100: 0.0001288515
caprst_rise_second_125: 0.0001293015
caprst_rise_second_20: 0.0001255028
caprst_rise_second_40: 0.0001249015
caprst_rise_second_60: 0.0001295015
caprst_rise_second_80: 0.0001289015
iptat_first_-20: 5.330303e-06
iptat_first_0: 5.715045e-06
iptat_first_100: 7.407243e-06
iptat_first_125: 7.779237e-06
iptat_first_20: 6.088416e-06
iptat_first_40: 6.44867e-06
iptat_first_60: 6.754829e-06
iptat_first_80: 7.084659e-06
iptat_second_-20: 5.117345e-06
iptat_second_0: 5.521797e-06
iptat_second_100: 7.216546e-06
iptat_second_125: 7.587049e-06
iptat_second_20: 5.927815e-06
iptat_second_40: 6.246681e-06
iptat_second_60: 6.58394e-06
iptat_second_80: 6.914912e-06
tmpcount1_-20: 0.05929412
tmpcount1_-40: 0.05505882
tmpcount1_0: 0.06035294
tmpcount1_100: 0.06882353
tmpcount1_125: 0.072
tmpcount1_20: 0.06247059
tmpcount1_40: 0.06458824
tmpcount1_60: 0.06776471
tmpcount1_80: 0.06670588
tmpcount2_-20: 0.05823529
tmpcount2_-40: 0.054
tmpcount2_0: 0.05823529
tmpcount2_100: 0.06670588
tmpcount2_125: 0.07094118
tmpcount2_20: 0.06141176
tmpcount2_40: 0.06141176
tmpcount2_60: 0.06458824
tmpcount2_80: 0.06564706
