caprst_fall_first_-20: 4.805152e-05
caprst_fall_first_-40: 4.815152e-05
caprst_fall_first_0: 4.660152e-05
caprst_fall_first_100: 4.900152e-05
caprst_fall_first_125: 4.910152e-05
caprst_fall_first_20: 4.690152e-05
caprst_fall_first_40: 4.730152e-05
caprst_fall_first_60: 4.665152e-05
caprst_fall_first_80: 4.885152e-05
caprst_fall_second_-20: 0.0001065515
caprst_fall_second_-40: 0.0001065015
caprst_fall_second_0: 0.0001060515
caprst_fall_second_100: 0.0001063015
caprst_fall_second_125: 0.0001074515
caprst_fall_second_20: 0.0001053015
caprst_fall_second_40: 0.0001042515
caprst_fall_second_60: 0.0001036015
caprst_fall_second_80: 0.0001072015
caprst_rise_first_-20: 6.825152e-05
caprst_rise_first_-40: 6.820152e-05
caprst_rise_first_0: 6.775152e-05
caprst_rise_first_100: 6.940152e-05
caprst_rise_first_125: 6.915152e-05
caprst_rise_first_20: 6.700152e-05
caprst_rise_first_40: 6.735152e-05
caprst_rise_first_60: 6.670152e-05
caprst_rise_first_80: 6.890152e-05
caprst_rise_second_-20: 0.0001269015
caprst_rise_second_-40: 0.0001265515
caprst_rise_second_0: 0.0001261015
caprst_rise_second_100: 0.0001265515
caprst_rise_second_125: 0.0001278015
caprst_rise_second_20: 0.0001254515
caprst_rise_second_40: 0.0001243015
caprst_rise_second_60: 0.0001239015
caprst_rise_second_80: 0.0001274015
iptat_first_-20: 6.867384e-06
iptat_first_-40: 6.349798e-06
iptat_first_0: 7.371537e-06
iptat_first_100: 9.602592e-06
iptat_first_125: 1.005119e-05
iptat_first_20: 7.922057e-06
iptat_first_40: 8.343434e-06
iptat_first_60: 8.785157e-06
iptat_first_80: 9.197876e-06
iptat_second_-20: 6.533609e-06
iptat_second_-40: 6.03306e-06
iptat_second_0: 7.101352e-06
iptat_second_100: 9.257402e-06
iptat_second_125: 9.776823e-06
iptat_second_20: 7.565783e-06
iptat_second_40: 8.014391e-06
iptat_second_60: 8.444277e-06
iptat_second_80: 8.867644e-06
tmpcount1_-20: 0.07578947
tmpcount1_-40: 0.07010526
tmpcount1_0: 0.08431579
tmpcount1_100: 0.1051579
tmpcount1_125: 0.108
tmpcount1_20: 0.08526316
tmpcount1_40: 0.08905263
tmpcount1_60: 0.09473684
tmpcount1_80: 0.09947368
tmpcount2_-20: 0.07389474
tmpcount2_-40: 0.06821053
tmpcount2_0: 0.07863158
tmpcount2_100: 0.1004211
tmpcount2_125: 0.1070526
tmpcount2_20: 0.08242105
tmpcount2_40: 0.08810526
tmpcount2_60: 0.09378947
tmpcount2_80: 0.09757895
