caprst_fall_first_-20: 4.655152e-05
caprst_fall_first_-40: 4.665152e-05
caprst_fall_first_0: 4.790152e-05
caprst_fall_first_100: 4.980152e-05
caprst_fall_first_125: 5.075152e-05
caprst_fall_first_20: 4.940152e-05
caprst_fall_first_40: 4.820152e-05
caprst_fall_first_60: 4.950152e-05
caprst_fall_first_80: 4.825152e-05
caprst_fall_second_-20: 0.0001039515
caprst_fall_second_-40: 0.0001050515
caprst_fall_second_0: 0.0001048515
caprst_fall_second_100: 0.0001082015
caprst_fall_second_125: 0.0001077015
caprst_fall_second_20: 0.0001078015
caprst_fall_second_40: 0.0001070015
caprst_fall_second_60: 0.0001079515
caprst_fall_second_80: 0.0001053515
caprst_rise_first_-20: 6.705152e-05
caprst_rise_first_-40: 6.675152e-05
caprst_rise_first_0: 6.795152e-05
caprst_rise_first_100: 6.990152e-05
caprst_rise_first_125: 7.080152e-05
caprst_rise_first_20: 6.950152e-05
caprst_rise_first_40: 6.870152e-05
caprst_rise_first_60: 6.965152e-05
caprst_rise_first_80: 6.845152e-05
caprst_rise_second_-20: 0.0001247515
caprst_rise_second_-40: 0.0001258015
caprst_rise_second_0: 0.0001251015
caprst_rise_second_100: 0.0001282515
caprst_rise_second_125: 0.0001277515
caprst_rise_second_20: 0.0001278515
caprst_rise_second_40: 0.0001273515
caprst_rise_second_60: 0.0001283515
caprst_rise_second_80: 0.0001255515
iptat_first_-20: 6.012733e-06
iptat_first_-40: 5.563409e-06
iptat_first_0: 6.452355e-06
iptat_first_100: 8.342581e-06
iptat_first_125: 8.793102e-06
iptat_first_20: 6.849058e-06
iptat_first_40: 7.293952e-06
iptat_first_60: 7.645584e-06
iptat_first_80: 8.044372e-06
iptat_second_-20: 5.737197e-06
iptat_second_-40: 5.330235e-06
iptat_second_0: 6.201126e-06
iptat_second_100: 8.149861e-06
iptat_second_125: 8.518439e-06
iptat_second_20: 6.622647e-06
iptat_second_40: 7.046167e-06
iptat_second_60: 7.407657e-06
iptat_second_80: 7.77491e-06
tmpcount1_-20: 0.063
tmpcount1_-40: 0.06
tmpcount1_0: 0.065
tmpcount1_100: 0.081
tmpcount1_125: 0.085
tmpcount1_20: 0.068
tmpcount1_40: 0.074
tmpcount1_60: 0.075
tmpcount1_80: 0.079
tmpcount2_-20: 0.061
tmpcount2_-40: 0.059
tmpcount2_0: 0.062
tmpcount2_100: 0.08
tmpcount2_125: 0.083
tmpcount2_20: 0.067
tmpcount2_40: 0.07
tmpcount2_60: 0.074
tmpcount2_80: 0.076
