caprst_fall_first_-20: 4.930152e-05
caprst_fall_first_-40: 4.965152e-05
caprst_fall_first_0: 5.265152e-05
caprst_fall_first_100: 5.275152e-05
caprst_fall_first_125: 5.020152e-05
caprst_fall_first_20: 5.115152e-05
caprst_fall_first_40: 5.250152e-05
caprst_fall_first_60: 5.255152e-05
caprst_fall_first_80: 5.265152e-05
caprst_fall_second_-20: 0.0001064015
caprst_fall_second_-40: 0.0001069515
caprst_fall_second_0: 0.0001111015
caprst_fall_second_100: 0.0001098015
caprst_fall_second_125: 0.0001074515
caprst_fall_second_20: 0.0001083515
caprst_fall_second_40: 0.0001095515
caprst_fall_second_60: 0.0001106515
caprst_fall_second_80: 0.0001101515
caprst_rise_first_-20: 6.950152e-05
caprst_rise_first_-40: 7.000152e-05
caprst_rise_first_0: 7.415152e-05
caprst_rise_first_100: 7.290152e-05
caprst_rise_first_125: 7.055152e-05
caprst_rise_first_20: 7.140152e-05
caprst_rise_first_40: 7.265152e-05
caprst_rise_first_60: 7.375152e-05
caprst_rise_first_80: 7.325152e-05
caprst_rise_second_-20: 0.0001266515
caprst_rise_second_-40: 0.0001274015
caprst_rise_second_0: 0.0001314015
caprst_rise_second_100: 0.0001299528
caprst_rise_second_125: 0.0001276015
caprst_rise_second_20: 0.0001288015
caprst_rise_second_40: 0.0001308515
caprst_rise_second_60: 0.0001310015
caprst_rise_second_80: 0.0001305015
iptat_first_-20: 6.017784e-06
iptat_first_-40: 5.584371e-06
iptat_first_0: 6.444288e-06
iptat_first_100: 8.39565e-06
iptat_first_125: 8.700699e-06
iptat_first_20: 6.875697e-06
iptat_first_40: 7.285087e-06
iptat_first_60: 7.675832e-06
iptat_first_80: 8.071395e-06
iptat_second_-20: 5.777886e-06
iptat_second_-40: 5.310015e-06
iptat_second_0: 6.227204e-06
iptat_second_100: 8.162374e-06
iptat_second_125: 8.529758e-06
iptat_second_20: 6.657858e-06
iptat_second_40: 7.041733e-06
iptat_second_60: 7.437287e-06
iptat_second_80: 7.806017e-06
tmpcount1_-20: 0.06141176
tmpcount1_-40: 0.05717647
tmpcount1_0: 0.06988235
tmpcount1_100: 0.08470588
tmpcount1_125: 0.08894118
tmpcount1_20: 0.06988235
tmpcount1_40: 0.07305882
tmpcount1_60: 0.08152941
tmpcount1_80: 0.08258824
tmpcount2_-20: 0.06247059
tmpcount2_-40: 0.05823529
tmpcount2_0: 0.06670588
tmpcount2_100: 0.08576471
tmpcount2_125: 0.08788235
tmpcount2_20: 0.072
tmpcount2_40: 0.07517647
tmpcount2_60: 0.07517647
tmpcount2_80: 0.08258824
