ivdd_-20: -3.007538e-05
ivdd_-40: -2.460156e-05
ivdd_0: -3.495667e-05
ivdd_100: -5.322677e-05
ivdd_125: -5.899443e-05
ivdd_20: -3.866332e-05
ivdd_40: -4.211993e-05
ivdd_60: -4.517791e-05
ivdd_80: -4.840419e-05
vref_-20: 0.5923526
vref_-40: 0.5932838
vref_0: 0.5935276
vref_100: 0.5943635
vref_125: 0.5932259
vref_20: 0.5942345
vref_40: 0.5943494
vref_60: 0.5947651
vref_80: 0.5940514
