ivdd_-20: -3.163385e-05
ivdd_-40: -2.518918e-05
ivdd_0: -3.786873e-05
ivdd_100: -5.878549e-05
ivdd_125: -6.348856e-05
ivdd_20: -4.222528e-05
ivdd_40: -4.604718e-05
ivdd_60: -4.938054e-05
ivdd_80: -5.31017e-05
vref_-20: 0.6015724
vref_-40: 0.6009791
vref_0: 0.6024624
vref_100: 0.6029677
vref_125: 0.6019301
vref_20: 0.602691
vref_40: 0.6027299
vref_60: 0.6028837
vref_80: 0.6026526
