ivdd_-20: -3.108794e-05
ivdd_-40: -2.592492e-05
ivdd_0: -3.509489e-05
ivdd_100: -4.880899e-05
ivdd_125: -5.330775e-05
ivdd_20: -3.826556e-05
ivdd_40: -4.080119e-05
ivdd_60: -4.315596e-05
ivdd_80: -4.610857e-05
vref_-20: 0.5976006
vref_-40: 0.5966396
vref_0: 0.5987421
vref_100: 0.5983687
vref_125: 0.5978955
vref_20: 0.5984139
vref_40: 0.5997623
vref_60: 0.5994611
vref_80: 0.5985003
