ivdd_-10: -3.44616e-05
ivdd_-20: -3.078986e-05
ivdd_-30: -2.704009e-05
ivdd_-40: -2.311544e-05
ivdd_0: -3.811265e-05
ivdd_10: -4.125216e-05
ivdd_100: -5.757758e-05
ivdd_110: -5.905957e-05
ivdd_120: -5.911426e-05
ivdd_125: -6.042203e-05
ivdd_20: -4.4156e-05
ivdd_30: -4.57844e-05
ivdd_40: -4.810042e-05
ivdd_50: -5.048096e-05
ivdd_60: -5.130059e-05
ivdd_70: -5.315908e-05
ivdd_80: -5.382823e-05
ivdd_90: -5.578591e-05
vref_-10: 0.5967738
vref_-20: 0.5959856
vref_-30: 0.5956702
vref_-40: 0.5962592
vref_0: 0.5966716
vref_10: 0.5962903
vref_100: 0.5957391
vref_110: 0.5957232
vref_120: 0.5933517
vref_125: 0.5942375
vref_20: 0.5969039
vref_30: 0.5966365
vref_40: 0.5968856
vref_50: 0.5978518
vref_60: 0.5967876
vref_70: 0.5970627
vref_80: 0.5965042
vref_90: 0.5966366
