ivdd_-10: -1.886858e-05
ivdd_-20: -1.698752e-05
ivdd_-30: -1.547195e-05
ivdd_-40: -1.411342e-05
ivdd_0: -2.065806e-05
ivdd_10: -2.243695e-05
ivdd_100: -3.197801e-05
ivdd_110: -3.253858e-05
ivdd_120: -3.281996e-05
ivdd_125: -3.334843e-05
ivdd_20: -2.428583e-05
ivdd_30: -2.579847e-05
ivdd_40: -2.73264e-05
ivdd_50: -2.860925e-05
ivdd_60: -2.975367e-05
ivdd_70: -3.02153e-05
ivdd_80: -3.099057e-05
ivdd_90: -3.14721e-05
vref_-10: 0.5937033
vref_-20: 0.5958534
vref_-30: 0.5945026
vref_-40: 0.5953029
vref_0: 0.5930851
vref_10: 0.5934661
vref_100: 0.5921641
vref_110: 0.5942618
vref_120: 0.5915793
vref_125: 0.592319
vref_20: 0.5939065
vref_30: 0.5965923
vref_40: 0.5953871
vref_50: 0.5961984
vref_60: 0.595336
vref_70: 0.5957147
vref_80: 0.5945811
vref_90: 0.5943512
