ivdd_-10: -3.074871e-05
ivdd_-20: -2.941447e-05
ivdd_-30: -2.719652e-05
ivdd_-40: -2.527395e-05
ivdd_0: -3.189988e-05
ivdd_10: -3.303397e-05
ivdd_100: -3.819892e-05
ivdd_110: -3.891747e-05
ivdd_120: -3.909992e-05
ivdd_125: -3.854341e-05
ivdd_20: -3.37751e-05
ivdd_30: -3.509862e-05
ivdd_40: -3.51903e-05
ivdd_50: -3.554041e-05
ivdd_60: -3.601994e-05
ivdd_70: -3.647877e-05
ivdd_80: -3.674163e-05
ivdd_90: -3.808808e-05
vref_-10: 0.5955688
vref_-20: 0.5977899
vref_-30: 0.5935594
vref_-40: 0.5950128
vref_0: 0.5949161
vref_10: 0.5972454
vref_100: 0.5970614
vref_110: 0.5967283
vref_120: 0.5958158
vref_125: 0.594731
vref_20: 0.5982174
vref_30: 0.59752
vref_40: 0.5993272
vref_50: 0.5958329
vref_60: 0.5958538
vref_70: 0.595911
vref_80: 0.5956523
vref_90: 0.5971692
