ivdd_-10: -3.710673e-05
ivdd_-20: -3.230487e-05
ivdd_-30: -2.813605e-05
ivdd_-40: -2.392298e-05
ivdd_0: -3.975819e-05
ivdd_10: -4.30225e-05
ivdd_100: -5.729586e-05
ivdd_110: -5.928394e-05
ivdd_120: -6.099997e-05
ivdd_125: -6.19845e-05
ivdd_20: -4.61955e-05
ivdd_30: -4.858341e-05
ivdd_40: -5.10404e-05
ivdd_50: -5.238646e-05
ivdd_60: -5.438643e-05
ivdd_70: -5.408152e-05
ivdd_80: -5.635023e-05
ivdd_90: -5.698315e-05
vref_-10: 0.5940021
vref_-20: 0.5928023
vref_-30: 0.5924137
vref_-40: 0.5916592
vref_0: 0.5928353
vref_10: 0.5928148
vref_100: 0.5909845
vref_110: 0.5915357
vref_120: 0.5914748
vref_125: 0.5914399
vref_20: 0.5930536
vref_30: 0.5936226
vref_40: 0.5935011
vref_50: 0.5934853
vref_60: 0.5941162
vref_70: 0.5928843
vref_80: 0.5925832
vref_90: 0.5922579
