caprst_fall_first_-20: 5.285152e-05
caprst_fall_first_-40: 5.285152e-05
caprst_fall_first_0: 5.285152e-05
caprst_fall_first_100: 5.335152e-05
caprst_fall_first_125: 5.490152e-05
caprst_fall_first_20: 5.290152e-05
caprst_fall_first_40: 5.295152e-05
caprst_fall_first_60: 5.305152e-05
caprst_fall_first_80: 5.315152e-05
caprst_fall_second_-20: 7.270152e-05
caprst_fall_second_-40: 7.270152e-05
caprst_fall_second_0: 7.165152e-05
caprst_fall_second_100: 7.320152e-05
caprst_fall_second_125: 7.475152e-05
caprst_fall_second_20: 7.275152e-05
caprst_fall_second_40: 7.175152e-05
caprst_fall_second_60: 7.290152e-05
caprst_fall_second_80: 7.300152e-05
caprst_rise_first_-20: 6.420152e-05
caprst_rise_first_-40: 6.420152e-05
caprst_rise_first_0: 6.420152e-05
caprst_rise_first_100: 6.470152e-05
caprst_rise_first_125: 6.625152e-05
caprst_rise_first_20: 6.425152e-05
caprst_rise_first_40: 6.430152e-05
caprst_rise_first_60: 6.440152e-05
caprst_rise_first_80: 6.450152e-05
caprst_rise_second_-20: 8.405152e-05
caprst_rise_second_-40: 8.405152e-05
caprst_rise_second_0: 8.300152e-05
caprst_rise_second_100: 8.455152e-05
caprst_rise_second_125: 8.610152e-05
caprst_rise_second_20: 8.410152e-05
caprst_rise_second_40: 8.310152e-05
caprst_rise_second_60: 8.425152e-05
caprst_rise_second_80: 8.460152e-05
ipc_setupincluded_-20: -0.0001009921
ipc_setupincluded_-40: -9.812581e-05
ipc_setupincluded_0: -0.000104211
ipc_setupincluded_100: -0.0001207879
ipc_setupincluded_125: -0.0001264897
ipc_setupincluded_20: -0.0001069011
ipc_setupincluded_40: -0.0001101816
ipc_setupincluded_60: -0.0001132915
ipc_setupincluded_80: -0.0001168538
iptat_first_-20: 6.897134e-06
iptat_first_-40: 6.376798e-06
iptat_first_0: 7.41116e-06
iptat_first_100: 9.649886e-06
iptat_first_125: 1.011253e-05
iptat_first_20: 7.901707e-06
iptat_first_40: 8.379052e-06
iptat_first_60: 8.829744e-06
iptat_first_80: 9.253103e-06
iptat_second_-20: 6.524649e-06
iptat_second_-40: 6.014211e-06
iptat_second_0: 7.017604e-06
iptat_second_100: 9.190701e-06
iptat_second_125: 9.652674e-06
iptat_second_20: 7.494314e-06
iptat_second_40: 7.948731e-06
iptat_second_60: 8.389302e-06
iptat_second_80: 8.803861e-06
pwrup_fall_-20: 8.410152e-05
pwrup_fall_-40: 8.410152e-05
pwrup_fall_0: 8.305152e-05
pwrup_fall_100: 8.460152e-05
pwrup_fall_125: 8.615152e-05
pwrup_fall_20: 8.415152e-05
pwrup_fall_40: 8.315152e-05
pwrup_fall_60: 8.430152e-05
pwrup_fall_80: 8.465152e-05
pwrup_rise_-20: 2.5152e-07
pwrup_rise_-40: 2.5152e-07
pwrup_rise_0: 2.5152e-07
pwrup_rise_100: 2.5152e-07
pwrup_rise_125: 2.5152e-07
pwrup_rise_20: 2.5152e-07
pwrup_rise_40: 2.5152e-07
pwrup_rise_60: 2.5152e-07
pwrup_rise_80: 2.5152e-07
tmpcount1_-20: 0.1852941
tmpcount1_-40: 0.1747059
tmpcount1_0: 0.1969412
tmpcount1_100: 0.2456471
tmpcount1_125: 0.2572941
tmpcount1_20: 0.2075294
tmpcount1_40: 0.2191765
tmpcount1_60: 0.2308235
tmpcount1_80: 0.2403529
tmpcount2_-20: 0.1768235
tmpcount2_-40: 0.1641176
tmpcount2_0: 0.1874118
tmpcount2_100: 0.2403529
tmpcount2_125: 0.2509412
tmpcount2_20: 0.198
tmpcount2_40: 0.2075294
tmpcount2_60: 0.2202353
tmpcount2_80: 0.2350588
