caprst_fall_first_-20: 5.380152e-05
caprst_fall_first_-40: 5.365152e-05
caprst_fall_first_0: 5.395152e-05
caprst_fall_first_100: 5.635152e-05
caprst_fall_first_125: 5.665152e-05
caprst_fall_first_20: 5.420152e-05
caprst_fall_first_40: 5.435152e-05
caprst_fall_first_60: 5.590152e-05
caprst_fall_first_80: 5.615152e-05
caprst_fall_second_-20: 7.260152e-05
caprst_fall_second_-40: 7.305152e-05
caprst_fall_second_0: 7.295152e-05
caprst_fall_second_100: 7.515152e-05
caprst_fall_second_125: 7.545152e-05
caprst_fall_second_20: 7.310152e-05
caprst_fall_second_40: 7.315152e-05
caprst_fall_second_60: 7.470152e-05
caprst_fall_second_80: 7.495152e-05
caprst_rise_first_-20: 6.515152e-05
caprst_rise_first_-40: 6.560152e-05
caprst_rise_first_0: 6.550152e-05
caprst_rise_first_100: 6.770152e-05
caprst_rise_first_125: 6.800152e-05
caprst_rise_first_20: 6.565152e-05
caprst_rise_first_40: 6.570152e-05
caprst_rise_first_60: 6.725152e-05
caprst_rise_first_80: 6.750152e-05
caprst_rise_second_-20: 8.410152e-05
caprst_rise_second_-40: 8.440152e-05
caprst_rise_second_0: 8.605152e-05
caprst_rise_second_100: 8.650152e-05
caprst_rise_second_125: 8.680152e-05
caprst_rise_second_20: 8.445152e-05
caprst_rise_second_40: 8.450152e-05
caprst_rise_second_60: 8.605152e-05
caprst_rise_second_80: 8.630152e-05
ipc_setupincluded_-20: -9.4709e-05
ipc_setupincluded_-40: -9.234854e-05
ipc_setupincluded_0: -9.655553e-05
ipc_setupincluded_100: -0.0001089891
ipc_setupincluded_125: -0.0001131589
ipc_setupincluded_20: -9.928385e-05
ipc_setupincluded_40: -0.0001012874
ipc_setupincluded_60: -0.0001035393
ipc_setupincluded_80: -0.0001060749
iptat_first_-20: 6.450587e-06
iptat_first_-40: 6.025509e-06
iptat_first_0: 6.8719e-06
iptat_first_100: 8.617672e-06
iptat_first_125: 8.952685e-06
iptat_first_20: 7.266258e-06
iptat_first_40: 7.640819e-06
iptat_first_60: 7.990577e-06
iptat_first_80: 8.316093e-06
iptat_second_-20: 5.318797e-06
iptat_second_-40: 4.847329e-06
iptat_second_0: 5.778572e-06
iptat_second_100: 7.877255e-06
iptat_second_125: 8.334372e-06
iptat_second_20: 6.229698e-06
iptat_second_40: 6.666353e-06
iptat_second_60: 7.087904e-06
iptat_second_80: 7.490893e-06
pwrup_fall_-20: 8.415152e-05
pwrup_fall_-40: 8.445152e-05
pwrup_fall_0: 8.610152e-05
pwrup_fall_100: 8.655152e-05
pwrup_fall_125: 8.685152e-05
pwrup_fall_20: 8.450152e-05
pwrup_fall_40: 8.455152e-05
pwrup_fall_60: 8.610152e-05
pwrup_fall_80: 8.635152e-05
pwrup_rise_-20: 2.5152e-07
pwrup_rise_-40: 2.5152e-07
pwrup_rise_0: 2.5152e-07
pwrup_rise_100: 2.5152e-07
pwrup_rise_125: 2.5152e-07
pwrup_rise_20: 2.5152e-07
pwrup_rise_40: 2.5152e-07
pwrup_rise_60: 2.5152e-07
pwrup_rise_80: 2.5152e-07
tmpcount1_-20: 0.147
tmpcount1_-40: 0.149
tmpcount1_0: 0.156
tmpcount1_100: 0.186
tmpcount1_125: 0.192
tmpcount1_20: 0.162
tmpcount1_40: 0.167
tmpcount1_60: 0.174
tmpcount1_80: 0.181
tmpcount2_-20: 0.122
tmpcount2_-40: 0.112
tmpcount2_0: 0.149
tmpcount2_100: 0.17
tmpcount2_125: 0.18
tmpcount2_20: 0.138
tmpcount2_40: 0.146
tmpcount2_60: 0.155
tmpcount2_80: 0.162
