caprst_fall_first_-20: 5.135152e-05
caprst_fall_first_-40: 5.130152e-05
caprst_fall_first_0: 5.210152e-05
caprst_fall_first_100: 5.270152e-05
caprst_fall_first_125: 5.290152e-05
caprst_fall_first_20: 5.385152e-05
caprst_fall_first_40: 5.395152e-05
caprst_fall_first_80: 5.250152e-05
caprst_fall_second_-20: 7.015152e-05
caprst_fall_second_-40: 7.010152e-05
caprst_fall_second_0: 7.090152e-05
caprst_fall_second_100: 7.255152e-05
caprst_fall_second_125: 7.275152e-05
caprst_fall_second_20: 7.265152e-05
caprst_fall_second_40: 7.275152e-05
caprst_fall_second_80: 7.235152e-05
caprst_rise_first_-20: 6.270152e-05
caprst_rise_first_-40: 6.265152e-05
caprst_rise_first_0: 6.345152e-05
caprst_rise_first_100: 6.405152e-05
caprst_rise_first_125: 6.425152e-05
caprst_rise_first_20: 6.520152e-05
caprst_rise_first_40: 6.530152e-05
caprst_rise_first_80: 6.385152e-05
caprst_rise_second_-20: 8.170152e-05
caprst_rise_second_-40: 8.150152e-05
caprst_rise_second_0: 8.225152e-05
caprst_rise_second_100: 8.410152e-05
caprst_rise_second_125: 8.430152e-05
caprst_rise_second_20: 8.400152e-05
caprst_rise_second_40: 8.415152e-05
caprst_rise_second_80: 8.370152e-05
ipc_setupincluded_-20: -9.402271e-05
ipc_setupincluded_-40: -9.185739e-05
ipc_setupincluded_0: -9.476378e-05
ipc_setupincluded_100: -0.0001075829
ipc_setupincluded_125: -0.0001108293
ipc_setupincluded_20: -9.676544e-05
ipc_setupincluded_40: -9.967754e-05
ipc_setupincluded_80: -0.0001052474
iptat_first_-20: 6.199165e-06
iptat_first_-40: 5.771181e-06
iptat_first_0: 6.616504e-06
iptat_first_100: 8.51475e-06
iptat_first_125: 8.957504e-06
iptat_first_20: 7.014304e-06
iptat_first_40: 7.390136e-06
iptat_first_80: 8.137498e-06
iptat_second_-20: 5.406229e-06
iptat_second_-40: 4.938899e-06
iptat_second_0: 5.860134e-06
iptat_second_100: 7.804231e-06
iptat_second_125: 8.160595e-06
iptat_second_20: 6.305367e-06
iptat_second_40: 7.335059e-06
iptat_second_80: 7.492477e-06
pwrup_fall_-20: 8.175152e-05
pwrup_fall_-40: 8.155152e-05
pwrup_fall_0: 8.230152e-05
pwrup_fall_100: 8.415152e-05
pwrup_fall_125: 8.435152e-05
pwrup_fall_20: 8.405152e-05
pwrup_fall_40: 8.420152e-05
pwrup_fall_80: 8.375152e-05
pwrup_rise_-20: 2.5152e-07
pwrup_rise_-40: 2.5152e-07
pwrup_rise_0: 2.5152e-07
pwrup_rise_100: 2.5152e-07
pwrup_rise_125: 2.5152e-07
pwrup_rise_20: 2.5152e-07
pwrup_rise_40: 2.5152e-07
pwrup_rise_60: 2.5152e-07
pwrup_rise_80: 2.5152e-07
tmpcount1_-20: 0.144
tmpcount1_-40: 0.138
tmpcount1_0: 0.151
tmpcount1_100: 0.184
tmpcount1_125: 0.193
tmpcount1_20: 0.157
tmpcount1_40: 0.163
tmpcount1_60: 0.0
tmpcount1_80: 0.177
tmpcount2_-20: 0.128
tmpcount2_-40: 0.118
tmpcount2_0: 0.133
tmpcount2_100: 0.174
tmpcount2_125: 0.181
tmpcount2_20: 0.142
tmpcount2_40: 0.163
tmpcount2_60: 0.0
tmpcount2_80: 0.165
