caprst_fall_first_-20: 5.275152e-05
caprst_fall_first_-40: 5.265152e-05
caprst_fall_first_0: 5.275152e-05
caprst_fall_first_100: 5.335152e-05
caprst_fall_first_125: 5.355152e-05
caprst_fall_first_20: 5.280152e-05
caprst_fall_first_40: 5.295152e-05
caprst_fall_first_60: 5.305152e-05
caprst_fall_first_80: 5.325152e-05
caprst_fall_second_-20: 7.285152e-05
caprst_fall_second_-40: 7.250152e-05
caprst_fall_second_0: 7.260152e-05
caprst_fall_second_100: 7.320152e-05
caprst_fall_second_125: 7.340152e-05
caprst_fall_second_20: 7.265152e-05
caprst_fall_second_40: 7.280152e-05
caprst_fall_second_60: 7.290152e-05
caprst_fall_second_80: 7.310152e-05
caprst_rise_first_-20: 6.435152e-05
caprst_rise_first_-40: 6.400152e-05
caprst_rise_first_0: 6.410152e-05
caprst_rise_first_100: 6.470152e-05
caprst_rise_first_125: 6.490152e-05
caprst_rise_first_20: 6.415152e-05
caprst_rise_first_40: 6.430152e-05
caprst_rise_first_60: 6.440152e-05
caprst_rise_first_80: 6.460152e-05
caprst_rise_second_-20: 8.420152e-05
caprst_rise_second_-40: 8.385152e-05
caprst_rise_second_0: 8.395152e-05
caprst_rise_second_100: 8.455152e-05
caprst_rise_second_125: 8.475152e-05
caprst_rise_second_20: 8.430152e-05
caprst_rise_second_40: 8.965152e-05
caprst_rise_second_60: 8.425152e-05
caprst_rise_second_80: 8.445152e-05
ipc_setupincluded_-20: -9.664384e-05
ipc_setupincluded_-40: -9.433465e-05
ipc_setupincluded_0: -9.909096e-05
ipc_setupincluded_100: -0.0001099823
ipc_setupincluded_125: -0.0001136036
ipc_setupincluded_20: -0.000101211
ipc_setupincluded_40: -0.0001023258
ipc_setupincluded_60: -0.000105545
ipc_setupincluded_80: -0.000107829
iptat_first_-20: 6.238176e-06
iptat_first_-40: 5.746399e-06
iptat_first_0: 6.726877e-06
iptat_first_100: 8.927458e-06
iptat_first_125: 9.398422e-06
iptat_first_20: 7.205622e-06
iptat_first_40: 7.663096e-06
iptat_first_60: 8.10392e-06
iptat_first_80: 8.527666e-06
iptat_second_-20: 5.478524e-06
iptat_second_-40: 5.066033e-06
iptat_second_0: 5.872218e-06
iptat_second_100: 7.543161e-06
iptat_second_125: 7.882012e-06
iptat_second_20: 6.245242e-06
iptat_second_40: 6.602272e-06
iptat_second_60: 6.936969e-06
iptat_second_80: 7.250359e-06
pwrup_fall_-20: 8.425152e-05
pwrup_fall_-40: 8.390152e-05
pwrup_fall_0: 8.400152e-05
pwrup_fall_100: 8.460152e-05
pwrup_fall_125: 8.480152e-05
pwrup_fall_20: 8.435152e-05
pwrup_fall_40: 8.970152e-05
pwrup_fall_60: 8.430152e-05
pwrup_fall_80: 8.450152e-05
pwrup_rise_-20: 2.5152e-07
pwrup_rise_-40: 2.5152e-07
pwrup_rise_0: 2.5152e-07
pwrup_rise_100: 2.5152e-07
pwrup_rise_125: 2.5152e-07
pwrup_rise_20: 2.5152e-07
pwrup_rise_40: 2.5152e-07
pwrup_rise_60: 2.5152e-07
pwrup_rise_80: 2.5152e-07
tmpcount1_-20: 0.15
tmpcount1_-40: 0.14
tmpcount1_0: 0.154
tmpcount1_100: 0.192
tmpcount1_125: 0.201
tmpcount1_20: 0.162
tmpcount1_40: 0.17
tmpcount1_60: 0.178
tmpcount1_80: 0.186
tmpcount2_-20: 0.129
tmpcount2_-40: 0.123
tmpcount2_0: 0.137
tmpcount2_100: 0.167
tmpcount2_125: 0.175
tmpcount2_20: 0.147
tmpcount2_40: 0.224
tmpcount2_60: 0.155
tmpcount2_80: 0.162
