caprst_fall_first_-20: 5.330152e-05
caprst_fall_first_-40: 5.340152e-05
caprst_fall_first_0: 5.320152e-05
caprst_fall_first_100: 5.490152e-05
caprst_fall_first_125: 5.510152e-05
caprst_fall_first_20: 5.315152e-05
caprst_fall_first_40: 5.320152e-05
caprst_fall_first_60: 5.465152e-05
caprst_fall_first_80: 5.475152e-05
caprst_fall_second_-20: 7.210152e-05
caprst_fall_second_-40: 7.220152e-05
caprst_fall_second_0: 7.215152e-05
caprst_fall_second_100: 7.370152e-05
caprst_fall_second_125: 7.410152e-05
caprst_fall_second_20: 7.195152e-05
caprst_fall_second_40: 7.200152e-05
caprst_fall_second_60: 7.345152e-05
caprst_fall_second_80: 7.415152e-05
caprst_rise_first_-20: 6.465152e-05
caprst_rise_first_-40: 6.475152e-05
caprst_rise_first_0: 6.470152e-05
caprst_rise_first_100: 6.625152e-05
caprst_rise_first_125: 6.665152e-05
caprst_rise_first_20: 6.450152e-05
caprst_rise_first_40: 6.455152e-05
caprst_rise_first_60: 6.600152e-05
caprst_rise_first_80: 6.670152e-05
caprst_rise_second_-20: 8.345152e-05
caprst_rise_second_-40: 8.355152e-05
caprst_rise_second_0: 8.350152e-05
caprst_rise_second_100: 8.560152e-05
caprst_rise_second_125: 8.550152e-05
caprst_rise_second_20: 8.335152e-05
caprst_rise_second_40: 8.895152e-05
caprst_rise_second_60: 8.480152e-05
caprst_rise_second_80: 8.550152e-05
ipc_setupincluded_-20: -0.0001015408
ipc_setupincluded_-40: -9.930078e-05
ipc_setupincluded_0: -0.0001035864
ipc_setupincluded_100: -0.0001139679
ipc_setupincluded_125: -0.0001172941
ipc_setupincluded_20: -0.0001056709
ipc_setupincluded_40: -0.0001065436
ipc_setupincluded_60: -0.0001098683
ipc_setupincluded_80: -0.0001118366
iptat_first_-20: 6.405986e-06
iptat_first_-40: 5.964553e-06
iptat_first_0: 6.839126e-06
iptat_first_100: 8.743655e-06
iptat_first_125: 9.126633e-06
iptat_first_20: 7.263725e-06
iptat_first_40: 7.668387e-06
iptat_first_60: 8.054292e-06
iptat_first_80: 8.413288e-06
iptat_second_-20: 5.489216e-06
iptat_second_-40: 5.027162e-06
iptat_second_0: 5.935904e-06
iptat_second_100: 7.908502e-06
iptat_second_125: 8.340058e-06
iptat_second_20: 6.366538e-06
iptat_second_40: 6.776584e-06
iptat_second_60: 7.171761e-06
iptat_second_80: 7.549561e-06
pwrup_fall_-20: 8.350152e-05
pwrup_fall_-40: 8.360152e-05
pwrup_fall_0: 8.355152e-05
pwrup_fall_100: 8.565152e-05
pwrup_fall_125: 8.555152e-05
pwrup_fall_20: 8.340152e-05
pwrup_fall_40: 8.900152e-05
pwrup_fall_60: 8.485152e-05
pwrup_fall_80: 8.555152e-05
pwrup_rise_-20: 2.5152e-07
pwrup_rise_-40: 2.5152e-07
pwrup_rise_0: 2.5152e-07
pwrup_rise_100: 2.5152e-07
pwrup_rise_125: 2.5152e-07
pwrup_rise_20: 2.5152e-07
pwrup_rise_40: 2.5152e-07
pwrup_rise_60: 2.5152e-07
pwrup_rise_80: 2.5152e-07
tmpcount1_-20: 0.151
tmpcount1_-40: 0.146
tmpcount1_0: 0.158
tmpcount1_100: 0.189
tmpcount1_125: 0.2
tmpcount1_20: 0.163
tmpcount1_40: 0.17
tmpcount1_60: 0.177
tmpcount1_80: 0.193
tmpcount2_-20: 0.129
tmpcount2_-40: 0.123
tmpcount2_0: 0.136
tmpcount2_100: 0.181
tmpcount2_125: 0.182
tmpcount2_20: 0.144
tmpcount2_40: 0.225
tmpcount2_60: 0.158
tmpcount2_80: 0.166
