caprst_fall_first_-20: 5.310152e-05
caprst_fall_first_-40: 5.320152e-05
caprst_fall_first_0: 5.295152e-05
caprst_fall_first_100: 5.295152e-05
caprst_fall_first_125: 5.295152e-05
caprst_fall_first_20: 5.295152e-05
caprst_fall_first_40: 5.295152e-05
caprst_fall_first_60: 5.295152e-05
caprst_fall_first_80: 5.295152e-05
caprst_fall_second_-20: 7.295152e-05
caprst_fall_second_-40: 7.305152e-05
caprst_fall_second_0: 7.280152e-05
caprst_fall_second_100: 7.280152e-05
caprst_fall_second_125: 7.280152e-05
caprst_fall_second_20: 7.280152e-05
caprst_fall_second_40: 7.280152e-05
caprst_fall_second_60: 7.280152e-05
caprst_fall_second_80: 7.280152e-05
caprst_rise_first_-20: 6.445152e-05
caprst_rise_first_-40: 6.455152e-05
caprst_rise_first_0: 6.430152e-05
caprst_rise_first_100: 6.430152e-05
caprst_rise_first_125: 6.430152e-05
caprst_rise_first_20: 6.430152e-05
caprst_rise_first_40: 6.430152e-05
caprst_rise_first_60: 6.430152e-05
caprst_rise_first_80: 6.430152e-05
caprst_rise_second_-20: 8.430152e-05
caprst_rise_second_-40: 8.440152e-05
caprst_rise_second_0: 8.415152e-05
caprst_rise_second_100: 8.415152e-05
caprst_rise_second_125: 8.415152e-05
caprst_rise_second_20: 8.415152e-05
caprst_rise_second_40: 8.415152e-05
caprst_rise_second_60: 8.415152e-05
caprst_rise_second_80: 8.415152e-05
ipc_setupincluded_-20: -9.043943e-05
ipc_setupincluded_-40: -8.815603e-05
ipc_setupincluded_0: -9.259227e-05
ipc_setupincluded_100: -9.259227e-05
ipc_setupincluded_125: -9.259227e-05
ipc_setupincluded_20: -9.259227e-05
ipc_setupincluded_40: -9.259227e-05
ipc_setupincluded_60: -9.259227e-05
ipc_setupincluded_80: -9.259227e-05
iptat_first_-20: 6.476358e-06
iptat_first_-40: 6.069631e-06
iptat_first_0: 6.870076e-06
iptat_first_100: 6.870076e-06
iptat_first_125: 6.870076e-06
iptat_first_20: 6.870076e-06
iptat_first_40: 6.870076e-06
iptat_first_60: 6.870076e-06
iptat_first_80: 6.870076e-06
iptat_second_-20: 5.259542e-06
iptat_second_-40: 4.77362e-06
iptat_second_0: 5.735187e-06
iptat_second_100: 5.735187e-06
iptat_second_125: 5.735187e-06
iptat_second_20: 5.735187e-06
iptat_second_40: 5.735187e-06
iptat_second_60: 5.735187e-06
iptat_second_80: 5.735187e-06
pwrup_fall_-20: 8.435152e-05
pwrup_fall_-40: 8.445152e-05
pwrup_fall_0: 8.420152e-05
pwrup_fall_100: 8.420152e-05
pwrup_fall_125: 8.420152e-05
pwrup_fall_20: 8.420152e-05
pwrup_fall_40: 8.420152e-05
pwrup_fall_60: 8.420152e-05
pwrup_fall_80: 8.420152e-05
pwrup_rise_-20: 2.5152e-07
pwrup_rise_-40: 2.5152e-07
pwrup_rise_0: 2.5152e-07
pwrup_rise_100: 2.5152e-07
pwrup_rise_125: 2.5152e-07
pwrup_rise_20: 2.5152e-07
pwrup_rise_40: 2.5152e-07
pwrup_rise_60: 2.5152e-07
pwrup_rise_80: 2.5152e-07
tmpcount1_-20: 0.151
tmpcount1_-40: 0.146
tmpcount1_0: 0.155
tmpcount1_100: 0.155
tmpcount1_125: 0.155
tmpcount1_20: 0.155
tmpcount1_40: 0.155
tmpcount1_60: 0.155
tmpcount1_80: 0.155
tmpcount2_-20: 0.124
tmpcount2_-40: 0.117
tmpcount2_0: 0.132
tmpcount2_100: 0.132
tmpcount2_125: 0.132
tmpcount2_20: 0.132
tmpcount2_40: 0.132
tmpcount2_60: 0.132
tmpcount2_80: 0.132
