caprst_fall_first_-40: 5.530152e-05
caprst_fall_first_0: 5.390152e-05
caprst_fall_first_100: 5.395152e-05
caprst_fall_first_125: 5.410152e-05
caprst_fall_first_20: 5.385152e-05
caprst_fall_first_40: 5.385152e-05
caprst_fall_first_60: 5.385152e-05
caprst_fall_first_80: 5.390152e-05
caprst_fall_second_-40: 7.515152e-05
caprst_fall_second_0: 7.270152e-05
caprst_fall_second_100: 7.275152e-05
caprst_fall_second_125: 7.290152e-05
caprst_fall_second_20: 7.265152e-05
caprst_fall_second_40: 7.265152e-05
caprst_fall_second_60: 7.265152e-05
caprst_fall_second_80: 7.300152e-05
caprst_rise_first_-40: 6.665152e-05
caprst_rise_first_0: 6.525152e-05
caprst_rise_first_100: 6.530152e-05
caprst_rise_first_125: 6.545152e-05
caprst_rise_first_20: 6.520152e-05
caprst_rise_first_40: 6.520152e-05
caprst_rise_first_60: 6.520152e-05
caprst_rise_first_80: 6.555152e-05
caprst_rise_second_-40: 8.650152e-05
caprst_rise_second_0: 8.405152e-05
caprst_rise_second_100: 8.410152e-05
caprst_rise_second_125: 8.435152e-05
caprst_rise_second_20: 8.400152e-05
caprst_rise_second_40: 8.405152e-05
caprst_rise_second_60: 8.400152e-05
caprst_rise_second_80: 8.435152e-05
ipc_setupincluded_-40: -9.752043e-05
ipc_setupincluded_0: -0.0001023213
ipc_setupincluded_100: -0.000110671
ipc_setupincluded_125: -0.0001129043
ipc_setupincluded_20: -0.0001041269
ipc_setupincluded_40: -0.000105832
ipc_setupincluded_60: -0.0001074826
ipc_setupincluded_80: -0.0001090432
iptat_first_-40: 4.991263e-06
iptat_first_0: 6.90802e-06
iptat_first_100: 9.044645e-06
iptat_first_125: 9.537901e-06
iptat_first_20: 7.352519e-06
iptat_first_40: 7.790799e-06
iptat_first_60: 8.220001e-06
iptat_first_80: 8.636448e-06
iptat_second_-40: 6.007427e-06
iptat_second_0: 5.860888e-06
iptat_second_100: 7.585404e-06
iptat_second_125: 7.896998e-06
iptat_second_20: 6.264712e-06
iptat_second_40: 6.639579e-06
iptat_second_60: 6.990006e-06
iptat_second_80: 7.304447e-06
pwrup_fall_-40: 8.655152e-05
pwrup_fall_0: 8.410152e-05
pwrup_fall_100: 8.415152e-05
pwrup_fall_125: 8.440152e-05
pwrup_fall_20: 8.405152e-05
pwrup_fall_40: 8.410152e-05
pwrup_fall_60: 8.405152e-05
pwrup_fall_80: 8.440152e-05
pwrup_rise_-20: 2.5152e-07
pwrup_rise_-40: 2.5152e-07
pwrup_rise_0: 2.5152e-07
pwrup_rise_100: 2.5152e-07
pwrup_rise_125: 2.5152e-07
pwrup_rise_20: 2.5152e-07
pwrup_rise_40: 2.5152e-07
pwrup_rise_60: 2.5152e-07
pwrup_rise_80: 2.5152e-07
tmpcount1_-20: 0.0
tmpcount1_-40: 0.117
tmpcount1_0: 0.151
tmpcount1_100: 0.193
tmpcount1_125: 0.202
tmpcount1_20: 0.161
tmpcount1_40: 0.17
tmpcount1_60: 0.177
tmpcount1_80: 0.189
tmpcount2_-20: 0.0
tmpcount2_-40: 0.141
tmpcount2_0: 0.131
tmpcount2_100: 0.164
tmpcount2_125: 0.172
tmpcount2_20: 0.139
tmpcount2_40: 0.147
tmpcount2_60: 0.153
tmpcount2_80: 0.158
