ipmos_20: 1.550094e-05
isnk_20: 5.972488e-07
isrc_20: 6.30196e-07
vctrl_20: 0.4427767
vctrlmax_20: 0.4886965
vctrlmin_20: 0.3988071
vref_20: 0.5407215
