ipmos_20: 1.517001e-05
isnk_20: 6.073196e-07
isrc_20: 5.681192e-07
vctrl_20: 0.4309542
vctrlmax_20: 0.4343269
vctrlmin_20: 0.4279702
vref_20: 0.5467895
