ipmos_20: 1.545641e-05
isnk_20: 5.592629e-07
isrc_20: 6.845487e-07
vctrl_20: 0.4358833
vctrlmax_20: 0.4587774
vctrlmin_20: 0.4133804
vref_20: 0.5469887
