ipmos_20: 1.55114e-05
isnk_20: 6.338464e-07
isrc_20: 6.057675e-07
vctrl_20: 0.4307976
vctrlmax_20: 0.464972
vctrlmin_20: 0.3976528
vref_20: 0.5443103
