ipmos_20: 1.545897e-05
isnk_20: 6.011545e-07
isrc_20: 6.1209e-07
vctrl_20: 0.4328413
vctrlmax_20: 0.4529203
vctrlmin_20: 0.4134575
vref_20: 0.5469476
