ipmos_20: 1.517323e-05
isnk_20: 5.568887e-07
isrc_20: 5.887716e-07
vctrl_20: 0.4359855
vctrlmax_20: 0.4420624
vctrlmin_20: 0.4305588
vref_20: 0.5460297
