ipmos_20: 1.543968e-05
isnk_20: 6.30863e-07
isrc_20: 7.301877e-07
vctrl_20: 0.4365692
vctrlmax_20: 0.4554134
vctrlmin_20: 0.418824
vref_20: 0.5486994
