ipmos_20: 1.527128e-05
isnk_20: 6.834406e-07
isrc_20: 5.279854e-07
vctrl_20: 0.4358034
vctrlmax_20: 0.45181
vctrlmin_20: 0.4202703
vref_20: 0.5435286
