ipmos_20: 1.52014e-05
isnk_20: 6.788186e-07
isrc_20: 5.752297e-07
vctrl_20: 0.4341015
vctrlmax_20: 0.4436492
vctrlmin_20: 0.4250565
vref_20: 0.5443406
