ipmos_20: 1.554816e-05
isnk_20: 6.754132e-07
isrc_20: 6.380485e-07
vctrl_20: 0.4347282
vctrlmax_20: 0.4628692
vctrlmin_20: 0.4074915
vref_20: 0.5477135
