ipmos_20: 1.554423e-05
isnk_20: 5.675574e-07
isrc_20: 6.140832e-07
vctrl_20: 0.4342256
vctrlmax_20: 0.4561742
vctrlmin_20: 0.4124113
vref_20: 0.548653
