ipmos_20: 1.525713e-05
isnk_20: 6.685623e-07
isrc_20: 6.199043e-07
vctrl_20: 0.4378427
vctrlmax_20: 0.4616388
vctrlmin_20: 0.4140008
vref_20: 0.5397111
