ipmos_20: 1.523994e-05
isnk_20: 6.566596e-07
isrc_20: 5.362158e-07
vctrl_20: 0.4326799
vctrlmax_20: 0.4376427
vctrlmin_20: 0.42835
vref_20: 0.5480237
