ipmos_20: 1.549261e-05
isnk_20: 5.439e-07
isrc_20: 5.810629e-07
vctrl_20: 0.4263582
vctrlmax_20: 0.4360947
vctrlmin_20: 0.4174257
vref_20: 0.5526032
