ipmos_20: 1.542826e-05
isnk_20: 7.092204e-07
isrc_20: 6.580484e-07
vctrl_20: 0.4317213
vctrlmax_20: 0.4474452
vctrlmin_20: 0.4166584
vref_20: 0.5493276
