ipmos_20: 1.522588e-05
isnk_20: 5.433562e-07
isrc_20: 7.582103e-07
vctrl_20: 0.4371082
vctrlmax_20: 0.4486602
vctrlmin_20: 0.4264306
vref_20: 0.5448947
