ipmos_20: 1.51678e-05
isnk_20: 6.152381e-07
isrc_20: 6.720334e-07
vctrl_20: 0.4347217
vctrlmax_20: 0.4470698
vctrlmin_20: 0.4226863
vref_20: 0.542496
