ipmos_20: 1.540108e-05
isnk_20: 5.743517e-07
isrc_20: 6.366176e-07
vctrl_20: 0.4298689
vctrlmax_20: 0.4493308
vctrlmin_20: 0.4113148
vref_20: 0.5458402
