ipmos_20: 1.5319e-05
isnk_20: 5.392411e-07
isrc_20: 5.233036e-07
vctrl_20: 0.4396795
vctrlmax_20: 0.4496393
vctrlmin_20: 0.430777
vref_20: 0.547198
