ipmos_20: 1.565785e-05
isnk_20: 6.234343e-07
isrc_20: 6.605626e-07
vctrl_20: 0.4337052
vctrlmax_20: 0.4750581
vctrlmin_20: 0.3944842
vref_20: 0.5454271
