ipmos_20: 1.576319e-05
isnk_20: 6.065043e-07
isrc_20: 4.69574e-07
vctrl_20: 0.4266909
vctrlmax_20: 0.4473304
vctrlmin_20: 0.4081273
vref_20: 0.5556825
