ipmos_20: 1.542203e-05
isnk_20: 6.354895e-07
isrc_20: 6.201864e-07
vctrl_20: 0.4302076
vctrlmax_20: 0.4513022
vctrlmin_20: 0.4099907
vref_20: 0.5452127
