ipmos_20: 1.508796e-05
isnk_20: 5.515951e-07
isrc_20: 5.671616e-07
vctrl_20: 0.4444518
vctrlmax_20: 0.4547813
vctrlmin_20: 0.4346536
vref_20: 0.5379699
