ivdd_-20: -3.081156e-05
ivdd_-40: -2.500047e-05
ivdd_0: -3.611598e-05
ivdd_100: -5.562924e-05
ivdd_125: -6.170077e-05
ivdd_20: -4.051167e-05
ivdd_40: -4.371101e-05
ivdd_60: -4.730839e-05
ivdd_80: -5.1191e-05
vref_-20: 0.5887055
vref_-40: 0.5874344
vref_0: 0.5882431
vref_100: 0.5893122
vref_125: 0.5883831
vref_20: 0.5886426
vref_40: 0.5893201
vref_60: 0.5892079
vref_80: 0.5890602
