ivdd_-20: -2.888712e-05
ivdd_-40: -2.335518e-05
ivdd_0: -3.396404e-05
ivdd_100: -5.466178e-05
ivdd_125: -5.986265e-05
ivdd_20: -3.788632e-05
ivdd_40: -4.16696e-05
ivdd_60: -4.527831e-05
ivdd_80: -4.925506e-05
vref_-20: 0.5958554
vref_-40: 0.594335
vref_0: 0.5965217
vref_100: 0.5963635
vref_125: 0.5949716
vref_20: 0.5973772
vref_40: 0.5968175
vref_60: 0.5968063
vref_80: 0.5971379
