ivdd_-20: -2.996086e-05
ivdd_-40: -2.483206e-05
ivdd_0: -3.4225e-05
ivdd_100: -4.90984e-05
ivdd_125: -5.295606e-05
ivdd_20: -3.750364e-05
ivdd_40: -4.021045e-05
ivdd_60: -4.294004e-05
ivdd_80: -4.566964e-05
vref_-20: 0.5922752
vref_-40: 0.591719
vref_0: 0.5923595
vref_100: 0.5950477
vref_125: 0.5954557
vref_20: 0.5934747
vref_40: 0.5939336
vref_60: 0.5948512
vref_80: 0.5954626
