ivdd_-20: -3.196995e-05
ivdd_-40: -2.613818e-05
ivdd_0: -3.690156e-05
ivdd_100: -5.12375e-05
ivdd_125: -5.543611e-05
ivdd_20: -4.07849e-05
ivdd_40: -4.35375e-05
ivdd_60: -4.641778e-05
ivdd_80: -4.840089e-05
vref_-20: 0.6072264
vref_-40: 0.6067837
vref_0: 0.6074584
vref_100: 0.6079997
vref_125: 0.6065762
vref_20: 0.6075945
vref_40: 0.6078307
vref_60: 0.6085231
vref_80: 0.6084186
