ivdd_-20: -3.181082e-05
ivdd_-40: -2.518096e-05
ivdd_0: -3.753553e-05
ivdd_100: -6.011522e-05
ivdd_125: -6.654077e-05
ivdd_20: -4.259359e-05
ivdd_40: -4.650179e-05
ivdd_60: -5.066062e-05
ivdd_80: -5.525276e-05
vref_-20: 0.5930014
vref_-40: 0.5905109
vref_0: 0.5940793
vref_100: 0.5953104
vref_125: 0.5948702
vref_20: 0.5942388
vref_40: 0.594906
vref_60: 0.5953292
vref_80: 0.5949038
