ivdd_-20: -2.776899e-05
ivdd_-40: -2.363513e-05
ivdd_0: -3.217489e-05
ivdd_100: -5.28155e-05
ivdd_125: -5.852294e-05
ivdd_20: -3.596852e-05
ivdd_40: -3.909549e-05
ivdd_60: -4.358193e-05
ivdd_80: -4.73998e-05
vref_-20: 0.5956896
vref_-40: 0.5952423
vref_0: 0.5969488
vref_100: 0.5967795
vref_125: 0.5962767
vref_20: 0.5958444
vref_40: 0.5968796
vref_60: 0.5963757
vref_80: 0.5956114
