ivdd_-20: -3.1199e-05
ivdd_-40: -2.597689e-05
ivdd_0: -3.532734e-05
ivdd_100: -4.77619e-05
ivdd_125: -5.18413e-05
ivdd_20: -3.842918e-05
ivdd_40: -4.136301e-05
ivdd_60: -4.28643e-05
ivdd_80: -4.590327e-05
vref_-20: 0.6120494
vref_-40: 0.6118486
vref_0: 0.6136376
vref_100: 0.6153062
vref_125: 0.6148209
vref_20: 0.6145998
vref_40: 0.6146747
vref_60: 0.6148831
vref_80: 0.6151982
