ivdd_-20: -3.153384e-05
ivdd_-40: -2.497695e-05
ivdd_0: -3.726435e-05
ivdd_100: -5.815326e-05
ivdd_125: -6.405703e-05
ivdd_20: -4.206418e-05
ivdd_40: -4.590993e-05
ivdd_60: -5.009013e-05
ivdd_80: -5.358951e-05
vref_-20: 0.5895836
vref_-40: 0.5881725
vref_0: 0.5911784
vref_100: 0.5913872
vref_125: 0.5918519
vref_20: 0.5909608
vref_40: 0.5903853
vref_60: 0.5929068
vref_80: 0.5918556
