ivdd_-20: -3.05447e-05
ivdd_-40: -2.491701e-05
ivdd_0: -3.55505e-05
ivdd_100: -5.472654e-05
ivdd_125: -6.017112e-05
ivdd_20: -3.959849e-05
ivdd_40: -4.296623e-05
ivdd_60: -4.681474e-05
ivdd_80: -5.032702e-05
vref_-20: 0.5945225
vref_-40: 0.5938645
vref_0: 0.5964602
vref_100: 0.5963708
vref_125: 0.5948149
vref_20: 0.5981737
vref_40: 0.5965608
vref_60: 0.5962126
vref_80: 0.5956743
