ivdd_-20: -3.217864e-05
ivdd_-40: -2.648852e-05
ivdd_0: -3.711468e-05
ivdd_100: -5.459295e-05
ivdd_125: -5.9133e-05
ivdd_20: -4.097309e-05
ivdd_40: -4.439642e-05
ivdd_60: -4.760791e-05
ivdd_80: -5.069682e-05
vref_-20: 0.6051719
vref_-40: 0.6051882
vref_0: 0.6055751
vref_100: 0.6042205
vref_125: 0.6022001
vref_20: 0.6062442
vref_40: 0.6053015
vref_60: 0.6040992
vref_80: 0.6042046
