ivdd_-20: -3.01944e-05
ivdd_-40: -2.517316e-05
ivdd_0: -3.466631e-05
ivdd_100: -5.101587e-05
ivdd_125: -5.65873e-05
ivdd_20: -3.827533e-05
ivdd_40: -4.163634e-05
ivdd_60: -4.435526e-05
ivdd_80: -4.74664e-05
vref_-20: 0.5959125
vref_-40: 0.5955467
vref_0: 0.5958524
vref_100: 0.5972458
vref_125: 0.5957868
vref_20: 0.5975899
vref_40: 0.5967944
vref_60: 0.596286
vref_80: 0.5961278
