ipmos_-20: 1.489241e-05
ipmos_-40: 1.491059e-05
ipmos_0: 1.479545e-05
ipmos_100: 1.411487e-05
ipmos_125: 1.381862e-05
ipmos_20: 1.469223e-05
ipmos_40: 1.457638e-05
ipmos_60: 1.44293e-05
ipmos_80: 1.431214e-05
isnk_-20: 5.560528e-07
isnk_-40: 5.167695e-07
isnk_0: 5.920245e-07
isnk_100: 7.287877e-07
isnk_125: 7.537603e-07
isnk_20: 6.248689e-07
isnk_40: 6.54783e-07
isnk_60: 6.819536e-07
isnk_80: 7.065602e-07
isrc_-20: 5.246276e-07
isrc_-40: 4.890085e-07
isrc_0: 5.5761e-07
isrc_100: 6.921452e-07
isrc_125: 7.192347e-07
isrc_20: 5.882797e-07
isrc_40: 6.168973e-07
isrc_60: 6.436624e-07
isrc_80: 6.687119e-07
vctrl_-20: 0.3909818
vctrl_-40: 0.3709164
vctrl_0: 0.411814
vctrl_100: 0.5310693
vctrl_125: 0.5639008
vctrl_20: 0.4337449
vctrl_40: 0.456615
vctrl_60: 0.4805235
vctrl_80: 0.5054089
vctrlmax_-20: 0.4413847
vctrlmax_-40: 0.4188351
vctrlmax_0: 0.4645224
vctrlmax_100: 0.5908647
vctrlmax_125: 0.6216208
vctrlmax_20: 0.4881267
vctrlmax_40: 0.5137363
vctrlmax_60: 0.539075
vctrlmax_80: 0.5655554
vctrlmin_-20: 0.3545083
vctrlmin_-40: 0.3518744
vctrlmin_0: 0.3867244
vctrlmin_100: 0.4957104
vctrlmin_125: 0.5306087
vctrlmin_20: 0.4050693
vctrlmin_40: 0.4269235
vctrlmin_60: 0.4419535
vctrlmin_80: 0.4639456
vref_-20: 1.048851
vref_-40: 1.048058
vref_0: 1.049481
vref_100: 1.048245
vref_125: 1.046089
vref_20: 1.050162
vref_40: 1.050501
vref_60: 1.050228
vref_80: 1.049449
