ipmos_-20: 1.475439e-05
ipmos_-40: 1.475792e-05
ipmos_0: 1.4703e-05
ipmos_100: 1.403095e-05
ipmos_125: 1.377778e-05
ipmos_20: 1.463124e-05
ipmos_40: 1.444461e-05
ipmos_60: 1.437603e-05
ipmos_80: 1.423629e-05
isnk_-20: 5.340496e-07
isnk_-40: 4.969016e-07
isnk_0: 5.682167e-07
isnk_100: 6.991842e-07
isnk_125: 7.232887e-07
isnk_20: 5.993824e-07
isnk_40: 6.27823e-07
isnk_60: 6.540095e-07
isnk_80: 6.77446e-07
isrc_-20: 4.121149e-07
isrc_-40: 3.848289e-07
isrc_0: 4.372725e-07
isrc_100: 5.450748e-07
isrc_125: 5.68412e-07
isrc_20: 4.608896e-07
isrc_40: 4.833323e-07
isrc_60: 5.047974e-07
isrc_80: 5.253729e-07
vctrl_-20: 0.3884963
vctrl_-40: 0.3681688
vctrl_0: 0.4095081
vctrl_100: 0.5283595
vctrl_125: 0.5615358
vctrl_20: 0.4313999
vctrl_40: 0.4543091
vctrl_60: 0.4776325
vctrl_80: 0.5023446
vctrlmax_-20: 0.4341228
vctrlmax_-40: 0.4124695
vctrlmax_0: 0.4583613
vctrlmax_100: 0.5787249
vctrlmax_125: 0.613952
vctrlmax_20: 0.4816686
vctrlmax_40: 0.5060672
vctrlmax_60: 0.5309775
vctrlmax_80: 0.5532569
vctrlmin_-20: 0.3645237
vctrlmin_-40: 0.3388097
vctrlmin_0: 0.377992
vctrlmin_100: 0.4915152
vctrlmin_125: 0.5323576
vctrlmin_20: 0.3989378
vctrlmin_40: 0.4208918
vctrlmin_60: 0.4434682
vctrlmin_80: 0.4738331
vref_-20: 1.04829
vref_-40: 1.047698
vref_0: 1.049127
vref_100: 1.049143
vref_125: 1.047457
vref_20: 1.050038
vref_40: 1.050174
vref_60: 1.050214
vref_80: 1.04991
