ipmos_-20: 1.487533e-05
ipmos_-40: 1.497877e-05
ipmos_0: 1.481723e-05
ipmos_100: 1.400072e-05
ipmos_125: 1.374101e-05
ipmos_20: 1.469381e-05
ipmos_40: 1.457036e-05
ipmos_60: 1.442799e-05
ipmos_80: 1.426025e-05
isnk_-20: 6.074169e-07
isnk_-40: 5.590703e-07
isnk_0: 6.529017e-07
isnk_100: 8.261718e-07
isnk_125: 8.561463e-07
isnk_20: 6.946189e-07
isnk_40: 7.328203e-07
isnk_60: 7.675127e-07
isnk_80: 7.984638e-07
isrc_-20: 5.067473e-07
isrc_-40: 4.691941e-07
isrc_0: 5.413896e-07
isrc_100: 6.774793e-07
isrc_125: 7.030766e-07
isrc_20: 5.733326e-07
isrc_40: 6.027687e-07
isrc_60: 6.29856e-07
isrc_80: 6.547231e-07
vctrl_-20: 0.3911943
vctrl_-40: 0.3713082
vctrl_0: 0.4123076
vctrl_100: 0.5313443
vctrl_125: 0.5645062
vctrl_20: 0.4343273
vctrl_40: 0.4573431
vctrl_60: 0.4811929
vctrl_80: 0.5059457
vctrlmax_-20: 0.4402182
vctrlmax_-40: 0.4200254
vctrlmax_0: 0.4651908
vctrlmax_100: 0.5822637
vctrlmax_125: 0.6178234
vctrlmax_20: 0.4869209
vctrlmax_40: 0.5108206
vctrlmax_60: 0.5325445
vctrlmax_80: 0.5572307
vctrlmin_-20: 0.3560737
vctrlmin_-40: 0.3438301
vctrlmin_0: 0.3767273
vctrlmin_100: 0.4943721
vctrlmin_125: 0.5354043
vctrlmin_20: 0.4123861
vctrlmin_40: 0.4262188
vctrlmin_60: 0.4517084
vctrlmin_80: 0.4777827
vref_-20: 1.052172
vref_-40: 1.051868
vref_0: 1.052366
vref_100: 1.052916
vref_125: 1.051555
vref_20: 1.053286
vref_40: 1.053814
vref_60: 1.053725
vref_80: 1.053452
