ipmos_-20: 1.541856e-05
ipmos_-40: 1.540337e-05
ipmos_0: 1.526847e-05
ipmos_100: 1.419777e-05
ipmos_125: 1.392528e-05
ipmos_20: 1.514316e-05
ipmos_40: 1.496818e-05
ipmos_60: 1.47543e-05
ipmos_80: 1.457866e-05
isnk_-20: 5.250909e-07
isnk_-40: 4.872531e-07
isnk_0: 5.597668e-07
isnk_100: 6.936164e-07
isnk_125: 7.165755e-07
isnk_20: 5.914373e-07
isnk_40: 6.203565e-07
isnk_60: 6.467076e-07
isnk_80: 6.706574e-07
isrc_-20: 4.659248e-07
isrc_-40: 4.235287e-07
isrc_0: 5.057042e-07
isrc_100: 6.630791e-07
isrc_125: 6.920276e-07
isrc_20: 5.427272e-07
isrc_40: 5.769431e-07
isrc_60: 6.083666e-07
isrc_80: 6.370532e-07
vctrl_-20: 0.3902484
vctrl_-40: 0.3705969
vctrl_0: 0.4119213
vctrl_100: 0.5371408
vctrl_125: 0.5725181
vctrl_20: 0.4345143
vctrl_40: 0.4582576
vctrl_60: 0.4833538
vctrl_80: 0.5096673
vctrlmax_-20: 0.4683541
vctrlmax_-40: 0.4437482
vctrlmax_0: 0.4958979
vctrlmax_100: 0.636502
vctrlmax_125: 0.6807527
vctrlmax_20: 0.5221488
vctrlmax_40: 0.5496219
vctrlmax_60: 0.5748578
vctrlmax_80: 0.603566
vctrlmin_-20: 0.3263653
vctrlmin_-40: 0.3082641
vctrlmin_0: 0.3460642
vctrlmin_100: 0.4566584
vctrlmin_125: 0.4893548
vctrlmin_20: 0.3632675
vctrlmin_40: 0.3838842
vctrlmin_60: 0.4048342
vctrlmin_80: 0.4274205
vref_-20: 1.032527
vref_-40: 1.034109
vref_0: 1.030269
vref_100: 1.000519
vref_125: 0.9864513
vref_20: 1.027476
vref_40: 1.02344
vref_60: 1.01743
vref_80: 1.00993
