ipmos_-20: 1.506168e-05
ipmos_-40: 1.513041e-05
ipmos_0: 1.498963e-05
ipmos_100: 1.419465e-05
ipmos_125: 1.394644e-05
ipmos_20: 1.486322e-05
ipmos_40: 1.474425e-05
ipmos_60: 1.454782e-05
ipmos_80: 1.439513e-05
isnk_-20: 5.20782e-07
isnk_-40: 4.802807e-07
isnk_0: 5.587582e-07
isnk_100: 7.037593e-07
isnk_125: 7.298067e-07
isnk_20: 5.934593e-07
isnk_40: 6.252243e-07
isnk_60: 6.54149e-07
isnk_80: 6.802409e-07
isrc_-20: 4.744474e-07
isrc_-40: 4.289728e-07
isrc_0: 5.173761e-07
isrc_100: 6.884467e-07
isrc_125: 7.203802e-07
isrc_20: 5.574593e-07
isrc_40: 5.945666e-07
isrc_60: 6.287026e-07
isrc_80: 6.599563e-07
vctrl_-20: 0.3876699
vctrl_-40: 0.3667123
vctrl_0: 0.4080117
vctrl_100: 0.5277332
vctrl_125: 0.5608521
vctrl_20: 0.4302545
vctrl_40: 0.4531837
vctrl_60: 0.4765755
vctrl_80: 0.5019569
vctrlmax_-20: 0.4457385
vctrlmax_-40: 0.4235827
vctrlmax_0: 0.468311
vctrlmax_100: 0.5923599
vctrlmax_125: 0.6331105
vctrlmax_20: 0.4932287
vctrlmax_40: 0.5175294
vctrlmax_60: 0.5434587
vctrlmax_80: 0.5699065
vctrlmin_-20: 0.3581988
vctrlmin_-40: 0.3328041
vctrlmin_0: 0.3723255
vctrlmin_100: 0.4851298
vctrlmin_125: 0.5083748
vctrlmin_20: 0.3858076
vctrlmin_40: 0.4074404
vctrlmin_60: 0.4346594
vctrlmin_80: 0.4531729
vref_-20: 1.050918
vref_-40: 1.050853
vref_0: 1.051395
vref_100: 1.048638
vref_125: 1.045402
vref_20: 1.051992
vref_40: 1.052026
vref_60: 1.051558
vref_80: 1.050295
