ipmos_-20: 1.444284e-05
ipmos_-40: 1.444887e-05
ipmos_0: 1.433913e-05
ipmos_100: 1.370912e-05
ipmos_125: 1.354789e-05
ipmos_20: 1.433593e-05
ipmos_40: 1.421611e-05
ipmos_60: 1.410145e-05
ipmos_80: 1.390424e-05
isnk_-20: 5.562809e-07
isnk_-40: 5.197437e-07
isnk_0: 5.902486e-07
isnk_100: 7.201508e-07
isnk_125: 7.436606e-07
isnk_20: 6.212611e-07
isnk_40: 6.495723e-07
isnk_60: 6.754115e-07
isnk_80: 6.989207e-07
isrc_-20: 5.51291e-07
isrc_-40: 5.133129e-07
isrc_0: 5.862942e-07
isrc_100: 7.229963e-07
isrc_125: 7.483844e-07
isrc_20: 6.185282e-07
isrc_40: 6.481765e-07
isrc_60: 6.753887e-07
isrc_80: 7.002972e-07
vctrl_-20: 0.3882638
vctrl_-40: 0.3678494
vctrl_0: 0.409319
vctrl_100: 0.5289779
vctrl_125: 0.5621178
vctrl_20: 0.4312958
vctrl_40: 0.4543061
vctrl_60: 0.4784807
vctrl_80: 0.5032286
vctrlmax_-20: 0.429957
vctrlmax_-40: 0.4055289
vctrlmax_0: 0.4535376
vctrlmax_100: 0.5824446
vctrlmax_125: 0.6159273
vctrlmax_20: 0.4777278
vctrlmax_40: 0.5020915
vctrlmax_60: 0.5290002
vctrlmax_80: 0.5552969
vctrlmin_-20: 0.3741599
vctrlmin_-40: 0.3490193
vctrlmin_0: 0.3811435
vctrlmin_100: 0.4999694
vctrlmin_125: 0.5341697
vctrlmin_20: 0.4030772
vctrlmin_40: 0.4377506
vctrlmin_60: 0.4525939
vctrlmin_80: 0.4826759
vref_-20: 1.033119
vref_-40: 1.033826
vref_0: 1.033579
vref_100: 1.031794
vref_125: 1.029754
vref_20: 1.033875
vref_40: 1.033794
vref_60: 1.033507
vref_80: 1.033128
