ipmos_-20: 1.516227e-05
ipmos_-40: 1.516223e-05
ipmos_0: 1.502722e-05
ipmos_100: 1.423251e-05
ipmos_125: 1.399505e-05
ipmos_20: 1.495219e-05
ipmos_40: 1.484231e-05
ipmos_60: 1.467126e-05
ipmos_80: 1.443572e-05
isnk_-20: 6.253681e-07
isnk_-40: 5.749798e-07
isnk_0: 6.72157e-07
isnk_100: 8.463407e-07
isnk_125: 8.743807e-07
isnk_20: 7.149033e-07
isnk_40: 7.534905e-07
isnk_60: 7.879931e-07
isnk_80: 8.193204e-07
isrc_-20: 6.969487e-07
isrc_-40: 6.515861e-07
isrc_0: 7.387875e-07
isrc_100: 8.95432e-07
isrc_125: 9.223474e-07
isrc_20: 7.769943e-07
isrc_40: 8.116091e-07
isrc_60: 8.427651e-07
isrc_80: 8.706404e-07
vctrl_-20: 0.3880252
vctrl_-40: 0.3680877
vctrl_0: 0.4091507
vctrl_100: 0.5298197
vctrl_125: 0.5642236
vctrl_20: 0.4309924
vctrl_40: 0.4540121
vctrl_60: 0.478046
vctrl_80: 0.5039762
vctrlmax_-20: 0.4561451
vctrlmax_-40: 0.4328776
vctrlmax_0: 0.4800289
vctrlmax_100: 0.616052
vctrlmax_125: 0.6537542
vctrlmax_20: 0.5056526
vctrlmax_40: 0.5316502
vctrlmax_60: 0.5589111
vctrlmax_80: 0.587191
vctrlmin_-20: 0.3346591
vctrlmin_-40: 0.3166308
vctrlmin_0: 0.3543651
vctrlmin_100: 0.4706476
vctrlmin_125: 0.4909357
vctrlmin_20: 0.3770746
vctrlmin_40: 0.4046079
vctrlmin_60: 0.4163033
vctrlmin_80: 0.438838
vref_-20: 1.044082
vref_-40: 1.043799
vref_0: 1.043984
vref_100: 1.032651
vref_125: 1.02583
vref_20: 1.044135
vref_40: 1.042847
vref_60: 1.04081
vref_80: 1.037152
