ipmos_-20: 1.498942e-05
ipmos_-40: 1.500136e-05
ipmos_0: 1.492007e-05
ipmos_100: 1.412652e-05
ipmos_125: 1.385326e-05
ipmos_20: 1.47423e-05
ipmos_40: 1.461995e-05
ipmos_60: 1.448079e-05
ipmos_80: 1.43215e-05
isnk_-20: 6.15692e-07
isnk_-40: 5.789522e-07
isnk_0: 6.491755e-07
isnk_100: 7.722759e-07
isnk_125: 7.935945e-07
isnk_20: 6.796143e-07
isnk_40: 7.066583e-07
isnk_60: 7.309644e-07
isnk_80: 7.527868e-07
isrc_-20: 3.928887e-07
isrc_-40: 3.536705e-07
isrc_0: 4.297475e-07
isrc_100: 5.780423e-07
isrc_125: 6.062819e-07
isrc_20: 4.641633e-07
isrc_40: 4.961477e-07
isrc_60: 5.257424e-07
isrc_80: 5.530145e-07
vctrl_-20: 0.3907974
vctrl_-40: 0.3707752
vctrl_0: 0.4119962
vctrl_100: 0.530951
vctrl_125: 0.5641957
vctrl_20: 0.4337763
vctrl_40: 0.4567505
vctrl_60: 0.4805701
vctrl_80: 0.5053132
vctrlmax_-20: 0.4419471
vctrlmax_-40: 0.4198198
vctrlmax_0: 0.4647856
vctrlmax_100: 0.5911364
vctrlmax_125: 0.6255269
vctrlmax_20: 0.4883891
vctrlmax_40: 0.5124883
vctrlmax_60: 0.538501
vctrlmax_80: 0.5644214
vctrlmin_-20: 0.357239
vctrlmin_-40: 0.3517191
vctrlmin_0: 0.3756686
vctrlmin_100: 0.5013178
vctrlmin_125: 0.5318801
vctrlmin_20: 0.4042616
vctrlmin_40: 0.4326319
vctrlmin_60: 0.4488722
vctrlmin_80: 0.4744942
vref_-20: 1.053333
vref_-40: 1.053974
vref_0: 1.053519
vref_100: 1.051989
vref_125: 1.050051
vref_20: 1.054088
vref_40: 1.054115
vref_60: 1.053829
vref_80: 1.053134
