ipmos_-20: 1.50099e-05
ipmos_-40: 1.504223e-05
ipmos_0: 1.494539e-05
ipmos_100: 1.427201e-05
ipmos_125: 1.39512e-05
ipmos_20: 1.486256e-05
ipmos_40: 1.480378e-05
ipmos_60: 1.454664e-05
ipmos_80: 1.437458e-05
isnk_-20: 6.181936e-07
isnk_-40: 5.718605e-07
isnk_0: 6.608237e-07
isnk_100: 8.204461e-07
isnk_125: 8.481165e-07
isnk_20: 7.000864e-07
isnk_40: 7.35259e-07
isnk_60: 7.674148e-07
isnk_80: 7.957871e-07
isrc_-20: 5.405205e-07
isrc_-40: 4.906055e-07
isrc_0: 5.875418e-07
isrc_100: 7.690467e-07
isrc_125: 8.005537e-07
isrc_20: 6.311771e-07
isrc_40: 6.711718e-07
isrc_60: 7.074359e-07
isrc_80: 7.40022e-07
vctrl_-20: 0.3899987
vctrl_-40: 0.369775
vctrl_0: 0.4107852
vctrl_100: 0.5290741
vctrl_125: 0.5631726
vctrl_20: 0.4326617
vctrl_40: 0.4547211
vctrl_60: 0.4789978
vctrl_80: 0.5037276
vctrlmax_-20: 0.4466558
vctrlmax_-40: 0.4250067
vctrlmax_0: 0.4714743
vctrlmax_100: 0.5930887
vctrlmax_125: 0.6300041
vctrlmax_20: 0.4947782
vctrlmax_40: 0.5155796
vctrlmax_60: 0.5411745
vctrlmax_80: 0.5665848
vctrlmin_-20: 0.3470089
vctrlmin_-40: 0.3281725
vctrlmin_0: 0.3708605
vctrlmin_100: 0.4800529
vctrlmin_125: 0.5194921
vctrlmin_20: 0.3878036
vctrlmin_40: 0.410105
vctrlmin_60: 0.4367576
vctrlmin_80: 0.4626984
vref_-20: 1.045765
vref_-40: 1.045229
vref_0: 1.046207
vref_100: 1.044348
vref_125: 1.042242
vref_20: 1.046912
vref_40: 1.047079
vref_60: 1.046693
vref_80: 1.046
