ipmos_-20: 1.502838e-05
ipmos_-40: 1.507334e-05
ipmos_0: 1.488891e-05
ipmos_100: 1.416663e-05
ipmos_125: 1.397956e-05
ipmos_20: 1.482485e-05
ipmos_40: 1.469766e-05
ipmos_60: 1.454781e-05
ipmos_80: 1.437217e-05
isnk_-20: 6.220209e-07
isnk_-40: 5.722499e-07
isnk_0: 6.684035e-07
isnk_100: 8.426434e-07
isnk_125: 8.719719e-07
isnk_20: 7.104018e-07
isnk_40: 7.490815e-07
isnk_60: 7.838739e-07
isnk_80: 8.149622e-07
isrc_-20: 5.435833e-07
isrc_-40: 4.978646e-07
isrc_0: 5.861984e-07
isrc_100: 7.515355e-07
isrc_125: 7.817109e-07
isrc_20: 6.255454e-07
isrc_40: 6.616147e-07
isrc_60: 6.94524e-07
isrc_80: 7.244361e-07
vctrl_-20: 0.3911713
vctrl_-40: 0.37086
vctrl_0: 0.4125877
vctrl_100: 0.531827
vctrl_125: 0.5651759
vctrl_20: 0.4348685
vctrl_40: 0.4579743
vctrl_60: 0.4819476
vctrl_80: 0.5068259
vctrlmax_-20: 0.449595
vctrlmax_-40: 0.4267849
vctrlmax_0: 0.4729872
vctrlmax_100: 0.601992
vctrlmax_125: 0.6324009
vctrlmax_20: 0.4980891
vctrlmax_40: 0.5231023
vctrlmax_60: 0.5491132
vctrlmax_80: 0.5756624
vctrlmin_-20: 0.3632461
vctrlmin_-40: 0.3314746
vctrlmin_0: 0.3745471
vctrlmin_100: 0.4906643
vctrlmin_125: 0.5122073
vctrlmin_20: 0.401604
vctrlmin_40: 0.4101178
vctrlmin_60: 0.4344483
vctrlmin_80: 0.4676616
vref_-20: 1.044694
vref_-40: 1.044889
vref_0: 1.045213
vref_100: 1.042778
vref_125: 1.040204
vref_20: 1.045711
vref_40: 1.045324
vref_60: 1.044856
vref_80: 1.043992
