ipmos_-20: 1.507331e-05
ipmos_-40: 1.501779e-05
ipmos_0: 1.489506e-05
ipmos_100: 1.410454e-05
ipmos_125: 1.382989e-05
ipmos_20: 1.479517e-05
ipmos_40: 1.46637e-05
ipmos_60: 1.45023e-05
ipmos_80: 1.441198e-05
isnk_-20: 5.978441e-07
isnk_-40: 5.579874e-07
isnk_0: 6.36007e-07
isnk_100: 7.741301e-07
isnk_125: 7.990623e-07
isnk_20: 6.698878e-07
isnk_40: 7.005855e-07
isnk_60: 7.281697e-07
isnk_80: 7.520842e-07
isrc_-20: 5.69575e-07
isrc_-40: 5.176865e-07
isrc_0: 6.187064e-07
isrc_100: 8.11377e-07
isrc_125: 8.457159e-07
isrc_20: 6.645361e-07
isrc_40: 7.067519e-07
isrc_60: 7.452615e-07
isrc_80: 7.800966e-07
vctrl_-20: 0.3870016
vctrl_-40: 0.3677072
vctrl_0: 0.4082919
vctrl_100: 0.5303938
vctrl_125: 0.5635058
vctrl_20: 0.430478
vctrl_40: 0.4536505
vctrl_60: 0.477796
vctrl_80: 0.5019159
vctrlmax_-20: 0.4526649
vctrlmax_-40: 0.4304391
vctrlmax_0: 0.4795867
vctrlmax_100: 0.6095684
vctrlmax_125: 0.6489574
vctrlmax_20: 0.504342
vctrlmax_40: 0.5296715
vctrlmax_60: 0.5524815
vctrlmax_80: 0.580678
vctrlmin_-20: 0.3356981
vctrlmin_-40: 0.3167442
vctrlmin_0: 0.355137
vctrlmin_100: 0.4750033
vctrlmin_125: 0.503174
vctrlmin_20: 0.3753324
vctrlmin_40: 0.3978357
vctrlmin_60: 0.4187025
vctrlmin_80: 0.4425121
vref_-20: 1.0352
vref_-40: 1.034761
vref_0: 1.034672
vref_100: 1.02342
vref_125: 1.016238
vref_20: 1.034312
vref_40: 1.033053
vref_60: 1.030822
vref_80: 1.027577
