ipmos_-20: 1.46135e-05
ipmos_-40: 1.464861e-05
ipmos_0: 1.456595e-05
ipmos_100: 1.387389e-05
ipmos_125: 1.36154e-05
ipmos_20: 1.453835e-05
ipmos_40: 1.438022e-05
ipmos_60: 1.422654e-05
ipmos_80: 1.406204e-05
isnk_-20: 5.143632e-07
isnk_-40: 4.779629e-07
isnk_0: 5.476526e-07
isnk_100: 6.758463e-07
isnk_125: 6.999924e-07
isnk_20: 5.778859e-07
isnk_40: 6.05798e-07
isnk_60: 6.313421e-07
isnk_80: 6.545785e-07
isrc_-20: 5.827659e-07
isrc_-40: 5.441937e-07
isrc_0: 6.182302e-07
isrc_100: 7.569456e-07
isrc_125: 7.831328e-07
isrc_20: 6.508349e-07
isrc_40: 6.808182e-07
isrc_60: 7.08391e-07
isrc_80: 7.337244e-07
vctrl_-20: 0.3930787
vctrl_-40: 0.3726875
vctrl_0: 0.4141511
vctrl_100: 0.5332813
vctrl_125: 0.5667079
vctrl_20: 0.4362864
vctrl_40: 0.459169
vctrl_60: 0.4828266
vctrl_80: 0.5076116
vctrlmax_-20: 0.4374555
vctrlmax_-40: 0.4152542
vctrlmax_0: 0.4623633
vctrlmax_100: 0.5810657
vctrlmax_125: 0.6152516
vctrlmax_20: 0.4856157
vctrlmax_40: 0.509327
vctrlmax_60: 0.5294891
vctrlmax_80: 0.5554337
vctrlmin_-20: 0.3767925
vctrlmin_-40: 0.3456854
vctrlmin_0: 0.3911168
vctrlmin_100: 0.4996458
vctrlmin_125: 0.5403548
vctrlmin_20: 0.4078132
vctrlmin_40: 0.4389382
vctrlmin_60: 0.4594058
vctrlmin_80: 0.4730908
vref_-20: 1.0461
vref_-40: 1.046456
vref_0: 1.047119
vref_100: 1.048531
vref_125: 1.047495
vref_20: 1.048128
vref_40: 1.04875
vref_60: 1.048992
vref_80: 1.04887
