ipmos_-20: 1.496703e-05
ipmos_-40: 1.50028e-05
ipmos_0: 1.49141e-05
ipmos_100: 1.415964e-05
ipmos_125: 1.389392e-05
ipmos_20: 1.482066e-05
ipmos_40: 1.470018e-05
ipmos_60: 1.454905e-05
ipmos_80: 1.437045e-05
isnk_-20: 5.083074e-07
isnk_-40: 4.686976e-07
isnk_0: 5.444365e-07
isnk_100: 6.864986e-07
isnk_125: 7.126667e-07
isnk_20: 5.781355e-07
isnk_40: 6.090521e-07
isnk_60: 6.373123e-07
isnk_80: 6.630783e-07
isrc_-20: 5.765984e-07
isrc_-40: 5.253984e-07
isrc_0: 6.25137e-07
isrc_100: 8.170862e-07
isrc_125: 8.520725e-07
isrc_20: 6.704815e-07
isrc_40: 7.12357e-07
isrc_60: 7.506931e-07
isrc_80: 7.855555e-07
vctrl_-20: 0.3935088
vctrl_-40: 0.3732898
vctrl_0: 0.4142157
vctrl_100: 0.5334597
vctrl_125: 0.5667864
vctrl_20: 0.4362098
vctrl_40: 0.4591166
vctrl_60: 0.4829952
vctrl_80: 0.5078234
vctrlmax_-20: 0.4459253
vctrlmax_-40: 0.4231933
vctrlmax_0: 0.4688781
vctrlmax_100: 0.5916417
vctrlmax_125: 0.6279378
vctrlmax_20: 0.4945932
vctrlmax_40: 0.5191842
vctrlmax_60: 0.5424737
vctrlmax_80: 0.5665872
vctrlmin_-20: 0.354601
vctrlmin_-40: 0.3354113
vctrlmin_0: 0.3746521
vctrlmin_100: 0.4989137
vctrlmin_125: 0.5297316
vctrlmin_20: 0.3956251
vctrlmin_40: 0.4303279
vctrlmin_60: 0.4466244
vctrlmin_80: 0.4661348
vref_-20: 1.047149
vref_-40: 1.047141
vref_0: 1.047708
vref_100: 1.044808
vref_125: 1.042685
vref_20: 1.047737
vref_40: 1.047637
vref_60: 1.047052
vref_80: 1.045901
