ipmos_-20: 1.470742e-05
ipmos_-40: 1.47698e-05
ipmos_0: 1.464759e-05
ipmos_100: 1.396738e-05
ipmos_125: 1.367297e-05
ipmos_20: 1.45618e-05
ipmos_40: 1.44754e-05
ipmos_60: 1.4337e-05
ipmos_80: 1.415611e-05
isnk_-20: 5.867285e-07
isnk_-40: 5.431508e-07
isnk_0: 6.266713e-07
isnk_100: 7.787891e-07
isnk_125: 8.056792e-07
isnk_20: 6.635076e-07
isnk_40: 6.969974e-07
isnk_60: 7.272645e-07
isnk_80: 7.544704e-07
isrc_-20: 5.705247e-07
isrc_-40: 5.324913e-07
isrc_0: 6.054691e-07
isrc_100: 7.411839e-07
isrc_125: 7.664659e-07
isrc_20: 6.375483e-07
isrc_40: 6.669814e-07
isrc_60: 6.939606e-07
isrc_80: 7.186492e-07
vctrl_-20: 0.3870902
vctrl_-40: 0.3665524
vctrl_0: 0.407646
vctrl_100: 0.5271456
vctrl_125: 0.5602898
vctrl_20: 0.4296711
vctrl_40: 0.4526676
vctrl_60: 0.4765028
vctrl_80: 0.5013292
vctrlmax_-20: 0.4349424
vctrlmax_-40: 0.4135437
vctrlmax_0: 0.4588665
vctrlmax_100: 0.5778327
vctrlmax_125: 0.6155552
vctrlmax_20: 0.4821598
vctrlmax_40: 0.5064384
vctrlmax_60: 0.531349
vctrlmax_80: 0.5521229
vctrlmin_-20: 0.354493
vctrlmin_-40: 0.3344551
vctrlmin_0: 0.3743372
vctrlmin_100: 0.495277
vctrlmin_125: 0.5303998
vctrlmin_20: 0.3965077
vctrlmin_40: 0.4281141
vctrlmin_60: 0.4411285
vctrlmin_80: 0.4650716
vref_-20: 1.045118
vref_-40: 1.044268
vref_0: 1.04658
vref_100: 1.04726
vref_125: 1.045817
vref_20: 1.047265
vref_40: 1.047763
vref_60: 1.048163
vref_80: 1.04806
