ipmos_-20: 1.44672e-05
ipmos_-40: 1.447381e-05
ipmos_0: 1.442011e-05
ipmos_100: 1.366705e-05
ipmos_125: 1.34633e-05
ipmos_20: 1.434189e-05
ipmos_40: 1.4247e-05
ipmos_60: 1.410665e-05
ipmos_80: 1.394351e-05
isnk_-20: 5.972925e-07
isnk_-40: 5.590577e-07
isnk_0: 6.321508e-07
isnk_100: 7.638692e-07
isnk_125: 7.872538e-07
isnk_20: 6.638559e-07
isnk_40: 6.92587e-07
isnk_60: 7.187196e-07
isnk_80: 7.424034e-07
isrc_-20: 5.924016e-07
isrc_-40: 5.609051e-07
isrc_0: 6.209687e-07
isrc_100: 7.336087e-07
isrc_125: 7.553231e-07
isrc_20: 6.471589e-07
isrc_40: 6.713349e-07
isrc_60: 6.937294e-07
isrc_80: 7.144664e-07
vctrl_-20: 0.3905379
vctrl_-40: 0.3703225
vctrl_0: 0.4115018
vctrl_100: 0.5305525
vctrl_125: 0.5636926
vctrl_20: 0.4333982
vctrl_40: 0.4563173
vctrl_60: 0.4801911
vctrl_80: 0.5049548
vctrlmax_-20: 0.4326208
vctrlmax_-40: 0.409881
vctrlmax_0: 0.4554701
vctrlmax_100: 0.5796625
vctrlmax_125: 0.6129799
vctrlmax_20: 0.4788473
vctrlmax_40: 0.5038495
vctrlmax_60: 0.5286557
vctrlmax_80: 0.5539649
vctrlmin_-20: 0.3625008
vctrlmin_-40: 0.3583314
vctrlmin_0: 0.3827794
vctrlmin_100: 0.5112659
vctrlmin_125: 0.5385127
vctrlmin_20: 0.4115195
vctrlmin_40: 0.4262258
vctrlmin_60: 0.4571958
vctrlmin_80: 0.4868156
vref_-20: 1.045666
vref_-40: 1.045368
vref_0: 1.046947
vref_100: 1.047809
vref_125: 1.046911
vref_20: 1.048034
vref_40: 1.048546
vref_60: 1.048608
vref_80: 1.048465
