ipmos_-20: 1.521632e-05
ipmos_-40: 1.522122e-05
ipmos_0: 1.505217e-05
ipmos_100: 1.434907e-05
ipmos_125: 1.403801e-05
ipmos_20: 1.498295e-05
ipmos_40: 1.486443e-05
ipmos_60: 1.471794e-05
ipmos_80: 1.460186e-05
isnk_-20: 4.868165e-07
isnk_-40: 4.53153e-07
isnk_0: 5.176697e-07
isnk_100: 6.359279e-07
isnk_125: 6.590506e-07
isnk_20: 5.454418e-07
isnk_40: 5.709941e-07
isnk_60: 5.94576e-07
isnk_80: 6.155922e-07
isrc_-20: 5.142537e-07
isrc_-40: 4.813374e-07
isrc_0: 5.444838e-07
isrc_100: 6.671507e-07
isrc_125: 6.91751e-07
isrc_20: 5.724868e-07
isrc_40: 5.985842e-07
isrc_60: 6.229846e-07
isrc_80: 6.458178e-07
vctrl_-20: 0.3871916
vctrl_-40: 0.3683631
vctrl_0: 0.4091909
vctrl_100: 0.5294887
vctrl_125: 0.5632681
vctrl_20: 0.4310484
vctrl_40: 0.4539558
vctrl_60: 0.4777942
vctrl_80: 0.5027683
vctrlmax_-20: 0.4532218
vctrlmax_-40: 0.4302063
vctrlmax_0: 0.4767556
vctrlmax_100: 0.6088805
vctrlmax_125: 0.6446206
vctrlmax_20: 0.5023047
vctrlmax_40: 0.5276901
vctrlmax_60: 0.5538702
vctrlmax_80: 0.5809094
vctrlmin_-20: 0.3403058
vctrlmin_-40: 0.3223139
vctrlmin_0: 0.3599577
vctrlmin_100: 0.4696227
vctrlmin_125: 0.501461
vctrlmin_20: 0.3943567
vctrlmin_40: 0.4011741
vctrlmin_60: 0.4296841
vctrlmin_80: 0.4571067
vref_-20: 1.047108
vref_-40: 1.046632
vref_0: 1.047065
vref_100: 1.041935
vref_125: 1.038321
vref_20: 1.047253
vref_40: 1.046555
vref_60: 1.045444
vref_80: 1.043821
