ipmos_-20: 1.53449e-05
ipmos_-40: 1.534726e-05
ipmos_0: 1.526077e-05
ipmos_100: 1.439899e-05
ipmos_125: 1.410924e-05
ipmos_20: 1.519686e-05
ipmos_40: 1.506242e-05
ipmos_60: 1.491415e-05
ipmos_80: 1.470685e-05
isnk_-20: 5.609442e-07
isnk_-40: 5.216294e-07
isnk_0: 5.972331e-07
isnk_100: 7.342901e-07
isnk_125: 7.592478e-07
isnk_20: 6.299465e-07
isnk_40: 6.601383e-07
isnk_60: 6.873772e-07
isnk_80: 7.119032e-07
isrc_-20: 4.274085e-07
isrc_-40: 3.939232e-07
isrc_0: 4.587837e-07
isrc_100: 5.90467e-07
isrc_125: 6.17556e-07
isrc_20: 4.88309e-07
isrc_40: 5.161496e-07
isrc_60: 5.424162e-07
isrc_80: 5.671755e-07
vctrl_-20: 0.3958608
vctrl_-40: 0.3763173
vctrl_0: 0.4171465
vctrl_100: 0.5383532
vctrl_125: 0.5721285
vctrl_20: 0.4378684
vctrl_40: 0.4609697
vctrl_60: 0.4853502
vctrl_80: 0.5107769
vctrlmax_-20: 0.4671904
vctrlmax_-40: 0.4438486
vctrlmax_0: 0.4898293
vctrlmax_100: 0.6219816
vctrlmax_125: 0.6622198
vctrlmax_20: 0.5142401
vctrlmax_40: 0.5376869
vctrlmax_60: 0.5642181
vctrlmax_80: 0.5911847
vctrlmin_-20: 0.339316
vctrlmin_-40: 0.3352311
vctrlmin_0: 0.3664974
vctrlmin_100: 0.4766484
vctrlmin_125: 0.4998254
vctrlmin_20: 0.3795925
vctrlmin_40: 0.4026338
vctrlmin_60: 0.4235399
vctrlmin_80: 0.4514038
vref_-20: 1.041706
vref_-40: 1.042061
vref_0: 1.040988
vref_100: 1.027691
vref_125: 1.019999
vref_20: 1.040601
vref_40: 1.039162
vref_60: 1.036172
vref_80: 1.032524
