ipmos_-20: 1.483809e-05
ipmos_-40: 1.488992e-05
ipmos_0: 1.473383e-05
ipmos_100: 1.40399e-05
ipmos_125: 1.383642e-05
ipmos_20: 1.463605e-05
ipmos_40: 1.460935e-05
ipmos_60: 1.444972e-05
ipmos_80: 1.423499e-05
isnk_-20: 5.707799e-07
isnk_-40: 5.319821e-07
isnk_0: 6.068753e-07
isnk_100: 7.438635e-07
isnk_125: 7.684359e-07
isnk_20: 6.397029e-07
isnk_40: 6.69467e-07
isnk_60: 6.96693e-07
isnk_80: 7.215941e-07
isrc_-20: 4.920481e-07
isrc_-40: 4.440349e-07
isrc_0: 5.37833e-07
isrc_100: 7.229414e-07
isrc_125: 7.573981e-07
isrc_20: 5.80929e-07
isrc_40: 6.210605e-07
isrc_60: 6.58106e-07
isrc_80: 6.920482e-07
vctrl_-20: 0.3925198
vctrl_-40: 0.3723828
vctrl_0: 0.4140486
vctrl_100: 0.5336961
vctrl_125: 0.5671904
vctrl_20: 0.4361785
vctrl_40: 0.4590908
vctrl_60: 0.4831566
vctrl_80: 0.5080169
vctrlmax_-20: 0.438188
vctrlmax_-40: 0.4158666
vctrlmax_0: 0.4618861
vctrlmax_100: 0.5869168
vctrlmax_125: 0.6235659
vctrlmax_20: 0.4859384
vctrlmax_40: 0.5096561
vctrlmax_60: 0.5324095
vctrlmax_80: 0.5578283
vctrlmin_-20: 0.3761081
vctrlmin_-40: 0.342877
vctrlmin_0: 0.3817557
vctrlmin_100: 0.5027405
vctrlmin_125: 0.5373753
vctrlmin_20: 0.4103719
vctrlmin_40: 0.4244264
vctrlmin_60: 0.4603361
vctrlmin_80: 0.4713303
vref_-20: 1.054077
vref_-40: 1.054304
vref_0: 1.052934
vref_100: 1.050188
vref_125: 1.047874
vref_20: 1.052917
vref_40: 1.053003
vref_60: 1.052176
vref_80: 1.051423
