ipmos_-20: 1.512479e-05
ipmos_-40: 1.522698e-05
ipmos_0: 1.507687e-05
ipmos_100: 1.431843e-05
ipmos_125: 1.401316e-05
ipmos_20: 1.496984e-05
ipmos_40: 1.484186e-05
ipmos_60: 1.468783e-05
ipmos_80: 1.449924e-05
isnk_-20: 5.379899e-07
isnk_-40: 5.004561e-07
isnk_0: 5.712898e-07
isnk_100: 7.036659e-07
isnk_125: 7.288109e-07
isnk_20: 6.026619e-07
isnk_40: 6.314353e-07
isnk_60: 6.577786e-07
isnk_80: 6.818088e-07
isrc_-20: 5.453697e-07
isrc_-40: 4.976021e-07
isrc_0: 5.904501e-07
isrc_100: 7.687139e-07
isrc_125: 8.012313e-07
isrc_20: 6.324987e-07
isrc_40: 6.713465e-07
isrc_60: 7.069559e-07
isrc_80: 7.393769e-07
vctrl_-20: 0.3880653
vctrl_-40: 0.3671962
vctrl_0: 0.4096611
vctrl_100: 0.5287956
vctrl_125: 0.5621515
vctrl_20: 0.4309359
vctrl_40: 0.453959
vctrl_60: 0.4778863
vctrl_80: 0.5028529
vctrlmax_-20: 0.4513643
vctrlmax_-40: 0.4274818
vctrlmax_0: 0.4755889
vctrlmax_100: 0.6028662
vctrlmax_125: 0.6385807
vctrlmax_20: 0.5000857
vctrlmax_40: 0.5267156
vctrlmax_60: 0.5529405
vctrlmax_80: 0.5778404
vctrlmin_-20: 0.34384
vctrlmin_-40: 0.3222378
vctrlmin_0: 0.3586172
vctrlmin_100: 0.4720141
vctrlmin_125: 0.5067315
vctrlmin_20: 0.3833923
vctrlmin_40: 0.399591
vctrlmin_60: 0.4223023
vctrlmin_80: 0.4545534
vref_-20: 1.045388
vref_-40: 1.045277
vref_0: 1.045236
vref_100: 1.039236
vref_125: 1.035668
vref_20: 1.045124
vref_40: 1.044349
vref_60: 1.043333
vref_80: 1.041615
