ipmos_-20: 1.49854e-05
ipmos_-40: 1.502981e-05
ipmos_0: 1.492627e-05
ipmos_100: 1.408903e-05
ipmos_125: 1.382686e-05
ipmos_20: 1.480991e-05
ipmos_40: 1.462708e-05
ipmos_60: 1.447958e-05
ipmos_80: 1.430364e-05
isnk_-20: 6.575759e-07
isnk_-40: 6.093423e-07
isnk_0: 7.027542e-07
isnk_100: 8.693477e-07
isnk_125: 8.969713e-07
isnk_20: 7.439601e-07
isnk_40: 7.810954e-07
isnk_60: 8.142405e-07
isnk_80: 8.43573e-07
isrc_-20: 5.407368e-07
isrc_-40: 4.927733e-07
isrc_0: 5.856915e-07
isrc_100: 7.578481e-07
isrc_125: 7.87587e-07
isrc_20: 6.272517e-07
isrc_40: 6.652321e-07
isrc_60: 6.996002e-07
isrc_80: 7.304268e-07
vctrl_-20: 0.3865918
vctrl_-40: 0.3667353
vctrl_0: 0.4076628
vctrl_100: 0.5276748
vctrl_125: 0.560999
vctrl_20: 0.429829
vctrl_40: 0.4531676
vctrl_60: 0.4770732
vctrl_80: 0.5019254
vctrlmax_-20: 0.443845
vctrlmax_-40: 0.4220532
vctrlmax_0: 0.465229
vctrlmax_100: 0.591888
vctrlmax_125: 0.6215661
vctrlmax_20: 0.4913984
vctrlmax_40: 0.5155791
vctrlmax_60: 0.5407658
vctrlmax_80: 0.5668272
vctrlmin_-20: 0.3521831
vctrlmin_-40: 0.325252
vctrlmin_0: 0.3648285
vctrlmin_100: 0.4924031
vctrlmin_125: 0.5233956
vctrlmin_20: 0.3867731
vctrlmin_40: 0.408594
vctrlmin_60: 0.4333105
vctrlmin_80: 0.4553527
vref_-20: 1.049796
vref_-40: 1.049934
vref_0: 1.050272
vref_100: 1.047887
vref_125: 1.045965
vref_20: 1.050724
vref_40: 1.050523
vref_60: 1.050159
vref_80: 1.049212
