ipmos_-20: 1.516939e-05
ipmos_-40: 1.521796e-05
ipmos_0: 1.509411e-05
ipmos_100: 1.431784e-05
ipmos_125: 1.400862e-05
ipmos_20: 1.500976e-05
ipmos_40: 1.485166e-05
ipmos_60: 1.466388e-05
ipmos_80: 1.449129e-05
isnk_-20: 5.020921e-07
isnk_-40: 4.627478e-07
isnk_0: 5.380589e-07
isnk_100: 6.756372e-07
isnk_125: 7.008034e-07
isnk_20: 5.709101e-07
isnk_40: 6.008842e-07
isnk_60: 6.282071e-07
isnk_80: 6.530628e-07
isrc_-20: 5.221735e-07
isrc_-40: 4.849751e-07
isrc_0: 5.564792e-07
isrc_100: 6.938015e-07
isrc_125: 7.207365e-07
isrc_20: 5.881974e-07
isrc_40: 6.175991e-07
isrc_60: 6.448994e-07
isrc_80: 6.702613e-07
vctrl_-20: 0.3956876
vctrl_-40: 0.3763001
vctrl_0: 0.4179425
vctrl_100: 0.5379025
vctrl_125: 0.5721825
vctrl_20: 0.4399219
vctrl_40: 0.4629236
vctrl_60: 0.4868958
vctrl_80: 0.5118955
vctrlmax_-20: 0.462592
vctrlmax_-40: 0.4405854
vctrlmax_0: 0.4878059
vctrlmax_100: 0.615099
vctrlmax_125: 0.6545955
vctrlmax_20: 0.5121575
vctrlmax_40: 0.5378998
vctrlmax_60: 0.5638726
vctrlmax_80: 0.5881315
vctrlmin_-20: 0.3468421
vctrlmin_-40: 0.3284558
vctrlmin_0: 0.3668393
vctrlmin_100: 0.4774357
vctrlmin_125: 0.5159534
vctrlmin_20: 0.3872233
vctrlmin_40: 0.4090698
vctrlmin_60: 0.4305261
vctrlmin_80: 0.4589863
vref_-20: 1.041858
vref_-40: 1.041306
vref_0: 1.041648
vref_100: 1.032152
vref_125: 1.026705
vref_20: 1.041482
vref_40: 1.040269
vref_60: 1.038466
vref_80: 1.035722
