ipmos_-20: 1.46927e-05
ipmos_-40: 1.471275e-05
ipmos_0: 1.458005e-05
ipmos_100: 1.388788e-05
ipmos_125: 1.370309e-05
ipmos_20: 1.449499e-05
ipmos_40: 1.437738e-05
ipmos_60: 1.423913e-05
ipmos_80: 1.407824e-05
isnk_-20: 5.62777e-07
isnk_-40: 5.229998e-07
isnk_0: 5.993407e-07
isnk_100: 7.38699e-07
isnk_125: 7.637912e-07
isnk_20: 6.327877e-07
isnk_40: 6.633109e-07
isnk_60: 6.910772e-07
isnk_80: 7.16239e-07
isrc_-20: 5.490812e-07
isrc_-40: 5.004842e-07
isrc_0: 5.949463e-07
isrc_100: 7.758793e-07
isrc_125: 8.089072e-07
isrc_20: 6.376937e-07
isrc_40: 6.771381e-07
isrc_60: 7.132576e-07
isrc_80: 7.461311e-07
vctrl_-20: 0.3930872
vctrl_-40: 0.3729473
vctrl_0: 0.4143612
vctrl_100: 0.5333843
vctrl_125: 0.5666394
vctrl_20: 0.4363219
vctrl_40: 0.459285
vctrl_60: 0.4830796
vctrl_80: 0.5077407
vctrlmax_-20: 0.4399439
vctrlmax_-40: 0.4174129
vctrlmax_0: 0.4627791
vctrlmax_100: 0.5878234
vctrlmax_125: 0.6225499
vctrlmax_20: 0.4863854
vctrlmax_40: 0.5107982
vctrlmax_60: 0.5355062
vctrlmax_80: 0.5617874
vctrlmin_-20: 0.361381
vctrlmin_-40: 0.3572897
vctrlmin_0: 0.3873544
vctrlmin_100: 0.5012756
vctrlmin_125: 0.5312687
vctrlmin_20: 0.4164864
vctrlmin_40: 0.4245746
vctrlmin_60: 0.4482158
vctrlmin_80: 0.4801943
vref_-20: 1.046852
vref_-40: 1.046295
vref_0: 1.04761
vref_100: 1.047741
vref_125: 1.0461
vref_20: 1.048387
vref_40: 1.048482
vref_60: 1.048708
vref_80: 1.048686
