ipmos_-20: 1.462022e-05
ipmos_-40: 1.47465e-05
ipmos_0: 1.456861e-05
ipmos_100: 1.389366e-05
ipmos_125: 1.36187e-05
ipmos_20: 1.449428e-05
ipmos_40: 1.439886e-05
ipmos_60: 1.422663e-05
ipmos_80: 1.407587e-05
isnk_-20: 5.839183e-07
isnk_-40: 5.413588e-07
isnk_0: 6.228055e-07
isnk_100: 7.694525e-07
isnk_125: 7.953784e-07
isnk_20: 6.58336e-07
isnk_40: 6.903749e-07
isnk_60: 7.195851e-07
isnk_80: 7.458724e-07
isrc_-20: 6.632254e-07
isrc_-40: 6.288204e-07
isrc_0: 6.945388e-07
isrc_100: 8.143297e-07
isrc_125: 8.360513e-07
isrc_20: 7.231125e-07
isrc_40: 7.492175e-07
isrc_60: 7.730378e-07
isrc_80: 7.947103e-07
vctrl_-20: 0.3887708
vctrl_-40: 0.3683347
vctrl_0: 0.4098326
vctrl_100: 0.5287408
vctrl_125: 0.561953
vctrl_20: 0.4316887
vctrl_40: 0.4546615
vctrl_60: 0.4784214
vctrl_80: 0.5031981
vctrlmax_-20: 0.4384403
vctrlmax_-40: 0.4165331
vctrlmax_0: 0.4610035
vctrlmax_100: 0.5848995
vctrlmax_125: 0.6183735
vctrlmax_20: 0.4836414
vctrlmax_40: 0.5080391
vctrlmax_60: 0.5329376
vctrlmax_80: 0.5584107
vctrlmin_-20: 0.3642711
vctrlmin_-40: 0.3359449
vctrlmin_0: 0.3761797
vctrlmin_100: 0.5003326
vctrlmin_125: 0.5282807
vctrlmin_20: 0.3976642
vctrlmin_40: 0.4198487
vctrlmin_60: 0.4555743
vctrlmin_80: 0.4739623
vref_-20: 1.040621
vref_-40: 1.039902
vref_0: 1.041283
vref_100: 1.042618
vref_125: 1.041252
vref_20: 1.042425
vref_40: 1.043114
vref_60: 1.043277
vref_80: 1.042828
