ipmos_-20: 1.486396e-05
ipmos_-40: 1.487304e-05
ipmos_0: 1.479487e-05
ipmos_100: 1.408374e-05
ipmos_125: 1.38697e-05
ipmos_20: 1.471272e-05
ipmos_40: 1.460694e-05
ipmos_60: 1.446389e-05
ipmos_80: 1.428111e-05
isnk_-20: 5.920767e-07
isnk_-40: 5.518819e-07
isnk_0: 6.288717e-07
isnk_100: 7.667713e-07
isnk_125: 7.914797e-07
isnk_20: 6.623396e-07
isnk_40: 6.926523e-07
isnk_60: 7.200359e-07
isnk_80: 7.446777e-07
isrc_-20: 5.17937e-07
isrc_-40: 4.744207e-07
isrc_0: 5.58546e-07
isrc_100: 7.170457e-07
isrc_125: 7.459503e-07
isrc_20: 5.9613e-07
isrc_40: 6.306829e-07
isrc_60: 6.622747e-07
isrc_80: 6.910187e-07
vctrl_-20: 0.3934579
vctrl_-40: 0.3732188
vctrl_0: 0.4145287
vctrl_100: 0.533793
vctrl_125: 0.566639
vctrl_20: 0.4365255
vctrl_40: 0.459477
vctrl_60: 0.4833311
vctrl_80: 0.5080778
vctrlmax_-20: 0.4461597
vctrlmax_-40: 0.4233369
vctrlmax_0: 0.4717791
vctrlmax_100: 0.5941692
vctrlmax_125: 0.6306136
vctrlmax_20: 0.4956945
vctrlmax_40: 0.5200322
vctrlmax_60: 0.5439996
vctrlmax_80: 0.5677546
vctrlmin_-20: 0.3615754
vctrlmin_-40: 0.3358725
vctrlmin_0: 0.374794
vctrlmin_100: 0.497229
vctrlmin_125: 0.5271584
vctrlmin_20: 0.4089083
vctrlmin_40: 0.4297381
vctrlmin_60: 0.4399467
vctrlmin_80: 0.4685305
vref_-20: 1.044884
vref_-40: 1.044529
vref_0: 1.045794
vref_100: 1.045041
vref_125: 1.043305
vref_20: 1.046426
vref_40: 1.046664
vref_60: 1.046652
vref_80: 1.046254
