ipmos_-20: 1.502354e-05
ipmos_-40: 1.504707e-05
ipmos_0: 1.494567e-05
ipmos_100: 1.418508e-05
ipmos_125: 1.396085e-05
ipmos_20: 1.480569e-05
ipmos_40: 1.467833e-05
ipmos_60: 1.457011e-05
ipmos_80: 1.440143e-05
isnk_-20: 5.511684e-07
isnk_-40: 5.140682e-07
isnk_0: 5.849034e-07
isnk_100: 7.126286e-07
isnk_125: 7.358714e-07
isnk_20: 6.152149e-07
isnk_40: 6.431134e-07
isnk_60: 6.688023e-07
isnk_80: 6.918081e-07
isrc_-20: 5.048038e-07
isrc_-40: 4.685652e-07
isrc_0: 5.383312e-07
isrc_100: 6.747423e-07
isrc_125: 7.023596e-07
isrc_20: 5.694545e-07
isrc_40: 5.984537e-07
isrc_60: 6.255606e-07
isrc_80: 6.509471e-07
vctrl_-20: 0.3927418
vctrl_-40: 0.3723995
vctrl_0: 0.4132265
vctrl_100: 0.5345693
vctrl_125: 0.5673776
vctrl_20: 0.4357383
vctrl_40: 0.4588599
vctrl_60: 0.4825069
vctrl_80: 0.508551
vctrlmax_-20: 0.4486532
vctrlmax_-40: 0.4249689
vctrlmax_0: 0.4727456
vctrlmax_100: 0.6062219
vctrlmax_125: 0.6426311
vctrlmax_20: 0.4975016
vctrlmax_40: 0.5242484
vctrlmax_60: 0.5506383
vctrlmax_80: 0.5780995
vctrlmin_-20: 0.3645171
vctrlmin_-40: 0.3313199
vctrlmin_0: 0.369823
vctrlmin_100: 0.4924703
vctrlmin_125: 0.5221927
vctrlmin_20: 0.3904713
vctrlmin_40: 0.4121973
vctrlmin_60: 0.447631
vctrlmin_80: 0.4587352
vref_-20: 1.04952
vref_-40: 1.049853
vref_0: 1.049876
vref_100: 1.044156
vref_125: 1.040302
vref_20: 1.04982
vref_40: 1.049335
vref_60: 1.04808
vref_80: 1.046467
