ipmos_-20: 1.472045e-05
ipmos_-40: 1.473977e-05
ipmos_0: 1.46788e-05
ipmos_100: 1.400197e-05
ipmos_125: 1.374946e-05
ipmos_20: 1.459734e-05
ipmos_40: 1.44885e-05
ipmos_60: 1.435176e-05
ipmos_80: 1.419085e-05
isnk_-20: 5.264514e-07
isnk_-40: 4.981122e-07
isnk_0: 5.523323e-07
isnk_100: 6.555242e-07
isnk_125: 6.757095e-07
isnk_20: 5.761056e-07
isnk_40: 5.981908e-07
isnk_60: 6.188099e-07
isnk_80: 6.378749e-07
isrc_-20: 6.446113e-07
isrc_-40: 6.074168e-07
isrc_0: 6.786817e-07
isrc_100: 8.09573e-07
isrc_125: 8.334529e-07
isrc_20: 7.098648e-07
isrc_40: 7.383757e-07
isrc_60: 7.644015e-07
isrc_80: 7.880926e-07
vctrl_-20: 0.3943741
vctrl_-40: 0.374152
vctrl_0: 0.4152677
vctrl_100: 0.5341556
vctrl_125: 0.5673825
vctrl_20: 0.4372102
vctrl_40: 0.4600724
vctrl_60: 0.4838682
vctrl_80: 0.5085412
vctrlmax_-20: 0.4447165
vctrlmax_-40: 0.4224124
vctrlmax_0: 0.4666477
vctrlmax_100: 0.5892359
vctrlmax_125: 0.6237512
vctrlmax_20: 0.4926998
vctrlmax_40: 0.5168791
vctrlmax_60: 0.5407465
vctrlmax_80: 0.5631606
vctrlmin_-20: 0.3585268
vctrlmin_-40: 0.3546153
vctrlmin_0: 0.3794895
vctrlmin_100: 0.5049471
vctrlmin_125: 0.5308027
vctrlmin_20: 0.4145838
vctrlmin_40: 0.435711
vctrlmin_60: 0.4501683
vctrlmin_80: 0.4807318
vref_-20: 1.042898
vref_-40: 1.042528
vref_0: 1.044562
vref_100: 1.044949
vref_125: 1.043283
vref_20: 1.04544
vref_40: 1.046057
vref_60: 1.046005
vref_80: 1.045814
