ipmos_-20: 1.499375e-05
ipmos_-40: 1.503074e-05
ipmos_0: 1.492986e-05
ipmos_100: 1.420665e-05
ipmos_125: 1.389878e-05
ipmos_20: 1.485042e-05
ipmos_40: 1.472868e-05
ipmos_60: 1.457604e-05
ipmos_80: 1.440276e-05
isnk_-20: 5.70504e-07
isnk_-40: 5.265323e-07
isnk_0: 6.111728e-07
isnk_100: 7.647931e-07
isnk_125: 7.921457e-07
isnk_20: 6.48402e-07
isnk_40: 6.82262e-07
isnk_60: 7.128758e-07
isnk_80: 7.403651e-07
isrc_-20: 5.520693e-07
isrc_-40: 5.089755e-07
isrc_0: 5.922716e-07
isrc_100: 7.509278e-07
isrc_125: 7.806296e-07
isrc_20: 6.295358e-07
isrc_40: 6.63914e-07
isrc_60: 6.955152e-07
isrc_80: 7.244754e-07
vctrl_-20: 0.3879174
vctrl_-40: 0.3680141
vctrl_0: 0.4090366
vctrl_100: 0.5284606
vctrl_125: 0.5621735
vctrl_20: 0.4310255
vctrl_40: 0.4539504
vctrl_60: 0.477853
vctrl_80: 0.5026619
vctrlmax_-20: 0.4400349
vctrlmax_-40: 0.4178078
vctrlmax_0: 0.4627165
vctrlmax_100: 0.5874625
vctrlmax_125: 0.6231015
vctrlmax_20: 0.4881121
vctrlmax_40: 0.5123591
vctrlmax_60: 0.5342698
vctrlmax_80: 0.5609468
vctrlmin_-20: 0.3504761
vctrlmin_-40: 0.3381873
vctrlmin_0: 0.3713789
vctrlmin_100: 0.4942295
vctrlmin_125: 0.5209036
vctrlmin_20: 0.3913625
vctrlmin_40: 0.4129319
vctrlmin_60: 0.4357191
vctrlmin_80: 0.4707441
vref_-20: 1.057008
vref_-40: 1.057106
vref_0: 1.056758
vref_100: 1.052931
vref_125: 1.050265
vref_20: 1.056758
vref_40: 1.056519
vref_60: 1.055688
vref_80: 1.054587
