ipmos_-20: 1.487519e-05
ipmos_-40: 1.496348e-05
ipmos_0: 1.483465e-05
ipmos_100: 1.413392e-05
ipmos_125: 1.387535e-05
ipmos_20: 1.475265e-05
ipmos_40: 1.464334e-05
ipmos_60: 1.45004e-05
ipmos_80: 1.435382e-05
isnk_-20: 5.637197e-07
isnk_-40: 5.218148e-07
isnk_0: 6.019394e-07
isnk_100: 7.467624e-07
isnk_125: 7.724074e-07
isnk_20: 6.367915e-07
isnk_40: 6.683991e-07
isnk_60: 6.971251e-07
isnk_80: 7.230124e-07
isrc_-20: 5.755625e-07
isrc_-40: 5.403198e-07
isrc_0: 6.080578e-07
isrc_100: 7.389066e-07
isrc_125: 7.648441e-07
isrc_20: 6.381451e-07
isrc_40: 6.660915e-07
isrc_60: 6.92108e-07
isrc_80: 7.163428e-07
vctrl_-20: 0.388322
vctrl_-40: 0.3682881
vctrl_0: 0.4093829
vctrl_100: 0.5294651
vctrl_125: 0.5627425
vctrl_20: 0.4313115
vctrl_40: 0.4541401
vctrl_60: 0.4779719
vctrl_80: 0.5033649
vctrlmax_-20: 0.4416927
vctrlmax_-40: 0.420134
vctrlmax_0: 0.4666731
vctrlmax_100: 0.5903248
vctrlmax_125: 0.6287299
vctrlmax_20: 0.4904665
vctrlmax_40: 0.5116647
vctrlmax_60: 0.537537
vctrlmax_80: 0.5634567
vctrlmin_-20: 0.3492147
vctrlmin_-40: 0.3373199
vctrlmin_0: 0.3745867
vctrlmin_100: 0.4852867
vctrlmin_125: 0.5131016
vctrlmin_20: 0.4032335
vctrlmin_40: 0.4110917
vctrlmin_60: 0.4330517
vctrlmin_80: 0.4592639
vref_-20: 1.039327
vref_-40: 1.039117
vref_0: 1.039572
vref_100: 1.037762
vref_125: 1.035271
vref_20: 1.04006
vref_40: 1.040457
vref_60: 1.040193
vref_80: 1.039063
