ipmos_-20: 1.495941e-05
ipmos_-40: 1.498982e-05
ipmos_0: 1.483545e-05
ipmos_100: 1.400617e-05
ipmos_125: 1.381124e-05
ipmos_20: 1.476276e-05
ipmos_40: 1.464935e-05
ipmos_60: 1.44724e-05
ipmos_80: 1.425827e-05
isnk_-20: 5.652368e-07
isnk_-40: 5.21104e-07
isnk_0: 6.0621e-07
isnk_100: 7.625512e-07
isnk_125: 7.902614e-07
isnk_20: 6.435105e-07
isnk_40: 6.77879e-07
isnk_60: 7.09072e-07
isnk_80: 7.372279e-07
isrc_-20: 4.445053e-07
isrc_-40: 4.035739e-07
isrc_0: 4.83068e-07
isrc_100: 6.403327e-07
isrc_125: 6.710769e-07
isrc_20: 5.192011e-07
isrc_40: 5.529198e-07
isrc_60: 5.842887e-07
isrc_80: 6.133959e-07
vctrl_-20: 0.3810912
vctrl_-40: 0.360878
vctrl_0: 0.4020707
vctrl_100: 0.5208801
vctrl_125: 0.5540357
vctrl_20: 0.4242771
vctrl_40: 0.4471209
vctrl_60: 0.4704408
vctrl_80: 0.4953336
vctrlmax_-20: 0.4298727
vctrlmax_-40: 0.4084927
vctrlmax_0: 0.4545487
vctrlmax_100: 0.5721633
vctrlmax_125: 0.6053704
vctrlmax_20: 0.4771742
vctrlmax_40: 0.5002495
vctrlmax_60: 0.5251348
vctrlmax_80: 0.5471727
vctrlmin_-20: 0.3604825
vctrlmin_-40: 0.3416927
vctrlmin_0: 0.3721605
vctrlmin_100: 0.4935014
vctrlmin_125: 0.5250393
vctrlmin_20: 0.3876764
vctrlmin_40: 0.4133465
vctrlmin_60: 0.4326696
vctrlmin_80: 0.4646557
vref_-20: 1.051892
vref_-40: 1.052155
vref_0: 1.052376
vref_100: 1.052865
vref_125: 1.051896
vref_20: 1.053
vref_40: 1.053362
vref_60: 1.053436
vref_80: 1.053206
