ipmos_-20: 1.455931e-05
ipmos_-40: 1.45687e-05
ipmos_0: 1.44987e-05
ipmos_100: 1.370562e-05
ipmos_125: 1.342797e-05
ipmos_20: 1.435306e-05
ipmos_40: 1.422861e-05
ipmos_60: 1.407676e-05
ipmos_80: 1.394602e-05
isnk_-20: 5.165788e-07
isnk_-40: 4.752488e-07
isnk_0: 5.549058e-07
isnk_100: 7.041539e-07
isnk_125: 7.316514e-07
isnk_20: 5.902592e-07
isnk_40: 6.227236e-07
isnk_60: 6.524252e-07
isnk_80: 6.793814e-07
isrc_-20: 6.088591e-07
isrc_-40: 5.743601e-07
isrc_0: 6.405417e-07
isrc_100: 7.67679e-07
isrc_125: 7.92811e-07
isrc_20: 6.698071e-07
isrc_40: 6.969669e-07
isrc_60: 7.222399e-07
isrc_80: 7.457782e-07
vctrl_-20: 0.3958232
vctrl_-40: 0.3757167
vctrl_0: 0.4168716
vctrl_100: 0.5361529
vctrl_125: 0.5695871
vctrl_20: 0.43899
vctrl_40: 0.461891
vctrl_60: 0.4857588
vctrl_80: 0.5105938
vctrlmax_-20: 0.4424483
vctrlmax_-40: 0.4207806
vctrlmax_0: 0.4646004
vctrlmax_100: 0.5858927
vctrlmax_125: 0.6136259
vctrlmax_20: 0.4887575
vctrlmax_40: 0.5125105
vctrlmax_60: 0.5372071
vctrlmax_80: 0.5621813
vctrlmin_-20: 0.3639725
vctrlmin_-40: 0.3448007
vctrlmin_0: 0.3844464
vctrlmin_100: 0.5038453
vctrlmin_125: 0.5470978
vctrlmin_20: 0.4126166
vctrlmin_40: 0.4351994
vctrlmin_60: 0.4588697
vctrlmin_80: 0.4782727
vref_-20: 1.037292
vref_-40: 1.036033
vref_0: 1.038437
vref_100: 1.039415
vref_125: 1.037831
vref_20: 1.039401
vref_40: 1.039987
vref_60: 1.040163
vref_80: 1.04024
