ivdd_-20: -8.614419e-05
ivdd_-40: -8.358466e-05
ivdd_0: -9.00746e-05
ivdd_100: -9.791969e-05
ivdd_125: -9.959493e-05
ivdd_20: -9.224577e-05
ivdd_40: -9.401923e-05
ivdd_60: -9.567573e-05
ivdd_80: -9.881527e-05
vref_-20: 0.6094698
vref_-40: 0.6286265
vref_0: 0.5816958
vref_100: 0.6238844
vref_125: 0.6241757
vref_20: 0.6190245
vref_40: 0.6113995
vref_60: 0.6033351
vref_80: 0.582179
