ivdd_-20: -8.547301e-05
ivdd_-40: -7.969131e-05
ivdd_0: -9.110886e-05
ivdd_100: -0.0001056748
ivdd_125: -0.0001120788
ivdd_20: -9.380992e-05
ivdd_40: -9.71058e-05
ivdd_60: -0.0001034912
ivdd_80: -0.000105018
vref_-20: 0.5828679
vref_-40: 0.5857463
vref_0: 0.6086974
vref_100: 0.5950757
vref_125: 0.6012407
vref_20: 0.5961327
vref_40: 0.5836559
vref_60: 0.6168815
vref_80: 0.6061727
