ivdd_-20: -9.07207e-05
ivdd_-40: -8.387385e-05
ivdd_0: -9.672379e-05
ivdd_100: -0.000116178
ivdd_125: -0.0001208184
ivdd_20: -0.0001015533
ivdd_40: -0.0001057546
ivdd_60: -0.0001089756
ivdd_80: -0.0001135941
vref_-20: 0.6080006
vref_-40: 0.60858
vref_0: 0.6094718
vref_100: 0.6110963
vref_125: 0.6109666
vref_20: 0.6101378
vref_40: 0.6109256
vref_60: 0.6111721
vref_80: 0.6110094
