ivdd_-20: -8.806404e-05
ivdd_-40: -8.411508e-05
ivdd_0: -9.255745e-05
ivdd_100: -0.0001124801
ivdd_125: -0.0001196365
ivdd_20: -9.701068e-05
ivdd_40: -0.0001000977
ivdd_60: -0.0001037227
ivdd_80: -0.0001074812
vref_-20: 0.6157428
vref_-40: 0.6209862
vref_0: 0.6082299
vref_100: 0.6249192
vref_125: 0.6162565
vref_20: 0.6097537
vref_40: 0.6185047
vref_60: 0.6122845
vref_80: 0.613931
