ivdd_-20: -8.792436e-05
ivdd_-40: -8.258692e-05
ivdd_0: -9.215014e-05
ivdd_100: -0.0001086047
ivdd_125: -0.0001148362
ivdd_20: -9.571185e-05
ivdd_40: -9.829034e-05
ivdd_60: -0.0001012442
ivdd_80: -0.000106894
vref_-20: 0.6014735
vref_-40: 0.6047429
vref_0: 0.6021266
vref_100: 0.611154
vref_125: 0.6182216
vref_20: 0.6076165
vref_40: 0.6045055
vref_60: 0.6058291
vref_80: 0.6214203
