ivdd_-20: -8.527871e-05
ivdd_-40: -7.9139e-05
ivdd_0: -8.907504e-05
ivdd_100: -0.0001029749
ivdd_125: -0.0001077419
ivdd_20: -9.157223e-05
ivdd_40: -9.618868e-05
ivdd_60: -9.756964e-05
ivdd_80: -0.0001009425
vref_-20: 0.61881
vref_-40: 0.5919927
vref_0: 0.5952159
vref_100: 0.6037949
vref_125: 0.6059339
vref_20: 0.5970382
vref_40: 0.6215946
vref_60: 0.6130759
vref_80: 0.6149734
