ivdd_-20: -8.847201e-05
ivdd_-40: -8.357361e-05
ivdd_0: -9.370943e-05
ivdd_100: -0.0001079642
ivdd_125: -0.0001129259
ivdd_20: -9.815917e-05
ivdd_40: -9.964743e-05
ivdd_60: -0.0001025093
ivdd_80: -0.0001055823
vref_-20: 0.6005079
vref_-40: 0.6043739
vref_0: 0.600609
vref_100: 0.6021042
vref_125: 0.6016794
vref_20: 0.6015426
vref_40: 0.6015909
vref_60: 0.6018893
vref_80: 0.6038323
