ivdd_-20: -8.767064e-05
ivdd_-40: -8.197492e-05
ivdd_0: -9.174753e-05
ivdd_100: -0.000108528
ivdd_125: -0.0001111799
ivdd_20: -9.548506e-05
ivdd_40: -0.0001023218
ivdd_60: -0.0001025757
ivdd_80: -0.0001027243
vref_-20: 0.6004284
vref_-40: 0.6025858
vref_0: 0.6096887
vref_100: 0.5997637
vref_125: 0.5995888
vref_20: 0.600659
vref_40: 0.6284777
vref_60: 0.6172465
vref_80: 0.6049863
