ivdd_-20: -9.14458e-05
ivdd_-40: -8.48969e-05
ivdd_0: -9.617962e-05
ivdd_100: -0.0001101857
ivdd_125: -0.0001144747
ivdd_20: -9.976761e-05
ivdd_40: -0.0001026601
ivdd_60: -0.0001037361
ivdd_80: -0.0001065774
vref_-20: 0.6017518
vref_-40: 0.6030251
vref_0: 0.6012074
vref_100: 0.5992114
vref_125: 0.5980082
vref_20: 0.6007936
vref_40: 0.600415
vref_60: 0.6013949
vref_80: 0.5998264
