ivdd_-20: -8.898681e-05
ivdd_-40: -8.288878e-05
ivdd_0: -9.397068e-05
ivdd_100: -0.000108353
ivdd_125: -0.0001107494
ivdd_20: -9.798391e-05
ivdd_40: -0.0001014749
ivdd_60: -0.0001034335
ivdd_80: -0.0001051398
vref_-20: 0.6177905
vref_-40: 0.6176957
vref_0: 0.6178103
vref_100: 0.6097
vref_125: 0.6070327
vref_20: 0.6172181
vref_40: 0.6157961
vref_60: 0.6148379
vref_80: 0.6120871
