ivdd_-20: -9.279051e-05
ivdd_-40: -8.237746e-05
ivdd_0: -9.655746e-05
ivdd_100: -0.0001087587
ivdd_125: -0.0001114899
ivdd_20: -9.536019e-05
ivdd_40: -0.00010497
ivdd_60: -0.0001061756
ivdd_80: -0.0001081222
vref_-20: 0.6253759
vref_-40: 0.5981831
vref_0: 0.6137169
vref_100: 0.6411758
vref_125: 0.6374638
vref_20: 0.5894469
vref_40: 0.6232372
vref_60: 0.6248937
vref_80: 0.6032066
