ivdd_-20: -8.456862e-05
ivdd_-40: -8.129163e-05
ivdd_0: -8.831771e-05
ivdd_100: -0.0001066097
ivdd_125: -0.0001112916
ivdd_20: -9.40923e-05
ivdd_40: -9.431921e-05
ivdd_60: -9.656071e-05
ivdd_80: -0.0001044787
vref_-20: 0.5940077
vref_-40: 0.613332
vref_0: 0.5854149
vref_100: 0.6118146
vref_125: 0.6136434
vref_20: 0.6138211
vref_40: 0.5936061
vref_60: 0.5893078
vref_80: 0.6194679
