ivdd_-20: -8.873514e-05
ivdd_-40: -8.431974e-05
ivdd_0: -9.000154e-05
ivdd_100: -0.0001074186
ivdd_125: -0.0001091124
ivdd_20: -9.77315e-05
ivdd_40: -0.000100541
ivdd_60: -9.963058e-05
ivdd_80: -0.0001053184
vref_-20: 0.5884744
vref_-40: 0.5941784
vref_0: 0.5597107
vref_100: 0.6036975
vref_125: 0.6106887
vref_20: 0.5938987
vref_40: 0.5927626
vref_60: 0.5734462
vref_80: 0.6112389
