ipc_normop_-40: -0.0001158016
ipc_normop_125: -0.0001575882
ipc_normop_20: -0.0001294516
pwrup_fall_-40: 0.0001603015
pwrup_fall_125: 0.0001609015
pwrup_fall_20: 0.0001603015
pwrup_rise_-40: 8.620152e-05
pwrup_rise_125: 8.785152e-05
pwrup_rise_20: 8.610152e-05
