ipc_normop_-40: -9.253534e-05
ipc_normop_125: -0.0001300106
ipc_normop_20: -9.972242e-05
pwrup_fall_-40: 0.0001655516
pwrup_fall_125: 0.0001650015
pwrup_fall_20: 0.0001648015
pwrup_rise_-40: 9.140152e-05
pwrup_rise_125: 9.185152e-05
pwrup_rise_20: 9.060152e-05
