ipc_normop_-40: -9.514038e-05
ipc_normop_125: -0.0001217624
ipc_normop_20: -0.000103568
pwrup_fall_-40: 0.0001588515
pwrup_fall_125: 0.0001599015
pwrup_fall_20: 0.0001593515
pwrup_rise_-40: 8.475152e-05
pwrup_rise_125: 8.580152e-05
pwrup_rise_20: 8.520152e-05
