ipc_normop_-40: -8.051081e-05
ipc_normop_125: -9.539591e-05
ipc_normop_20: -8.578609e-05
pwrup_fall_-40: 0.0001634015
pwrup_fall_125: 0.0001645015
pwrup_fall_20: 0.0001652515
pwrup_rise_-40: 9.030152e-05
pwrup_rise_125: 9.040152e-05
pwrup_rise_20: 9.085152e-05
