ipc_normop_-40: -9.696073e-05
ipc_normop_125: -0.0001221104
ipc_normop_20: -0.0001057178
pwrup_fall_-40: 0.0001616015
pwrup_fall_125: 0.0001607015
pwrup_fall_20: 0.0001601515
pwrup_rise_-40: 8.635152e-05
pwrup_rise_125: 8.660152e-05
pwrup_rise_20: 8.605152e-05
