ipc_normop_-40: -7.083457e-05
ipc_normop_125: -8.098199e-05
ipc_normop_20: -7.554739e-05
pwrup_fall_-40: 0.0001590015
pwrup_fall_125: 0.0001620015
pwrup_fall_20: 0.0001603015
pwrup_rise_-40: 8.490152e-05
pwrup_rise_125: 8.790152e-05
pwrup_rise_20: 8.620152e-05
