ipc_normop_-40: -8.201178e-05
ipc_normop_125: -9.793157e-05
ipc_normop_20: -8.710044e-05
pwrup_fall_-40: 0.0001636015
pwrup_fall_125: 0.0001640015
pwrup_fall_20: 0.0001658015
pwrup_rise_-40: 8.950152e-05
pwrup_rise_125: 8.975152e-05
pwrup_rise_20: 9.030152e-05
