sleep_period_20: 0.01884759
vref_max_20: 1.038887
ivdd_leakeage_20: -1.816729e-07
