ivdd_-20: -2.948293e-05
ivdd_-40: -2.376852e-05
ivdd_0: -3.286694e-05
ivdd_100: -4.170953e-05
ivdd_125: -4.256018e-05
ivdd_20: -3.612244e-05
ivdd_40: -3.788278e-05
ivdd_60: -3.858333e-05
ivdd_80: -4.095594e-05
vref_-20: 0.5887583
vref_-40: 0.5893809
vref_0: 0.5880806
vref_100: 0.5814069
vref_125: 0.5789954
vref_20: 0.5878941
vref_40: 0.5869253
vref_60: 0.5832588
vref_80: 0.5833335
