ivdd_-20: -3.324059e-05
ivdd_-40: -2.670239e-05
ivdd_0: -3.870447e-05
ivdd_100: -5.113524e-05
ivdd_125: -5.259359e-05
ivdd_20: -4.259529e-05
ivdd_40: -4.628086e-05
ivdd_60: -4.802893e-05
ivdd_80: -4.855566e-05
vref_-20: 0.5289838
vref_-40: 0.5272564
vref_0: 0.5316194
vref_100: 0.5318395
vref_125: 0.5299828
vref_20: 0.5327704
vref_40: 0.534179
vref_60: 0.5342466
vref_80: 0.5310405
