ivdd_-20: -2.899385e-05
ivdd_-40: -2.360847e-05
ivdd_0: -3.290309e-05
ivdd_100: -4.068504e-05
ivdd_125: -4.223602e-05
ivdd_20: -3.541855e-05
ivdd_40: -3.707798e-05
ivdd_60: -3.852577e-05
ivdd_80: -3.963325e-05
vref_-20: 0.544721
vref_-40: 0.5422797
vref_0: 0.5478039
vref_100: 0.5518785
vref_125: 0.5524377
vref_20: 0.5490378
vref_40: 0.5498863
vref_60: 0.5509259
vref_80: 0.5516558
