ivdd_-20: -7.927499e-05
ivdd_-40: -7.404161e-05
ivdd_0: -8.482025e-05
ivdd_100: -9.867716e-05
ivdd_125: -9.854133e-05
ivdd_20: -9.000478e-05
ivdd_40: -9.4282e-05
ivdd_60: -9.693995e-05
ivdd_80: -9.82169e-05
vn_-20: 0.8067626
vn_-40: 0.837513
vn_0: 0.7747377
vn_100: 0.6062497
vn_125: 0.5619877
vn_20: 0.7427929
vn_40: 0.7096127
vn_60: 0.675103
vn_80: 0.6411447
vp_-20: 0.8056004
vp_-40: 0.8366559
vp_0: 0.7743584
vp_100: 0.6075405
vp_125: 0.5631904
vp_20: 0.7424025
vp_40: 0.7093109
vp_60: 0.6741089
vp_80: 0.6425868
vref_-20: 0.6165849
vref_-40: 0.6155778
vref_0: 0.6166349
vref_100: 0.6165687
vref_125: 0.6161328
vref_20: 0.6168066
vref_40: 0.6167212
vref_60: 0.6170144
vref_80: 0.6168175
