ivdd_-20: -4.325472e-05
ivdd_-40: -4.193343e-05
ivdd_0: -7.374404e-05
ivdd_100: -9.472986e-05
ivdd_125: -9.840019e-05
ivdd_20: -7.685827e-05
ivdd_40: -8.11756e-05
ivdd_60: -8.609055e-05
ivdd_80: -9.054586e-05
vn_-20: 0.04784586
vn_-40: 0.04829145
vn_0: 0.7737341
vn_100: 0.6041831
vn_125: 0.5596492
vn_20: 0.7405634
vn_40: 0.7075722
vn_60: 0.6733191
vn_80: 0.6392523
vp_-20: 0.04665245
vp_-40: 0.04711783
vp_0: 0.7742267
vp_100: 0.6026645
vp_125: 0.558205
vp_20: 0.7407873
vp_40: 0.7058552
vp_60: 0.6732666
vp_80: 0.637664
vref_-20: 0.009107157
vref_-40: 0.009109476
vref_0: 0.610686
vref_100: 0.6113429
vref_125: 0.6105491
vref_20: 0.6116792
vref_40: 0.6121754
vref_60: 0.6122767
vref_80: 0.6120468
