ivdd_-20: -8.840479e-05
ivdd_-40: -8.280552e-05
ivdd_0: -9.483534e-05
ivdd_100: -0.0001131771
ivdd_125: -0.0001135047
ivdd_20: -0.0001006351
ivdd_40: -0.0001060114
ivdd_60: -0.0001090925
ivdd_80: -0.000111762
vn_-20: 0.8062777
vn_-40: 0.83771
vn_0: 0.7742763
vn_100: 0.6043233
vn_125: 0.5597014
vn_20: 0.7413826
vn_40: 0.7079734
vn_60: 0.6739333
vn_80: 0.6393958
vp_-20: 0.8051997
vp_-40: 0.8363925
vp_0: 0.7734573
vp_100: 0.6034036
vp_125: 0.558693
vp_20: 0.7428981
vp_40: 0.7092884
vp_60: 0.6729648
vp_80: 0.6384662
vref_-20: 0.6104122
vref_-40: 0.6094118
vref_0: 0.6120722
vref_100: 0.6122965
vref_125: 0.6110913
vref_20: 0.612559
vref_40: 0.6128794
vref_60: 0.6125586
vref_80: 0.6125469
