ipmos_20: 1.527547e-05
isnk_20: 6.179967e-07
isrc_20: 6.657347e-07
vctrl_20: 0.4327106
vctrlmax_20: 0.4418598
vctrlmin_20: 0.4245105
vref_20: 0.6163299
