ipmos_20: 1.529676e-05
isnk_20: 6.330508e-07
isrc_20: 6.045409e-07
vctrl_20: 0.4363217
vctrlmax_20: 0.4538613
vctrlmin_20: 0.4201313
vref_20: 0.6101076
