ipmos_20: 1.531635e-05
isnk_20: 5.717791e-07
isrc_20: 5.805881e-07
vctrl_20: 0.4364131
vctrlmax_20: 0.4437227
vctrlmin_20: 0.4300761
vref_20: 0.6195261
