ipmos_20: 1.543117e-05
isnk_20: 6.315252e-07
isrc_20: 5.135724e-07
vctrl_20: 0.4285195
vctrlmax_20: 0.4429079
vctrlmin_20: 0.4143108
vref_20: 0.6140322
