ipmos_20: 1.526764e-05
isnk_20: 5.8887e-07
isrc_20: 6.732471e-07
vctrl_20: 0.4343842
vctrlmax_20: 0.4495506
vctrlmin_20: 0.4201362
vref_20: 0.6104286
