ipmos_20: 1.548628e-05
isnk_20: 5.347197e-07
isrc_20: 5.907424e-07
vctrl_20: 0.4354146
vctrlmax_20: 0.4552549
vctrlmin_20: 0.4167205
vref_20: 0.613528
