ipmos_20: 1.560839e-05
isnk_20: 6.670151e-07
isrc_20: 5.654401e-07
vctrl_20: 0.4379546
vctrlmax_20: 0.4743542
vctrlmin_20: 0.4035517
vref_20: 0.6140234
