ipmos_20: 1.526674e-05
isnk_20: 6.388966e-07
isrc_20: 6.465992e-07
vctrl_20: 0.4312887
vctrlmax_20: 0.4400562
vctrlmin_20: 0.4232646
vref_20: 0.6147644
