ipmos_20: 1.543729e-05
isnk_20: 5.214917e-07
isrc_20: 6.348571e-07
vctrl_20: 0.4412424
vctrlmax_20: 0.4743941
vctrlmin_20: 0.4075892
vref_20: 0.6070537
