ipmos_20: 1.555169e-05
isnk_20: 6.307034e-07
isrc_20: 5.856298e-07
vctrl_20: 0.4319166
vctrlmax_20: 0.4574491
vctrlmin_20: 0.4082542
vref_20: 0.6151854
