ipmos_20: 1.536795e-05
isnk_20: 6.902731e-07
isrc_20: 5.911169e-07
vctrl_20: 0.430443
vctrlmax_20: 0.4411486
vctrlmin_20: 0.4205731
vref_20: 0.6169759
