ipmos_20: 1.536292e-05
isnk_20: 6.6129e-07
isrc_20: 6.706685e-07
vctrl_20: 0.4344569
vctrlmax_20: 0.4503667
vctrlmin_20: 0.4199007
vref_20: 0.6135473
