ipmos_20: 1.561425e-05
isnk_20: 6.180334e-07
isrc_20: 4.76107e-07
vctrl_20: 0.4305995
vctrlmax_20: 0.4576091
vctrlmin_20: 0.4053253
vref_20: 0.6139742
