ipmos_20: 1.517088e-05
isnk_20: 6.037293e-07
isrc_20: 6.472076e-07
vctrl_20: 0.4339486
vctrlmax_20: 0.4377213
vctrlmin_20: 0.4306843
vref_20: 0.6197683
