ipmos_20: 1.53808e-05
isnk_20: 6.45413e-07
isrc_20: 6.623191e-07
vctrl_20: 0.4340935
vctrlmax_20: 0.4500352
vctrlmin_20: 0.4186118
vref_20: 0.6140236
