ipmos_20: 1.54524e-05
isnk_20: 6.119502e-07
isrc_20: 5.513911e-07
vctrl_20: 0.4279619
vctrlmax_20: 0.4491238
vctrlmin_20: 0.406952
vref_20: 0.6080112
