ipmos_20: 1.552852e-05
isnk_20: 6.327706e-07
isrc_20: 6.43203e-07
vctrl_20: 0.4361299
vctrlmax_20: 0.4608969
vctrlmin_20: 0.4135036
vref_20: 0.6208359
