ipmos_20: 1.526509e-05
isnk_20: 6.490131e-07
isrc_20: 7.099261e-07
vctrl_20: 0.435866
vctrlmax_20: 0.4505255
vctrlmin_20: 0.421741
vref_20: 0.6126506
