ipmos_20: 1.536067e-05
isnk_20: 5.445553e-07
isrc_20: 5.927004e-07
vctrl_20: 0.4333798
vctrlmax_20: 0.4520495
vctrlmin_20: 0.4160153
vref_20: 0.6068059
