ipmos_20: 1.526484e-05
isnk_20: 6.790847e-07
isrc_20: 6.478036e-07
vctrl_20: 0.4311813
vctrlmax_20: 0.438944
vctrlmin_20: 0.424264
vref_20: 0.6187557
