ipmos_20: 1.540484e-05
isnk_20: 6.675324e-07
isrc_20: 5.791525e-07
vctrl_20: 0.4343227
vctrlmax_20: 0.4548683
vctrlmin_20: 0.4141688
vref_20: 0.6171725
