ipmos_20: 1.52022e-05
isnk_20: 6.438534e-07
isrc_20: 5.937707e-07
vctrl_20: 0.43532
vctrlmax_20: 0.4412006
vctrlmin_20: 0.4301706
vref_20: 0.6161263
