ipmos_20: 1.548271e-05
isnk_20: 6.494199e-07
isrc_20: 5.826345e-07
vctrl_20: 0.4352933
vctrlmax_20: 0.4558029
vctrlmin_20: 0.4156077
vref_20: 0.6215921
