ipmos_20: 1.555655e-05
isnk_20: 6.489167e-07
isrc_20: 4.717374e-07
vctrl_20: 0.4212775
vctrlmax_20: 0.4369075
vctrlmin_20: 0.406142
vref_20: 0.6246285
