ipmos_20: 1.549998e-05
isnk_20: 7.363472e-07
isrc_20: 7.075615e-07
vctrl_20: 0.4379447
vctrlmax_20: 0.4623265
vctrlmin_20: 0.4153625
vref_20: 0.6156463
