ipmos_20: 1.545636e-05
isnk_20: 5.92328e-07
isrc_20: 4.408478e-07
vctrl_20: 0.4329056
vctrlmax_20: 0.4488078
vctrlmin_20: 0.4183934
vref_20: 0.6153085
