ipmos_20: 1.549346e-05
isnk_20: 6.654705e-07
isrc_20: 5.31139e-07
vctrl_20: 0.434884
vctrlmax_20: 0.4665604
vctrlmin_20: 0.4041997
vref_20: 0.6097183
