ipmos_20: 1.548309e-05
isnk_20: 6.461226e-07
isrc_20: 5.364181e-07
vctrl_20: 0.4328986
vctrlmax_20: 0.4599031
vctrlmin_20: 0.405354
vref_20: 0.6116072
