ipmos_20: 1.541544e-05
isnk_20: 6.682758e-07
isrc_20: 5.031989e-07
vctrl_20: 0.4321856
vctrlmax_20: 0.4426106
vctrlmin_20: 0.422559
vref_20: 0.6235375
