ipmos_20: 1.510247e-05
isnk_20: 6.274907e-07
isrc_20: 6.199264e-07
vctrl_20: 0.4377717
vctrlmax_20: 0.4451661
vctrlmin_20: 0.4314928
vref_20: 0.6105316
