ivdd_-20: -6.675059e-05
ivdd_-40: -6.428814e-05
ivdd_0: -7.015982e-05
ivdd_100: -8.072953e-05
ivdd_125: -8.237233e-05
ivdd_20: -7.353474e-05
ivdd_40: -7.641496e-05
ivdd_60: -7.844607e-05
ivdd_80: -7.974014e-05
vref_-20: 0.6215443
vref_-40: 0.6242701
vref_0: 0.6191579
vref_100: 0.6187066
vref_125: 0.6183018
vref_20: 0.6185552
vref_40: 0.6186629
vref_60: 0.618779
vref_80: 0.6188223
