ivdd_-20: -8.983808e-05
ivdd_-40: -8.400473e-05
ivdd_0: -9.558572e-05
ivdd_100: -0.0001143168
ivdd_125: -0.0001206782
ivdd_20: -0.0001000143
ivdd_40: -0.000103396
ivdd_60: -0.000106729
ivdd_80: -0.0001101271
vref_-20: 0.6151587
vref_-40: 0.6150955
vref_0: 0.6157325
vref_100: 0.6169866
vref_125: 0.6166664
vref_20: 0.6163471
vref_40: 0.6168494
vref_60: 0.6169291
vref_80: 0.6172063
