ivdd_-20: -8.86413e-05
ivdd_-40: -8.131074e-05
ivdd_0: -9.578046e-05
ivdd_100: -0.0001137507
ivdd_125: -0.0001178083
ivdd_20: -0.0001021485
ivdd_40: -0.0001058458
ivdd_60: -0.0001085882
ivdd_80: -0.0001111245
vref_-20: 0.6168479
vref_-40: 0.6160729
vref_0: 0.617056
vref_100: 0.617075
vref_125: 0.6162571
vref_20: 0.6172095
vref_40: 0.6174608
vref_60: 0.6176173
vref_80: 0.617445
