ivdd_-20: -9.79547e-05
ivdd_-40: -9.090033e-05
ivdd_0: -0.0001059284
ivdd_100: -0.0001335096
ivdd_125: -0.0001412292
ivdd_20: -0.0001125409
ivdd_40: -0.0001184285
ivdd_60: -0.0001231237
ivdd_80: -0.000128396
vref_-20: 0.6130526
vref_-40: 0.6120975
vref_0: 0.6134237
vref_100: 0.6146747
vref_125: 0.6140895
vref_20: 0.6143079
vref_40: 0.614822
vref_60: 0.6151006
vref_80: 0.6148951
