ivdd_-20: -0.000134412
ivdd_-40: -0.0001249124
ivdd_0: -0.0001434001
ivdd_100: -0.0001837124
ivdd_125: -0.0001931018
ivdd_20: -0.0001527786
ivdd_40: -0.0001601129
ivdd_60: -0.0001677495
ivdd_80: -0.0001764586
vref_-20: 0.6125369
vref_-40: 0.6116805
vref_0: 0.6138722
vref_100: 0.6152751
vref_125: 0.614706
vref_20: 0.6142812
vref_40: 0.6149635
vref_60: 0.6154021
vref_80: 0.6152994
