vctrl_20: 0.4399591
vctrlmax_20: 0.4515133
vctrlmin_20: 0.4292478
vref_20: 0.6253958
