vctrl_20: 0.4374446
vctrlmax_20: 0.4446952
vctrlmin_20: 0.4309813
vref_20: 0.6194873
