vctrl_20: 0.4326029
vctrlmax_20: 0.4438252
vctrlmin_20: 0.4224616
vref_20: 0.6183694
