vctrl_20: 0.431215
vctrlmax_20: 0.4481755
vctrlmin_20: 0.4144772
vref_20: 0.6005881
