vctrl_20: 0.4235179
vctrlmax_20: 0.4500314
vctrlmin_20: 0.3958324
vref_20: 0.6298519
