vctrl_20: 0.4270828
vctrlmax_20: 0.4347936
vctrlmin_20: 0.4202076
vref_20: 0.6099661
