vctrl_20: 0.4326573
vctrlmax_20: 0.4799858
vctrlmin_20: 0.3900335
vref_20: 0.6179643
