vctrl_20: 0.4363325
vctrlmax_20: 0.4592284
vctrlmin_20: 0.4133802
vref_20: 0.6131581
