vctrl_20: 0.43473
vctrlmax_20: 0.4408311
vctrlmin_20: 0.4291804
vref_20: 0.6167529
