vctrl_20: 0.4371734
vctrlmax_20: 0.4481363
vctrlmin_20: 0.4265248
vref_20: 0.6229867
