vctrl_20: 0.4361929
vctrlmax_20: 0.4389229
vctrlmin_20: 0.4341084
vref_20: 0.6082215
