vctrl_20: 0.4333883
vctrlmax_20: 0.445437
vctrlmin_20: 0.4221833
vref_20: 0.621079
