vctrl_20: 0.4369875
vctrlmax_20: 0.4604012
vctrlmin_20: 0.4142837
vref_20: 0.6161828
