vctrl_20: 0.4319555
vctrlmax_20: 0.4344956
vctrlmin_20: 0.4301267
vref_20: 0.5959928
