vctrl_20: 0.4355953
vctrlmax_20: 0.4522532
vctrlmin_20: 0.4196298
vref_20: 0.6078683
