vctrl_20: 0.4326587
vctrlmax_20: 0.4592001
vctrlmin_20: 0.4050113
vref_20: 0.6250404
