vctrl_20: 0.4275323
vctrlmax_20: 0.4595928
vctrlmin_20: 0.3956595
vref_20: 0.6225527
