vctrl_20: 0.4424075
vctrlmax_20: 0.4480998
vctrlmin_20: 0.4373664
vref_20: 0.6154655
