vctrl_20: 0.4333726
vctrlmax_20: 0.4403712
vctrlmin_20: 0.4272526
vref_20: 0.6079864
