vctrl_20: 0.4348051
vctrlmax_20: 0.459766
vctrlmin_20: 0.4089443
vref_20: 0.6017465
