vctrl_20: 0.4246217
vctrlmax_20: 0.4345957
vctrlmin_20: 0.4155206
vref_20: 0.6219837
