vctrl_20: 0.4240132
vctrlmax_20: 0.4368693
vctrlmin_20: 0.411949
vref_20: 0.6189478
