vctrl_20: 0.4341239
vctrlmax_20: 0.4604852
vctrlmin_20: 0.4074351
vref_20: 0.6081425
