vctrl_20: 0.4350978
vctrlmax_20: 0.4593653
vctrlmin_20: 0.4105896
vref_20: 0.6182053
