vctrl_20: 0.4443543
vctrlmax_20: 0.4867426
vctrlmin_20: 0.4024596
vref_20: 0.6119222
