vctrl_20: 0.4336967
vctrlmax_20: 0.4366497
vctrlmin_20: 0.4314031
vref_20: 0.6242648
