vctrl_20: 0.4372073
vctrlmax_20: 0.4409038
vctrlmin_20: 0.4342768
vref_20: 0.612427
