vctrl_20: 0.4388096
vctrlmax_20: 0.4560383
vctrlmin_20: 0.4228789
vref_20: 0.6186609
