vctrl_20: 0.4304983
vctrlmax_20: 0.4398987
vctrlmin_20: 0.4219292
vref_20: 0.5901178
