caprst_fall_-20: 4.920152e-05
caprst_fall_-40: 4.785152e-05
caprst_fall_0: 4.925152e-05
caprst_fall_100: 4.925152e-05
caprst_fall_125: 4.950152e-05
caprst_fall_20: 4.930152e-05
caprst_fall_40: 4.935152e-05
caprst_fall_60: 4.900152e-05
caprst_fall_80: 4.820152e-05
caprst_rise_-20: 6.925152e-05
caprst_rise_-40: 6.805152e-05
caprst_rise_0: 6.930152e-05
caprst_rise_100: 6.930152e-05
caprst_rise_125: 6.955152e-05
caprst_rise_20: 6.940152e-05
caprst_rise_40: 6.950152e-05
caprst_rise_60: 6.905152e-05
caprst_rise_80: 6.825152e-05
iptat_-20: 6.878186e-06
iptat_-40: 6.347478e-06
iptat_0: 7.389898e-06
iptat_100: 9.578625e-06
iptat_125: 1.00334e-05
iptat_20: 7.874029e-06
iptat_40: 8.330453e-06
iptat_60: 8.709577e-06
iptat_80: 9.211767e-06
tmpcount1_-20: 0.1058824
tmpcount1_-40: 0.1005882
tmpcount1_0: 0.1122353
tmpcount1_100: 0.1450588
tmpcount1_125: 0.1535294
tmpcount1_20: 0.1207059
tmpcount1_40: 0.1270588
tmpcount1_60: 0.1334118
tmpcount1_80: 0.1408235
tmpcount2_-20: 0.1048235
tmpcount2_-40: 0.09741176
tmpcount2_0: 0.1090588
tmpcount2_100: 0.1482353
tmpcount2_125: 0.05505882
tmpcount2_20: 0.1207059
tmpcount2_40: 0.1281176
tmpcount2_60: 0.1387059
tmpcount2_80: 0.1355294
