caprst_fall_-20: 4.745152e-05
caprst_fall_-40: 4.665152e-05
caprst_fall_0: 4.900152e-05
caprst_fall_100: 4.915152e-05
caprst_fall_125: 4.900152e-05
caprst_fall_20: 4.845152e-05
caprst_fall_40: 4.865152e-05
caprst_fall_60: 4.740152e-05
caprst_fall_80: 4.895152e-05
caprst_rise_-20: 6.750152e-05
caprst_rise_-40: 6.670152e-05
caprst_rise_0: 6.915152e-05
caprst_rise_100: 6.920152e-05
caprst_rise_125: 6.905152e-05
caprst_rise_20: 6.865152e-05
caprst_rise_40: 6.870152e-05
caprst_rise_60: 6.745152e-05
caprst_rise_80: 6.900152e-05
iptat_-20: 5.99137e-06
iptat_-40: 5.512488e-06
iptat_0: 6.432256e-06
iptat_100: 8.372814e-06
iptat_125: 8.781592e-06
iptat_20: 6.845437e-06
iptat_40: 7.259037e-06
iptat_60: 7.655001e-06
iptat_80: 8.015152e-06
tmpcount1_-20: 0.08258824
tmpcount1_-40: 0.07729412
tmpcount1_0: 0.08788235
tmpcount1_100: 0.1101176
tmpcount1_125: 0.1154118
tmpcount1_20: 0.09317647
tmpcount1_40: 0.09635294
tmpcount1_60: 0.1016471
tmpcount1_80: 0.1058824
tmpcount2_-20: 0.07941176
tmpcount2_-40: 0.07411765
tmpcount2_0: 0.08470588
tmpcount2_100: 0.1058824
tmpcount2_125: 0.1132941
tmpcount2_20: 0.09105882
tmpcount2_40: 0.09423529
tmpcount2_60: 0.09952941
tmpcount2_80: 0.1048235
