caprst_fall_-20: 5.490152e-05
caprst_fall_-40: 5.525152e-05
caprst_fall_0: 5.675152e-05
caprst_fall_100: 5.555152e-05
caprst_fall_125: 5.580152e-05
caprst_fall_20: 5.670152e-05
caprst_fall_40: 5.395152e-05
caprst_fall_60: 5.395152e-05
caprst_fall_80: 5.405152e-05
caprst_rise_-20: 7.500152e-05
caprst_rise_-40: 7.545152e-05
caprst_rise_0: 7.685152e-05
caprst_rise_100: 7.560152e-05
caprst_rise_125: 7.600152e-05
caprst_rise_20: 7.700152e-05
caprst_rise_40: 7.420152e-05
caprst_rise_60: 7.420152e-05
caprst_rise_80: 7.430152e-05
iptat_-20: 6.019977e-06
iptat_-40: 5.612066e-06
iptat_0: 6.436977e-06
iptat_100: 8.444155e-06
iptat_125: 8.875051e-06
iptat_20: 6.847967e-06
iptat_40: 7.225941e-06
iptat_60: 7.6582e-06
iptat_80: 8.055527e-06
tmpcount1_-20: 0.06915789
tmpcount1_-40: 0.06536842
tmpcount1_0: 0.07389474
tmpcount1_100: 0.09568421
tmpcount1_125: 0.1013684
tmpcount1_20: 0.07957895
tmpcount1_40: 0.08336842
tmpcount1_60: 0.08810526
tmpcount1_80: 0.09189474
tmpcount2_-20: 0.06726316
tmpcount2_-40: 0.06157895
tmpcount2_0: 0.07389474
tmpcount2_100: 0.09378947
tmpcount2_125: 0.09852632
tmpcount2_20: 0.07863158
tmpcount2_40: 0.08336842
tmpcount2_60: 0.08715789
tmpcount2_80: 0.09
