caprst_fall_-20: 5.445152e-05
caprst_fall_-40: 5.320152e-05
caprst_fall_0: 5.435152e-05
caprst_fall_100: 5.680152e-05
caprst_fall_125: 5.710152e-05
caprst_fall_20: 5.430152e-05
caprst_fall_40: 5.505152e-05
caprst_fall_60: 5.650152e-05
caprst_fall_80: 5.665152e-05
caprst_rise_-20: 7.470152e-05
caprst_rise_-40: 7.380152e-05
caprst_rise_0: 7.455152e-05
caprst_rise_100: 7.705152e-05
caprst_rise_125: 7.730152e-05
caprst_rise_20: 7.435152e-05
caprst_rise_40: 7.545152e-05
caprst_rise_60: 7.670152e-05
caprst_rise_80: 7.670152e-05
iptat_-20: 5.324406e-06
iptat_-40: 4.984611e-06
iptat_0: 5.726653e-06
iptat_100: 7.410249e-06
iptat_125: 7.762101e-06
iptat_20: 6.105808e-06
iptat_40: 6.460342e-06
iptat_60: 6.795201e-06
iptat_80: 7.109938e-06
tmpcount1_-20: 0.06726316
tmpcount1_-40: 0.06442105
tmpcount1_0: 0.05968421
tmpcount1_100: 0.05968421
tmpcount1_125: 0.08147368
tmpcount1_20: 0.072
tmpcount1_40: 0.07389474
tmpcount1_60: 0.07484211
tmpcount1_80: 0.07578947
tmpcount2_-20: 0.06252632
tmpcount2_-40: 0.05968421
tmpcount2_0: 0.06726316
tmpcount2_100: 0.07578947
tmpcount2_125: 0.08147368
tmpcount2_20: 0.06915789
tmpcount2_40: 0.072
tmpcount2_60: 0.072
tmpcount2_80: 0.07578947
