caprst_fall_-20: 5.290152e-05
caprst_fall_-40: 5.325152e-05
caprst_fall_0: 5.625152e-05
caprst_fall_100: 5.635152e-05
caprst_fall_125: 5.380152e-05
caprst_fall_20: 5.475152e-05
caprst_fall_40: 5.610152e-05
caprst_fall_60: 5.615152e-05
caprst_fall_80: 5.625152e-05
caprst_rise_-20: 7.350152e-05
caprst_rise_-40: 7.355152e-05
caprst_rise_0: 7.650152e-05
caprst_rise_100: 7.735152e-05
caprst_rise_125: 7.435152e-05
caprst_rise_20: 7.495152e-05
caprst_rise_40: 7.655152e-05
caprst_rise_60: 7.650152e-05
caprst_rise_80: 7.655152e-05
iptat_-20: 6.024127e-06
iptat_-40: 5.586639e-06
iptat_0: 6.444223e-06
iptat_100: 8.395285e-06
iptat_125: 8.703477e-06
iptat_20: 6.877504e-06
iptat_40: 7.279086e-06
iptat_60: 7.675225e-06
iptat_80: 8.05545e-06
tmpcount1_-20: 0.07941176
tmpcount1_-40: 0.07305882
tmpcount1_0: 0.08364706
tmpcount1_100: 0.1111765
tmpcount1_125: 0.1132941
tmpcount1_20: 0.08894118
tmpcount1_40: 0.09423529
tmpcount1_60: 0.09952941
tmpcount1_80: 0.1037647
tmpcount2_-20: 0.07517647
tmpcount2_-40: 0.06882353
tmpcount2_0: 0.08047059
tmpcount2_100: 0.1048235
tmpcount2_125: 0.1101176
tmpcount2_20: 0.09
tmpcount2_40: 0.09105882
tmpcount2_60: 0.09952941
tmpcount2_80: 0.1037647
