caprst_fall_-20: 5.035152e-05
caprst_fall_-40: 5.115152e-05
caprst_fall_0: 5.050152e-05
caprst_fall_100: 5.390152e-05
caprst_fall_125: 5.575152e-05
caprst_fall_20: 5.070152e-05
caprst_fall_40: 5.090152e-05
caprst_fall_60: 5.475152e-05
caprst_fall_80: 5.365152e-05
caprst_rise_-20: 7.040152e-05
caprst_rise_-40: 7.120152e-05
caprst_rise_0: 7.120152e-05
caprst_rise_100: 7.405152e-05
caprst_rise_125: 7.595152e-05
caprst_rise_20: 7.085152e-05
caprst_rise_40: 7.100152e-05
caprst_rise_60: 7.520152e-05
caprst_rise_80: 7.375152e-05
iptat_-20: 5.330813e-06
iptat_-40: 4.949301e-06
iptat_0: 5.716977e-06
iptat_100: 7.409758e-06
iptat_125: 7.772071e-06
iptat_20: 6.088395e-06
iptat_40: 6.439081e-06
iptat_60: 6.754697e-06
iptat_80: 7.090223e-06
tmpcount1_-20: 0.07305882
tmpcount1_-40: 0.06988235
tmpcount1_0: 0.07941176
tmpcount1_100: 0.08788235
tmpcount1_125: 0.09105882
tmpcount1_20: 0.07941176
tmpcount1_40: 0.08047059
tmpcount1_60: 0.08258824
tmpcount1_80: 0.08470588
tmpcount2_-20: 0.06988235
tmpcount2_-40: 0.06776471
tmpcount2_0: 0.07411765
tmpcount2_100: 0.08470588
tmpcount2_125: 0.09105882
tmpcount2_20: 0.07623529
tmpcount2_40: 0.07941176
tmpcount2_60: 0.08152941
tmpcount2_80: 0.08364706
