caprst_fall_-20: 5.165152e-05
caprst_fall_-40: 5.175152e-05
caprst_fall_0: 5.020152e-05
caprst_fall_100: 5.255152e-05
caprst_fall_125: 5.275152e-05
caprst_fall_20: 5.050152e-05
caprst_fall_40: 5.090152e-05
caprst_fall_60: 5.165152e-05
caprst_fall_80: 5.245152e-05
caprst_rise_-20: 7.170152e-05
caprst_rise_-40: 7.185152e-05
caprst_rise_0: 7.030152e-05
caprst_rise_100: 7.285152e-05
caprst_rise_125: 7.280152e-05
caprst_rise_20: 7.055152e-05
caprst_rise_40: 7.095152e-05
caprst_rise_60: 7.170152e-05
caprst_rise_80: 7.250152e-05
iptat_-20: 6.866987e-06
iptat_-40: 6.346713e-06
iptat_0: 7.399579e-06
iptat_100: 9.606576e-06
iptat_125: 1.005024e-05
iptat_20: 7.922073e-06
iptat_40: 8.343506e-06
iptat_60: 8.770427e-06
iptat_80: 9.197669e-06
tmpcount1_-20: 0.09473684
tmpcount1_-40: 0.08905263
tmpcount1_0: 0.1013684
tmpcount1_100: 0.1326316
tmpcount1_125: 0.1373684
tmpcount1_20: 0.108
tmpcount1_40: 0.1136842
tmpcount1_60: 0.1184211
tmpcount1_80: 0.126
tmpcount2_-20: 0.09189474
tmpcount2_-40: 0.08621053
tmpcount2_0: 0.09852632
tmpcount2_100: 0.126
tmpcount2_125: 0.1345263
tmpcount2_20: 0.1061053
tmpcount2_40: 0.1108421
tmpcount2_60: 0.1222105
tmpcount2_80: 0.1222105
