ivdd_-20: -8.940077e-05
ivdd_-40: -8.069726e-05
ivdd_0: -9.978973e-05
ivdd_100: -0.00014082
ivdd_125: -0.0001425783
ivdd_20: -0.0001115313
ivdd_40: -0.0001223731
ivdd_60: -0.0001312508
ivdd_80: -0.0001373
vn_-20: 0.8067959
vn_-40: 0.8374283
vn_0: 0.7731598
vn_100: 0.6041786
vn_125: 0.559579
vn_20: 0.7403429
vn_40: 0.7070338
vn_60: 0.6737631
vn_80: 0.6393737
vp_-20: 0.8071559
vp_-40: 0.835032
vp_0: 0.7725754
vp_100: 0.6048893
vp_125: 0.5602177
vp_20: 0.741206
vp_40: 0.7082903
vp_60: 0.6748836
vp_80: 0.6398974
vref_-20: 0.6173456
vref_-40: 0.6177359
vref_0: 0.6174646
vref_100: 0.6183765
vref_125: 0.6176556
vref_20: 0.6179365
vref_40: 0.6183426
vref_60: 0.6185708
vref_80: 0.6185608
