ivdd_-20: -8.919084e-05
ivdd_-40: -8.176896e-05
ivdd_0: -9.868547e-05
ivdd_100: -0.0001381697
ivdd_125: -0.0001400489
ivdd_20: -0.0001098526
ivdd_40: -0.0001201406
ivdd_60: -0.0001287184
ivdd_80: -0.0001349047
vn_-20: 0.8063459
vn_-40: 0.8372597
vn_0: 0.7742292
vn_100: 0.6044841
vn_125: 0.5599837
vn_20: 0.7412507
vn_40: 0.7078614
vn_60: 0.6739119
vn_80: 0.6395016
vp_-20: 0.807005
vp_-40: 0.8368006
vp_0: 0.773621
vp_100: 0.6040369
vp_125: 0.5593246
vp_20: 0.740574
vp_40: 0.7077942
vp_60: 0.6737447
vp_80: 0.6394251
vref_-20: 0.6154046
vref_-40: 0.6149557
vref_0: 0.6166784
vref_100: 0.6198933
vref_125: 0.6198336
vref_20: 0.6176998
vref_40: 0.6183929
vref_60: 0.6190118
vref_80: 0.6195107
