ivdd_-20: -8.550953e-05
ivdd_-40: -7.919114e-05
ivdd_0: -9.426774e-05
ivdd_100: -0.0001324404
ivdd_125: -0.000137254
ivdd_20: -0.0001040292
ivdd_40: -0.0001147639
ivdd_60: -0.0001216452
ivdd_80: -0.0001283894
vn_-20: 0.8063971
vn_-40: 0.8378208
vn_0: 0.7743215
vn_100: 0.6043418
vn_125: 0.5596901
vn_20: 0.7413803
vn_40: 0.7080573
vn_60: 0.6738871
vn_80: 0.6393737
vp_-20: 0.8059871
vp_-40: 0.837698
vp_0: 0.7739449
vp_100: 0.6038653
vp_125: 0.5587644
vp_20: 0.7412272
vp_40: 0.7076146
vp_60: 0.6735491
vp_80: 0.6388497
vref_-20: 0.6118239
vref_-40: 0.6116647
vref_0: 0.6128681
vref_100: 0.6129882
vref_125: 0.6119302
vref_20: 0.6130867
vref_40: 0.6136759
vref_60: 0.6137906
vref_80: 0.6133629
