ivdd_-20: -8.040183e-05
ivdd_-40: -7.605956e-05
ivdd_0: -8.703044e-05
ivdd_100: -0.0001186179
ivdd_125: -0.0001193245
ivdd_20: -9.709366e-05
ivdd_40: -0.0001051612
ivdd_60: -0.0001120154
ivdd_80: -0.0001159657
vn_-20: 0.804111
vn_-40: 0.8305877
vn_0: 0.7673861
vn_100: 0.6025992
vn_125: 0.5589451
vn_20: 0.7348932
vn_40: 0.7034585
vn_60: 0.672014
vn_80: 0.637331
vp_-20: 0.8017997
vp_-40: 0.8349893
vp_0: 0.7669455
vp_100: 0.6066314
vp_125: 0.5605338
vp_20: 0.7410158
vp_40: 0.7105935
vp_60: 0.676253
vp_80: 0.642208
vref_-20: 0.6038617
vref_-40: 0.6054513
vref_0: 0.6035125
vref_100: 0.6030112
vref_125: 0.6018594
vref_20: 0.6037197
vref_40: 0.6038171
vref_60: 0.6032784
vref_80: 0.6033769
