ivdd_-20: -8.40987e-05
ivdd_-40: -7.883529e-05
ivdd_0: -9.231703e-05
ivdd_100: -0.0001308399
ivdd_125: -0.000132917
ivdd_20: -0.0001019304
ivdd_40: -0.0001112395
ivdd_60: -0.0001197201
ivdd_80: -0.0001275863
vn_-20: 0.8079536
vn_-40: 0.8393008
vn_0: 0.7757492
vn_100: 0.6053374
vn_125: 0.5608794
vn_20: 0.7427792
vn_40: 0.7094709
vn_60: 0.6750798
vn_80: 0.6406138
vp_-20: 0.8076836
vp_-40: 0.8393102
vp_0: 0.7758189
vp_100: 0.6047501
vp_125: 0.560877
vp_20: 0.742953
vp_40: 0.7088866
vp_60: 0.6744977
vp_80: 0.6402278
vref_-20: 0.628379
vref_-40: 0.628739
vref_0: 0.6287255
vref_100: 0.6280833
vref_125: 0.626931
vref_20: 0.6291083
vref_40: 0.6291345
vref_60: 0.6290803
vref_80: 0.6284611
