ivdd_-20: -8.975172e-05
ivdd_-40: -8.33858e-05
ivdd_0: -9.971876e-05
ivdd_100: -0.0001413004
ivdd_125: -0.0001418125
ivdd_20: -0.0001125475
ivdd_40: -0.0001235253
ivdd_60: -0.0001325359
ivdd_80: -0.0001383516
vn_-20: 0.8079793
vn_-40: 0.8367857
vn_0: 0.7722904
vn_100: 0.6056428
vn_125: 0.5621386
vn_20: 0.7381374
vn_40: 0.7055868
vn_60: 0.6732443
vn_80: 0.6394389
vp_-20: 0.8042253
vp_-40: 0.8411415
vp_0: 0.7679282
vp_100: 0.6088929
vp_125: 0.5619108
vp_20: 0.739341
vp_40: 0.7099147
vp_60: 0.6787745
vp_80: 0.6446673
vref_-20: 0.6402223
vref_-40: 0.6419212
vref_0: 0.6397321
vref_100: 0.6382196
vref_125: 0.6365281
vref_20: 0.639673
vref_40: 0.6398109
vref_60: 0.6394987
vref_80: 0.6390551
