ivdd_-20: -8.142619e-05
ivdd_-40: -7.594124e-05
ivdd_0: -8.879082e-05
ivdd_100: -0.0001220119
ivdd_125: -0.0001244627
ivdd_20: -9.704883e-05
ivdd_40: -0.0001049664
ivdd_60: -0.000112346
ivdd_80: -0.000118017
vn_-20: 0.8041798
vn_-40: 0.836505
vn_0: 0.7731363
vn_100: 0.6029704
vn_125: 0.5580815
vn_20: 0.7402815
vn_40: 0.7058436
vn_60: 0.6720527
vn_80: 0.6374418
vp_-20: 0.8047237
vp_-40: 0.8357625
vp_0: 0.7736607
vp_100: 0.6036482
vp_125: 0.5585886
vp_20: 0.7396768
vp_40: 0.7049257
vp_60: 0.6707716
vp_80: 0.6379275
vref_-20: 0.5979345
vref_-40: 0.5971942
vref_0: 0.5987714
vref_100: 0.5996302
vref_125: 0.5990375
vref_20: 0.599501
vref_40: 0.5997616
vref_60: 0.6001617
vref_80: 0.6001695
