ivdd_-20: -8.289821e-05
ivdd_-40: -7.77571e-05
ivdd_0: -9.019188e-05
ivdd_100: -0.0001242391
ivdd_125: -0.000123623
ivdd_20: -9.917125e-05
ivdd_40: -0.0001066161
ivdd_60: -0.0001143029
ivdd_80: -0.0001178669
vn_-20: 0.8059941
vn_-40: 0.8372033
vn_0: 0.7735866
vn_100: 0.6033247
vn_125: 0.5584415
vn_20: 0.7409594
vn_40: 0.7079628
vn_60: 0.6737769
vn_80: 0.6382994
vp_-20: 0.8059045
vp_-40: 0.8376301
vp_0: 0.7730073
vp_100: 0.6040628
vp_125: 0.5585159
vp_20: 0.741422
vp_40: 0.7076616
vp_60: 0.6721357
vp_80: 0.637159
vref_-20: 0.6059792
vref_-40: 0.6063203
vref_0: 0.6060668
vref_100: 0.604518
vref_125: 0.6031608
vref_20: 0.6061418
vref_40: 0.606289
vref_60: 0.605679
vref_80: 0.6052652
