ivdd_-20: -8.54768e-05
ivdd_-40: -7.784539e-05
ivdd_0: -9.583692e-05
ivdd_100: -0.0001369012
ivdd_125: -0.0001385901
ivdd_20: -0.0001071095
ivdd_40: -0.0001180519
ivdd_60: -0.0001271283
ivdd_80: -0.0001335365
vn_-20: 0.8048213
vn_-40: 0.8364006
vn_0: 0.7727937
vn_100: 0.6032074
vn_125: 0.558734
vn_20: 0.7395041
vn_40: 0.7061226
vn_60: 0.6730051
vn_80: 0.6384447
vp_-20: 0.8054004
vp_-40: 0.8365631
vp_0: 0.7728744
vp_100: 0.6016268
vp_125: 0.5572424
vp_20: 0.7394514
vp_40: 0.7069371
vp_60: 0.6739247
vp_80: 0.6394143
vref_-20: 0.6155582
vref_-40: 0.6150665
vref_0: 0.6156753
vref_100: 0.6145477
vref_125: 0.6135743
vref_20: 0.6158901
vref_40: 0.6161504
vref_60: 0.6161493
vref_80: 0.6159678
