ivdd_-20: -8.642232e-05
ivdd_-40: -7.962209e-05
ivdd_0: -9.594893e-05
ivdd_100: -0.0001320451
ivdd_125: -0.0001335815
ivdd_20: -0.0001063925
ivdd_40: -0.0001155299
ivdd_60: -0.0001239963
ivdd_80: -0.000129404
vn_-20: 0.8065832
vn_-40: 0.837742
vn_0: 0.7739078
vn_100: 0.6049905
vn_125: 0.560921
vn_20: 0.7419487
vn_40: 0.7078724
vn_60: 0.673791
vn_80: 0.639665
vp_-20: 0.8065533
vp_-40: 0.8377304
vp_0: 0.7736472
vp_100: 0.605939
vp_125: 0.5601072
vp_20: 0.7418259
vp_40: 0.7064359
vp_60: 0.6742069
vp_80: 0.6408
vref_-20: 0.6240763
vref_-40: 0.6236763
vref_0: 0.6248885
vref_100: 0.6272205
vref_125: 0.6270741
vref_20: 0.6253002
vref_40: 0.6259262
vref_60: 0.6265265
vref_80: 0.6270146
