caprst_fall_first_-20: 4.920152e-05
caprst_fall_first_-40: 4.785152e-05
caprst_fall_first_0: 4.925152e-05
caprst_fall_first_100: 4.925152e-05
caprst_fall_first_125: 4.950152e-05
caprst_fall_first_20: 4.930152e-05
caprst_fall_first_40: 4.935152e-05
caprst_fall_first_60: 4.900152e-05
caprst_fall_first_80: 4.820152e-05
caprst_fall_second_-20: 0.0001111515
caprst_fall_second_-40: 0.0001099515
caprst_fall_second_0: 0.0001112015
caprst_fall_second_100: 0.0001112015
caprst_fall_second_125: 0.0001101015
caprst_fall_second_20: 0.0001099015
caprst_fall_second_40: 0.0001099015
caprst_fall_second_60: 0.0001095515
caprst_fall_second_80: 0.0001087515
caprst_rise_first_-20: 6.925152e-05
caprst_rise_first_-40: 6.805152e-05
caprst_rise_first_0: 6.930152e-05
caprst_rise_first_100: 6.930152e-05
caprst_rise_first_125: 6.960152e-05
caprst_rise_first_20: 6.940152e-05
caprst_rise_first_40: 6.940152e-05
caprst_rise_first_60: 6.905152e-05
caprst_rise_first_80: 6.825152e-05
caprst_rise_second_-20: 0.0001312015
caprst_rise_second_-40: 0.0001300515
caprst_rise_second_0: 0.0001316515
caprst_rise_second_100: 0.0001312515
caprst_rise_second_125: 0.0001303515
caprst_rise_second_20: 0.0001301015
caprst_rise_second_40: 0.0001300015
caprst_rise_second_60: 0.0001300515
caprst_rise_second_80: 0.0001288015
iptat_first_-20: 6.864118e-06
iptat_first_-40: 6.347478e-06
iptat_first_0: 7.389836e-06
iptat_first_100: 9.578625e-06
iptat_first_125: 1.003349e-05
iptat_first_20: 7.878219e-06
iptat_first_40: 8.336094e-06
iptat_first_60: 8.709577e-06
iptat_first_80: 9.211767e-06
iptat_second_-20: 6.589046e-06
iptat_second_-40: 6.098811e-06
iptat_second_0: 7.081695e-06
iptat_second_100: 9.269008e-06
iptat_second_125: 9.700129e-06
iptat_second_20: 7.548739e-06
iptat_second_40: 8.047478e-06
iptat_second_60: 8.483543e-06
iptat_second_80: 8.887645e-06
tmpcount1_-20: 0.1058824
tmpcount1_-40: 0.1005882
tmpcount1_0: 0.06670588
tmpcount1_100: 0.1450588
tmpcount1_125: 0.1545882
tmpcount1_20: 0.1207059
tmpcount1_40: 0.1270588
tmpcount1_60: 0.1334118
tmpcount1_80: 0.1408235
tmpcount2_-20: 0.1016471
tmpcount2_-40: 0.09741176
tmpcount2_0: 0.1101176
tmpcount2_100: 0.1482353
tmpcount2_125: 0.1588235
tmpcount2_20: 0.1207059
tmpcount2_40: 0.1281176
tmpcount2_60: 0.1387059
tmpcount2_80: 0.1355294
