caprst_fall_first_-20: 5.160152e-05
caprst_fall_first_-40: 5.020152e-05
caprst_fall_first_0: 5.155152e-05
caprst_fall_first_100: 5.135152e-05
caprst_fall_first_125: 5.225152e-05
caprst_fall_first_20: 5.015152e-05
caprst_fall_first_40: 5.170152e-05
caprst_fall_first_60: 5.035152e-05
caprst_fall_first_80: 5.190152e-05
caprst_fall_second_-20: 0.0001135515
caprst_fall_second_-40: 0.0001121515
caprst_fall_second_0: 0.0001136015
caprst_fall_second_100: 0.0001136515
caprst_fall_second_125: 0.0001137015
caprst_fall_second_20: 0.0001112015
caprst_fall_second_40: 0.0001123015
caprst_fall_second_60: 0.0001110515
caprst_fall_second_80: 0.0001124515
caprst_rise_first_-20: 7.165152e-05
caprst_rise_first_-40: 7.025152e-05
caprst_rise_first_0: 7.170152e-05
caprst_rise_first_100: 7.175152e-05
caprst_rise_first_125: 7.320152e-05
caprst_rise_first_20: 7.070152e-05
caprst_rise_first_40: 7.180152e-05
caprst_rise_first_60: 7.055152e-05
caprst_rise_first_80: 7.195152e-05
caprst_rise_second_-20: 0.0001337015
caprst_rise_second_-40: 0.0001322015
caprst_rise_second_0: 0.0001336515
caprst_rise_second_100: 0.0001337015
caprst_rise_second_125: 0.0001337515
caprst_rise_second_20: 0.0001313515
caprst_rise_second_40: 0.0001336015
caprst_rise_second_60: 0.0001311515
caprst_rise_second_80: 0.0001328015
iptat_first_-20: 6.008492e-06
iptat_first_-40: 5.553965e-06
iptat_first_0: 6.464533e-06
iptat_first_100: 8.401667e-06
iptat_first_125: 8.780213e-06
iptat_first_20: 6.887856e-06
iptat_first_40: 7.286781e-06
iptat_first_60: 7.685979e-06
iptat_first_80: 8.019283e-06
iptat_second_-20: 5.71311e-06
iptat_second_-40: 5.264146e-06
iptat_second_0: 6.143245e-06
iptat_second_100: 8.115599e-06
iptat_second_125: 8.487203e-06
iptat_second_20: 6.575332e-06
iptat_second_40: 6.980869e-06
iptat_second_60: 7.36221e-06
iptat_second_80: 7.737461e-06
tmpcount1_-20: 0.07484211
tmpcount1_-40: 0.06915789
tmpcount1_0: 0.07957895
tmpcount1_100: 0.1004211
tmpcount1_125: 0.108
tmpcount1_20: 0.08621053
tmpcount1_40: 0.08715789
tmpcount1_60: 0.09189474
tmpcount1_80: 0.09473684
tmpcount2_-20: 0.07105263
tmpcount2_-40: 0.06536842
tmpcount2_0: 0.07673684
tmpcount2_100: 0.09473684
tmpcount2_125: 0.09947368
tmpcount2_20: 0.07957895
tmpcount2_40: 0.08905263
tmpcount2_60: 0.08715789
tmpcount2_80: 0.09284211
