caprst_fall_first_-20: 5.445152e-05
caprst_fall_first_-40: 5.320152e-05
caprst_fall_first_0: 5.435152e-05
caprst_fall_first_100: 5.680152e-05
caprst_fall_first_125: 5.710152e-05
caprst_fall_first_20: 5.430152e-05
caprst_fall_first_40: 5.505152e-05
caprst_fall_first_60: 5.650152e-05
caprst_fall_first_80: 5.665152e-05
caprst_fall_second_-20: 0.0001166015
caprst_fall_second_-40: 0.0001157015
caprst_fall_second_0: 0.0001164515
caprst_fall_second_100: 0.0001175515
caprst_fall_second_125: 0.0001178015
caprst_fall_second_20: 0.0001162515
caprst_fall_second_40: 0.0001159515
caprst_fall_second_60: 0.0001172015
caprst_fall_second_80: 0.0001172015
caprst_rise_first_-20: 7.470152e-05
caprst_rise_first_-40: 7.380152e-05
caprst_rise_first_0: 7.455152e-05
caprst_rise_first_100: 7.705152e-05
caprst_rise_first_125: 7.730152e-05
caprst_rise_first_20: 7.435152e-05
caprst_rise_first_40: 7.545152e-05
caprst_rise_first_60: 7.670152e-05
caprst_rise_first_80: 7.670152e-05
caprst_rise_second_-20: 0.0001366515
caprst_rise_second_-40: 0.0001358015
caprst_rise_second_0: 0.0001367015
caprst_rise_second_100: 0.0001376015
caprst_rise_second_125: 0.0001380015
caprst_rise_second_20: 0.0001363515
caprst_rise_second_40: 0.0001360515
caprst_rise_second_60: 0.0001374515
caprst_rise_second_80: 0.0001373515
iptat_first_-20: 5.324406e-06
iptat_first_-40: 4.984611e-06
iptat_first_0: 5.726653e-06
iptat_first_100: 7.410249e-06
iptat_first_125: 7.762101e-06
iptat_first_20: 6.105808e-06
iptat_first_40: 6.460342e-06
iptat_first_60: 6.795201e-06
iptat_first_80: 7.109938e-06
iptat_second_-20: 5.107883e-06
iptat_second_-40: 4.728379e-06
iptat_second_0: 5.530854e-06
iptat_second_100: 7.238909e-06
iptat_second_125: 7.590092e-06
iptat_second_20: 5.921706e-06
iptat_second_40: 6.255527e-06
iptat_second_60: 6.603222e-06
iptat_second_80: 6.94676e-06
tmpcount1_-20: 0.06726316
tmpcount1_-40: 0.06442105
tmpcount1_0: 0.07010526
tmpcount1_100: 0.07863158
tmpcount1_125: 0.08147368
tmpcount1_20: 0.072
tmpcount1_40: 0.07389474
tmpcount1_60: 0.07484211
tmpcount1_80: 0.07578947
tmpcount2_-20: 0.06252632
tmpcount2_-40: 0.05968421
tmpcount2_0: 0.06726316
tmpcount2_100: 0.07578947
tmpcount2_125: 0.08147368
tmpcount2_20: 0.06915789
tmpcount2_40: 0.072
tmpcount2_60: 0.072
tmpcount2_80: 0.07578947
