caprst_fall_first_-20: 5.290152e-05
caprst_fall_first_-40: 5.325152e-05
caprst_fall_first_0: 5.625152e-05
caprst_fall_first_100: 5.635152e-05
caprst_fall_first_125: 5.380152e-05
caprst_fall_first_20: 5.475152e-05
caprst_fall_first_40: 5.610152e-05
caprst_fall_first_60: 5.615152e-05
caprst_fall_first_80: 5.625152e-05
caprst_fall_second_-20: 0.0001140015
caprst_fall_second_-40: 0.0001140515
caprst_fall_second_0: 0.0001170015
caprst_fall_second_100: 0.0001178515
caprst_fall_second_125: 0.0001148515
caprst_fall_second_20: 0.0001155015
caprst_fall_second_40: 0.0001170515
caprst_fall_second_60: 0.0001170015
caprst_fall_second_80: 0.0001170515
caprst_rise_first_-20: 7.350152e-05
caprst_rise_first_-40: 7.355152e-05
caprst_rise_first_0: 7.650152e-05
caprst_rise_first_100: 7.735152e-05
caprst_rise_first_125: 7.435152e-05
caprst_rise_first_20: 7.495152e-05
caprst_rise_first_40: 7.655152e-05
caprst_rise_first_60: 7.650152e-05
caprst_rise_first_80: 7.655152e-05
caprst_rise_second_-20: 0.0001344515
caprst_rise_second_-40: 0.0001343515
caprst_rise_second_0: 0.0001372515
caprst_rise_second_100: 0.0001381515
caprst_rise_second_125: 0.0001352015
caprst_rise_second_20: 0.0001357515
caprst_rise_second_40: 0.0001373515
caprst_rise_second_60: 0.0001372515
caprst_rise_second_80: 0.0001374015
iptat_first_-20: 6.024127e-06
iptat_first_-40: 5.586639e-06
iptat_first_0: 6.444223e-06
iptat_first_100: 8.395285e-06
iptat_first_125: 8.703477e-06
iptat_first_20: 6.877504e-06
iptat_first_40: 7.279086e-06
iptat_first_60: 7.675225e-06
iptat_first_80: 8.05545e-06
iptat_second_-20: 5.779739e-06
iptat_second_-40: 5.310899e-06
iptat_second_0: 6.227078e-06
iptat_second_100: 8.161828e-06
iptat_second_125: 8.560371e-06
iptat_second_20: 6.65609e-06
iptat_second_40: 7.043635e-06
iptat_second_60: 7.453155e-06
iptat_second_80: 7.80307e-06
tmpcount1_-20: 0.07941176
tmpcount1_-40: 0.07305882
tmpcount1_0: 0.08364706
tmpcount1_100: 0.1111765
tmpcount1_125: 0.1132941
tmpcount1_20: 0.08894118
tmpcount1_40: 0.09423529
tmpcount1_60: 0.09952941
tmpcount1_80: 0.1037647
tmpcount2_-20: 0.07517647
tmpcount2_-40: 0.06882353
tmpcount2_0: 0.08047059
tmpcount2_100: 0.1048235
tmpcount2_125: 0.1101176
tmpcount2_20: 0.09
tmpcount2_40: 0.09105882
tmpcount2_60: 0.09952941
tmpcount2_80: 0.1037647
