caprst_fall_first_-20: 4.745152e-05
caprst_fall_first_-40: 4.665152e-05
caprst_fall_first_0: 4.900152e-05
caprst_fall_first_100: 4.915152e-05
caprst_fall_first_125: 4.900152e-05
caprst_fall_first_20: 4.845152e-05
caprst_fall_first_40: 4.865152e-05
caprst_fall_first_60: 4.740152e-05
caprst_fall_first_80: 4.895152e-05
caprst_fall_second_-20: 0.0001094015
caprst_fall_second_-40: 0.0001086015
caprst_fall_second_0: 0.0001096515
caprst_fall_second_100: 0.0001111015
caprst_fall_second_125: 0.0001109515
caprst_fall_second_20: 0.0001105515
caprst_fall_second_40: 0.0001106015
caprst_fall_second_60: 0.0001079515
caprst_fall_second_80: 0.0001109015
caprst_rise_first_-20: 6.750152e-05
caprst_rise_first_-40: 6.670152e-05
caprst_rise_first_0: 6.915152e-05
caprst_rise_first_100: 6.920152e-05
caprst_rise_first_125: 6.905152e-05
caprst_rise_first_20: 6.865152e-05
caprst_rise_first_40: 6.870152e-05
caprst_rise_first_60: 6.745152e-05
caprst_rise_first_80: 6.900152e-05
caprst_rise_second_-20: 0.0001294515
caprst_rise_second_-40: 0.0001286515
caprst_rise_second_0: 0.0001297015
caprst_rise_second_100: 0.0001311515
caprst_rise_second_125: 0.0001310015
caprst_rise_second_20: 0.0001306515
caprst_rise_second_40: 0.0001306515
caprst_rise_second_60: 0.0001280015
caprst_rise_second_80: 0.0001310015
iptat_first_-20: 5.99137e-06
iptat_first_-40: 5.512488e-06
iptat_first_0: 6.432256e-06
iptat_first_100: 8.372814e-06
iptat_first_125: 8.781592e-06
iptat_first_20: 6.845437e-06
iptat_first_40: 7.265347e-06
iptat_first_60: 7.655001e-06
iptat_first_80: 8.015152e-06
iptat_second_-20: 5.750183e-06
iptat_second_-40: 5.286029e-06
iptat_second_0: 6.170269e-06
iptat_second_100: 8.08478e-06
iptat_second_125: 8.487548e-06
iptat_second_20: 6.574697e-06
iptat_second_40: 6.967969e-06
iptat_second_60: 7.345529e-06
iptat_second_80: 7.744474e-06
tmpcount1_-20: 0.08258824
tmpcount1_-40: 0.07729412
tmpcount1_0: 0.08788235
tmpcount1_100: 0.1101176
tmpcount1_125: 0.1154118
tmpcount1_20: 0.09317647
tmpcount1_40: 0.09635294
tmpcount1_60: 0.1016471
tmpcount1_80: 0.1058824
tmpcount2_-20: 0.07941176
tmpcount2_-40: 0.07411765
tmpcount2_0: 0.08470588
tmpcount2_100: 0.1058824
tmpcount2_125: 0.1132941
tmpcount2_20: 0.09105882
tmpcount2_40: 0.09423529
tmpcount2_60: 0.09952941
tmpcount2_80: 0.1048235
