caprst_fall_first_-20: 5.035152e-05
caprst_fall_first_-40: 5.115152e-05
caprst_fall_first_0: 5.050152e-05
caprst_fall_first_100: 5.390152e-05
caprst_fall_first_125: 5.575152e-05
caprst_fall_first_20: 5.070152e-05
caprst_fall_first_40: 5.090152e-05
caprst_fall_first_60: 5.475152e-05
caprst_fall_first_80: 5.365152e-05
caprst_fall_second_-20: 0.0001109015
caprst_fall_second_-40: 0.0001117515
caprst_fall_second_0: 0.0001117015
caprst_fall_second_100: 0.0001145515
caprst_fall_second_125: 0.0001165015
caprst_fall_second_20: 0.0001113515
caprst_fall_second_40: 0.0001115015
caprst_fall_second_60: 0.0001157515
caprst_fall_second_80: 0.0001156515
caprst_rise_first_-20: 7.040152e-05
caprst_rise_first_-40: 7.120152e-05
caprst_rise_first_0: 7.120152e-05
caprst_rise_first_100: 7.405152e-05
caprst_rise_first_125: 7.595152e-05
caprst_rise_first_20: 7.085152e-05
caprst_rise_first_40: 7.100152e-05
caprst_rise_first_60: 7.520152e-05
caprst_rise_first_80: 7.375152e-05
caprst_rise_second_-20: 0.0001309515
caprst_rise_second_-40: 0.0001318015
caprst_rise_second_0: 0.0001320515
caprst_rise_second_100: 0.0001346015
caprst_rise_second_125: 0.0001368015
caprst_rise_second_20: 0.0001315015
caprst_rise_second_40: 0.0001315515
caprst_rise_second_60: 0.0001359015
caprst_rise_second_80: 0.0001358015
iptat_first_-20: 5.330813e-06
iptat_first_-40: 4.949301e-06
iptat_first_0: 5.716977e-06
iptat_first_100: 7.409758e-06
iptat_first_125: 7.772071e-06
iptat_first_20: 6.088395e-06
iptat_first_40: 6.439081e-06
iptat_first_60: 6.754697e-06
iptat_first_80: 7.090223e-06
iptat_second_-20: 5.129488e-06
iptat_second_-40: 4.725436e-06
iptat_second_0: 5.503386e-06
iptat_second_100: 7.213836e-06
iptat_second_125: 7.587316e-06
iptat_second_20: 5.878257e-06
iptat_second_40: 6.247138e-06
iptat_second_60: 6.583939e-06
iptat_second_80: 6.907643e-06
tmpcount1_-20: 0.07305882
tmpcount1_-40: 0.06988235
tmpcount1_0: 0.07941176
tmpcount1_100: 0.08788235
tmpcount1_125: 0.09105882
tmpcount1_20: 0.07941176
tmpcount1_40: 0.08047059
tmpcount1_60: 0.08258824
tmpcount1_80: 0.08470588
tmpcount2_-20: 0.06988235
tmpcount2_-40: 0.06776471
tmpcount2_0: 0.07411765
tmpcount2_100: 0.08470588
tmpcount2_125: 0.09105882
tmpcount2_20: 0.07623529
tmpcount2_40: 0.07941176
tmpcount2_60: 0.08152941
tmpcount2_80: 0.08364706
