caprst_fall_first_-20: 5.490152e-05
caprst_fall_first_-40: 5.525152e-05
caprst_fall_first_0: 5.675152e-05
caprst_fall_first_100: 5.555152e-05
caprst_fall_first_125: 5.580152e-05
caprst_fall_first_20: 5.670152e-05
caprst_fall_first_40: 5.395152e-05
caprst_fall_first_60: 5.395152e-05
caprst_fall_first_80: 5.405152e-05
caprst_fall_second_-20: 0.0001155015
caprst_fall_second_-40: 0.0001159515
caprst_fall_second_0: 0.0001173515
caprst_fall_second_100: 0.0001161015
caprst_fall_second_125: 0.0001165015
caprst_fall_second_20: 0.0001175015
caprst_fall_second_40: 0.0001147015
caprst_fall_second_60: 0.0001147015
caprst_fall_second_80: 0.0001148015
caprst_rise_first_-20: 7.500152e-05
caprst_rise_first_-40: 7.545152e-05
caprst_rise_first_0: 7.685152e-05
caprst_rise_first_100: 7.560152e-05
caprst_rise_first_125: 7.600152e-05
caprst_rise_first_20: 7.700152e-05
caprst_rise_first_40: 7.420152e-05
caprst_rise_first_60: 7.420152e-05
caprst_rise_first_80: 7.430152e-05
caprst_rise_second_-20: 0.0001357515
caprst_rise_second_-40: 0.0001360015
caprst_rise_second_0: 0.0001375515
caprst_rise_second_100: 0.0001363515
caprst_rise_second_125: 0.0001367015
caprst_rise_second_20: 0.0001376515
caprst_rise_second_40: 0.0001349515
caprst_rise_second_60: 0.0001352015
caprst_rise_second_80: 0.0001349515
iptat_first_-20: 6.019977e-06
iptat_first_-40: 5.612066e-06
iptat_first_0: 6.436977e-06
iptat_first_100: 8.444155e-06
iptat_first_125: 8.875051e-06
iptat_first_20: 6.847967e-06
iptat_first_40: 7.225941e-06
iptat_first_60: 7.6582e-06
iptat_first_80: 8.055527e-06
iptat_second_-20: 5.784333e-06
iptat_second_-40: 5.293816e-06
iptat_second_0: 6.22848e-06
iptat_second_100: 8.241858e-06
iptat_second_125: 8.64929e-06
iptat_second_20: 6.688808e-06
iptat_second_40: 7.098939e-06
iptat_second_60: 7.486198e-06
iptat_second_80: 7.876491e-06
tmpcount1_-20: 0.06915789
tmpcount1_-40: 0.06536842
tmpcount1_0: 0.07389474
tmpcount1_100: 0.09568421
tmpcount1_125: 0.1013684
tmpcount1_20: 0.07957895
tmpcount1_40: 0.08336842
tmpcount1_60: 0.08810526
tmpcount1_80: 0.09189474
tmpcount2_-20: 0.06726316
tmpcount2_-40: 0.06157895
tmpcount2_0: 0.07389474
tmpcount2_100: 0.09378947
tmpcount2_125: 0.09852632
tmpcount2_20: 0.07863158
tmpcount2_40: 0.08336842
tmpcount2_60: 0.08715789
tmpcount2_80: 0.09
