caprst_fall_first_-20: 5.165152e-05
caprst_fall_first_-40: 5.175152e-05
caprst_fall_first_0: 5.020152e-05
caprst_fall_first_100: 5.255152e-05
caprst_fall_first_125: 5.275152e-05
caprst_fall_first_20: 5.050152e-05
caprst_fall_first_40: 5.090152e-05
caprst_fall_first_60: 5.165152e-05
caprst_fall_first_80: 5.245152e-05
caprst_fall_second_-20: 0.0001122015
caprst_fall_second_-40: 0.0001137515
caprst_fall_second_0: 0.0001108015
caprst_fall_second_100: 0.0001147515
caprst_fall_second_125: 0.0001147015
caprst_fall_second_20: 0.0001124515
caprst_fall_second_40: 0.0001114515
caprst_fall_second_60: 0.0001136015
caprst_fall_second_80: 0.0001130015
caprst_rise_first_-20: 7.170152e-05
caprst_rise_first_-40: 7.185152e-05
caprst_rise_first_0: 7.030152e-05
caprst_rise_first_100: 7.285152e-05
caprst_rise_first_125: 7.280152e-05
caprst_rise_first_20: 7.055152e-05
caprst_rise_first_40: 7.095152e-05
caprst_rise_first_60: 7.170152e-05
caprst_rise_first_80: 7.250152e-05
caprst_rise_second_-20: 0.0001323515
caprst_rise_second_-40: 0.0001338015
caprst_rise_second_0: 0.0001313015
caprst_rise_second_100: 0.0001348015
caprst_rise_second_125: 0.0001348015
caprst_rise_second_20: 0.0001328015
caprst_rise_second_40: 0.0001316515
caprst_rise_second_60: 0.0001346015
caprst_rise_second_80: 0.0001332515
iptat_first_-20: 6.866987e-06
iptat_first_-40: 6.346713e-06
iptat_first_0: 7.399579e-06
iptat_first_100: 9.606576e-06
iptat_first_125: 1.005024e-05
iptat_first_20: 7.922073e-06
iptat_first_40: 8.343506e-06
iptat_first_60: 8.770427e-06
iptat_first_80: 9.197669e-06
iptat_second_-20: 6.582491e-06
iptat_second_-40: 6.032694e-06
iptat_second_0: 7.071246e-06
iptat_second_100: 9.303843e-06
iptat_second_125: 9.768554e-06
iptat_second_20: 7.565828e-06
iptat_second_40: 8.014244e-06
iptat_second_60: 8.484378e-06
iptat_second_80: 8.853385e-06
tmpcount1_-20: 0.09473684
tmpcount1_-40: 0.08905263
tmpcount1_0: 0.1013684
tmpcount1_100: 0.1326316
tmpcount1_125: 0.1373684
tmpcount1_20: 0.108
tmpcount1_40: 0.1136842
tmpcount1_60: 0.1184211
tmpcount1_80: 0.126
tmpcount2_-20: 0.09189474
tmpcount2_-40: 0.08621053
tmpcount2_0: 0.09852632
tmpcount2_100: 0.126
tmpcount2_125: 0.1345263
tmpcount2_20: 0.1061053
tmpcount2_40: 0.1108421
tmpcount2_60: 0.1222105
tmpcount2_80: 0.1222105
