isnk_20: 5.670643e-07
isrc_20: 6.845888e-07
vctrl_20: 0.4339644
vctrlmax_20: 0.4420467
vctrlmin_20: 0.426618
vref_20: 0.6158724
