isnk_20: 5.971838e-07
isrc_20: 4.986637e-07
vctrl_20: 0.4412316
vctrlmax_20: 0.4484217
vctrlmin_20: 0.4349952
vref_20: 0.6150148
