isnk_20: 7.833855e-07
isrc_20: 6.912807e-07
vctrl_20: 0.439654
vctrlmax_20: 0.4485271
vctrlmin_20: 0.431856
vref_20: 0.6135732
