isnk_20: 5.904827e-07
isrc_20: 6.599729e-07
vctrl_20: 0.4283804
vctrlmax_20: 0.4344288
vctrlmin_20: 0.4227185
vref_20: 0.6033705
