isnk_20: 5.779032e-07
isrc_20: 4.913959e-07
vctrl_20: 0.4335244
vctrlmax_20: 0.4415976
vctrlmin_20: 0.4264532
vref_20: 0.6199968
