isnk_20: 6.889746e-07
isrc_20: 6.544634e-07
vctrl_20: 0.4276935
vctrlmax_20: 0.4338059
vctrlmin_20: 0.4221231
vref_20: 0.6263508
