isnk_20: 5.283715e-07
isrc_20: 5.408612e-07
vctrl_20: 0.4369881
vctrlmax_20: 0.4442041
vctrlmin_20: 0.4303282
vref_20: 0.6294725
