isnk_20: 6.336361e-07
isrc_20: 5.222219e-07
vctrl_20: 0.4309781
vctrlmax_20: 0.4387558
vctrlmin_20: 0.4242591
vref_20: 0.623539
