isnk_20: 6.063375e-07
isrc_20: 4.235694e-07
vctrl_20: 0.4355079
vctrlmax_20: 0.4428031
vctrlmin_20: 0.4285622
vref_20: 0.6200953
