isnk_20: 6.825824e-07
isrc_20: 5.303601e-07
vctrl_20: 0.4320544
vctrlmax_20: 0.4373656
vctrlmin_20: 0.4273738
vref_20: 0.6254163
