isnk_20: 5.495394e-07
isrc_20: 6.007033e-07
vctrl_20: 0.4364321
vctrlmax_20: 0.4581008
vctrlmin_20: 0.4158542
vref_20: 0.6081474
