isnk_20: 6.099534e-07
isrc_20: 6.084918e-07
vctrl_20: 0.4347777
vctrlmax_20: 0.4537478
vctrlmin_20: 0.4184152
vref_20: 0.6033103
