isnk_20: 6.89764e-07
isrc_20: 6.056702e-07
vctrl_20: 0.43525
vctrlmax_20: 0.4470826
vctrlmin_20: 0.4252125
vref_20: 0.630325
