isnk_20: 7.177187e-07
isrc_20: 5.457646e-07
vctrl_20: 0.4334123
vctrlmax_20: 0.4375054
vctrlmin_20: 0.4297039
vref_20: 0.6330811
