isnk_20: 6.885065e-07
isrc_20: 6.94516e-07
vctrl_20: 0.4328591
vctrlmax_20: 0.4399573
vctrlmin_20: 0.425846
vref_20: 0.6025034
