isnk_20: 6.302371e-07
isrc_20: 5.396971e-07
vctrl_20: 0.4230402
vctrlmax_20: 0.4278618
vctrlmin_20: 0.4187448
vref_20: 0.6132341
