isnk_20: 5.84109e-07
isrc_20: 6.094143e-07
vctrl_20: 0.4307903
vctrlmax_20: 0.4490079
vctrlmin_20: 0.4148476
vref_20: 0.6076948
