isnk_20: 6.730754e-07
isrc_20: 6.673246e-07
vctrl_20: 0.435149
vctrlmax_20: 0.4536758
vctrlmin_20: 0.4184795
vref_20: 0.6065556
