isnk_20: 6.147604e-07
isrc_20: 6.184194e-07
vctrl_20: 0.4367799
vctrlmax_20: 0.4514082
vctrlmin_20: 0.4234408
vref_20: 0.6016838
