isnk_20: 6.302979e-07
isrc_20: 7.259913e-07
vctrl_20: 0.4374674
vctrlmax_20: 0.4520687
vctrlmin_20: 0.4232766
vref_20: 0.6095677
