isnk_20: 5.849042e-07
isrc_20: 6.592363e-07
vctrl_20: 0.4356204
vctrlmax_20: 0.4547978
vctrlmin_20: 0.4185314
vref_20: 0.6182171
