isnk_20: 6.178268e-07
isrc_20: 6.723771e-07
vctrl_20: 0.4307912
vctrlmax_20: 0.4442381
vctrlmin_20: 0.4185583
vref_20: 0.6185041
