isnk_20: 6.409659e-07
isrc_20: 5.134069e-07
vctrl_20: 0.4360452
vctrlmax_20: 0.4443399
vctrlmin_20: 0.4288659
vref_20: 0.6296196
