isnk_20: 7.010329e-07
isrc_20: 5.923072e-07
vctrl_20: 0.4301488
vctrlmax_20: 0.4397216
vctrlmin_20: 0.4213385
vref_20: 0.6214519
