isnk_20: 6.142524e-07
isrc_20: 6.251858e-07
vctrl_20: 0.4303161
vctrlmax_20: 0.4539601
vctrlmin_20: 0.4082516
vref_20: 0.6261636
