isnk_20: 6.164023e-07
isrc_20: 5.026378e-07
vctrl_20: 0.4332248
vctrlmax_20: 0.4497082
vctrlmin_20: 0.4188288
vref_20: 0.6152355
