isnk_20: 6.281598e-07
isrc_20: 5.338526e-07
vctrl_20: 0.4296186
vctrlmax_20: 0.4472072
vctrlmin_20: 0.4134076
vref_20: 0.6146824
