isnk_20: 6.504297e-07
isrc_20: 7.026447e-07
vctrl_20: 0.4349403
vctrlmax_20: 0.4393717
vctrlmin_20: 0.4309608
vref_20: 0.6105686
