isnk_20: 5.945237e-07
isrc_20: 5.186607e-07
vctrl_20: 0.435104
vctrlmax_20: 0.4621885
vctrlmin_20: 0.4100491
vref_20: 0.6193267
