ivdd_-20: -3.023919e-05
ivdd_-40: -2.437197e-05
ivdd_0: -3.528499e-05
ivdd_100: -5.526908e-05
ivdd_125: -6.083432e-05
ivdd_20: -3.952096e-05
ivdd_40: -4.30384e-05
ivdd_60: -4.68287e-05
ivdd_80: -5.126491e-05
vref_-20: 0.5897514
vref_-40: 0.5884682
vref_0: 0.5897865
vref_100: 0.587532
vref_125: 0.586222
vref_20: 0.5900353
vref_40: 0.589645
vref_60: 0.589198
vref_80: 0.5890179
