ivdd_-20: -3.157548e-05
ivdd_-40: -2.599545e-05
ivdd_0: -3.640075e-05
ivdd_100: -5.412226e-05
ivdd_125: -5.949422e-05
ivdd_20: -4.015972e-05
ivdd_40: -4.525333e-05
ivdd_60: -4.667934e-05
ivdd_80: -5.047568e-05
vref_-20: 0.5896024
vref_-40: 0.5873796
vref_0: 0.5898354
vref_100: 0.5909362
vref_125: 0.5903103
vref_20: 0.5895641
vref_40: 0.6026461
vref_60: 0.5908327
vref_80: 0.5901848
