ivdd_-20: -2.85389e-05
ivdd_-40: -2.369969e-05
ivdd_0: -3.277484e-05
ivdd_100: -5.149286e-05
ivdd_125: -5.784289e-05
ivdd_20: -3.584528e-05
ivdd_40: -3.932002e-05
ivdd_60: -4.316473e-05
ivdd_80: -4.678627e-05
vref_-20: 0.586458
vref_-40: 0.5845138
vref_0: 0.587004
vref_100: 0.5893433
vref_125: 0.5886779
vref_20: 0.588723
vref_40: 0.5880844
vref_60: 0.5881063
vref_80: 0.5887922
