ivdd_-20: -3.052238e-05
ivdd_-40: -2.49751e-05
ivdd_0: -3.527965e-05
ivdd_100: -5.377354e-05
ivdd_125: -6.024146e-05
ivdd_20: -3.930744e-05
ivdd_40: -4.243279e-05
ivdd_60: -4.578477e-05
ivdd_80: -4.954568e-05
vref_-20: 0.5982945
vref_-40: 0.5970425
vref_0: 0.5988188
vref_100: 0.6012598
vref_125: 0.6016713
vref_20: 0.5989269
vref_40: 0.6008984
vref_60: 0.6006972
vref_80: 0.6015312
