ivdd_-20: -3.198834e-05
ivdd_-40: -2.638265e-05
ivdd_0: -3.71542e-05
ivdd_100: -5.651882e-05
ivdd_125: -6.191949e-05
ivdd_20: -4.128329e-05
ivdd_40: -4.496093e-05
ivdd_60: -4.827095e-05
ivdd_80: -5.244504e-05
vref_-20: 0.5941661
vref_-40: 0.594847
vref_0: 0.5931759
vref_100: 0.5933645
vref_125: 0.590883
vref_20: 0.5944523
vref_40: 0.5942469
vref_60: 0.593026
vref_80: 0.5934078
