ivdd_-20: -3.071207e-05
ivdd_-40: -2.519837e-05
ivdd_0: -3.56182e-05
ivdd_100: -4.993276e-05
ivdd_125: -5.376985e-05
ivdd_20: -3.937502e-05
ivdd_40: -4.189669e-05
ivdd_60: -4.455775e-05
ivdd_80: -4.720054e-05
vref_-20: 0.5995237
vref_-40: 0.5989946
vref_0: 0.5991673
vref_100: 0.6038156
vref_125: 0.6028129
vref_20: 0.60035
vref_40: 0.602826
vref_60: 0.6030796
vref_80: 0.6031744
