ivdd_-20: -3.120619e-05
ivdd_-40: -2.554352e-05
ivdd_0: -3.578794e-05
ivdd_100: -5.386057e-05
ivdd_125: -6.047262e-05
ivdd_20: -3.99684e-05
ivdd_40: -4.304675e-05
ivdd_60: -4.708413e-05
ivdd_80: -5.040219e-05
vref_-20: 0.5994785
vref_-40: 0.5981583
vref_0: 0.5985939
vref_100: 0.6009059
vref_125: 0.5999729
vref_20: 0.5996698
vref_40: 0.6009984
vref_60: 0.5999818
vref_80: 0.6006308
