ivdd_-20: -3.211877e-05
ivdd_-40: -2.560352e-05
ivdd_0: -3.814778e-05
ivdd_100: -5.59277e-05
ivdd_125: -6.079062e-05
ivdd_20: -4.269108e-05
ivdd_40: -4.618688e-05
ivdd_60: -4.882048e-05
ivdd_80: -5.159231e-05
vref_-20: 0.5876885
vref_-40: 0.5887216
vref_0: 0.5887089
vref_100: 0.5887699
vref_125: 0.5875974
vref_20: 0.5883255
vref_40: 0.5885027
vref_60: 0.5883159
vref_80: 0.5895566
