ivdd_-20: -3.083495e-05
ivdd_-40: -2.540102e-05
ivdd_0: -3.545474e-05
ivdd_100: -5.254794e-05
ivdd_125: -5.698221e-05
ivdd_20: -3.956187e-05
ivdd_40: -4.264063e-05
ivdd_60: -4.586133e-05
ivdd_80: -4.879724e-05
vref_-20: 0.6003237
vref_-40: 0.6016678
vref_0: 0.602429
vref_100: 0.6054733
vref_125: 0.6038262
vref_20: 0.6022219
vref_40: 0.6033443
vref_60: 0.6040503
vref_80: 0.6054168
