ivdd_-20: -3.057372e-05
ivdd_-40: -2.480451e-05
ivdd_0: -3.582563e-05
ivdd_100: -5.231314e-05
ivdd_125: -5.640009e-05
ivdd_20: -3.994826e-05
ivdd_40: -4.290605e-05
ivdd_60: -4.598256e-05
ivdd_80: -4.909541e-05
vref_-20: 0.6012966
vref_-40: 0.599531
vref_0: 0.6013666
vref_100: 0.6016443
vref_125: 0.5992354
vref_20: 0.6009521
vref_40: 0.6019892
vref_60: 0.6020672
vref_80: 0.6021308
