ivdd_-20: -2.96823e-05
ivdd_-40: -2.398072e-05
ivdd_0: -3.497204e-05
ivdd_100: -5.498381e-05
ivdd_125: -6.106516e-05
ivdd_20: -3.91554e-05
ivdd_40: -4.367675e-05
ivdd_60: -4.683066e-05
ivdd_80: -5.118791e-05
vref_-20: 0.5945844
vref_-40: 0.5940431
vref_0: 0.5948292
vref_100: 0.5955939
vref_125: 0.5945912
vref_20: 0.5960742
vref_40: 0.5945267
vref_60: 0.5957356
vref_80: 0.5953773
