ivdd_-20: -3.064047e-05
ivdd_-40: -2.401981e-05
ivdd_0: -3.596581e-05
ivdd_100: -5.565551e-05
ivdd_125: -6.206402e-05
ivdd_20: -4.116476e-05
ivdd_40: -4.416621e-05
ivdd_60: -4.764557e-05
ivdd_80: -5.14352e-05
vref_-20: 0.5965166
vref_-40: 0.5955499
vref_0: 0.5974886
vref_100: 0.5977667
vref_125: 0.5968063
vref_20: 0.5978108
vref_40: 0.5987001
vref_60: 0.5983736
vref_80: 0.5987932
