caprst_fall_first_-20: 4.950152e-05
caprst_fall_first_-40: 4.970152e-05
caprst_fall_first_0: 4.945152e-05
caprst_fall_first_100: 4.985152e-05
caprst_fall_first_125: 5.035152e-05
caprst_fall_first_20: 4.945152e-05
caprst_fall_first_40: 4.950152e-05
caprst_fall_first_60: 4.965152e-05
caprst_fall_first_80: 4.975152e-05
caprst_fall_second_-20: 0.0001390515
caprst_fall_second_-40: 0.0001401015
caprst_fall_second_0: 0.0001390515
caprst_fall_second_100: 0.0001405015
caprst_fall_second_125: 0.0001402515
caprst_fall_second_20: 0.0001390515
caprst_fall_second_40: 0.0001389015
caprst_fall_second_60: 0.0001392015
caprst_fall_second_80: 0.0001393515
caprst_rise_first_-20: 9.970152e-05
caprst_rise_first_-40: 0.0001006515
caprst_rise_first_0: 9.970152e-05
caprst_rise_first_100: 0.0001010015
caprst_rise_first_125: 0.0001006015
caprst_rise_first_20: 9.970152e-05
caprst_rise_first_40: 9.955152e-05
caprst_rise_first_60: 9.985152e-05
caprst_rise_first_80: 0.0001000015
caprst_rise_second_-20: 0.0001898515
caprst_rise_second_-40: 0.0001905015
caprst_rise_second_0: 0.0001892015
caprst_rise_second_100: 0.0001910015
caprst_rise_second_125: 0.0001904015
caprst_rise_second_20: 0.0001895015
caprst_rise_second_40: 0.0001891515
caprst_rise_second_60: 0.0001896015
caprst_rise_second_80: 0.0001897515
iptat_first_-20: 6.455492e-06
iptat_first_-40: 5.997527e-06
iptat_first_0: 6.92631e-06
iptat_first_100: 9.063983e-06
iptat_first_125: 9.56204e-06
iptat_first_20: 7.380972e-06
iptat_first_40: 7.826313e-06
iptat_first_60: 8.259388e-06
iptat_first_80: 8.670279e-06
iptat_second_-20: 5.363363e-06
iptat_second_-40: 4.919961e-06
iptat_second_0: 5.760274e-06
iptat_second_100: 7.468425e-06
iptat_second_125: 7.830504e-06
iptat_second_20: 6.156731e-06
iptat_second_40: 6.522154e-06
iptat_second_60: 6.869887e-06
iptat_second_80: 7.172065e-06
tmpcount1_-20: 0.169
tmpcount1_-40: 0.163
tmpcount1_0: 0.178
tmpcount1_100: 0.227
tmpcount1_125: 0.233
tmpcount1_20: 0.187
tmpcount1_40: 0.2
tmpcount1_60: 0.203
tmpcount1_80: 0.213
tmpcount2_-20: 0.141
tmpcount2_-40: 0.131
tmpcount2_0: 0.15
tmpcount2_100: 0.185
tmpcount2_125: 0.191
tmpcount2_20: 0.156
tmpcount2_40: 0.168
tmpcount2_60: 0.171
tmpcount2_80: 0.178
