caprst_fall_first_-20: 4.945152e-05
caprst_fall_first_-40: 4.950152e-05
caprst_fall_first_0: 4.930152e-05
caprst_fall_first_100: 5.120152e-05
caprst_fall_first_125: 5.270152e-05
caprst_fall_first_20: 4.925152e-05
caprst_fall_first_40: 4.940152e-05
caprst_fall_first_60: 5.005152e-05
caprst_fall_first_80: 5.070152e-05
caprst_fall_second_-20: 0.0001398015
caprst_fall_second_-40: 0.0001398015
caprst_fall_second_0: 0.0001395015
caprst_fall_second_100: 0.0001428515
caprst_fall_second_125: 0.0001452015
caprst_fall_second_20: 0.0001391515
caprst_fall_second_40: 0.0001396015
caprst_fall_second_60: 0.0001407015
caprst_fall_second_80: 0.0001433515
caprst_rise_first_-20: 0.0001000515
caprst_rise_first_-40: 9.990152e-05
caprst_rise_first_0: 9.980152e-05
caprst_rise_first_100: 0.0001012515
caprst_rise_first_125: 0.0001027515
caprst_rise_first_20: 9.940152e-05
caprst_rise_first_40: 9.970152e-05
caprst_rise_first_60: 0.0001003015
caprst_rise_first_80: 0.0001022515
caprst_rise_second_-20: 0.0001901015
caprst_rise_second_-40: 0.0001915015
caprst_rise_second_0: 0.0001897015
caprst_rise_second_100: 0.0001931515
caprst_rise_second_125: 0.0001955515
caprst_rise_second_20: 0.0001895015
caprst_rise_second_40: 0.0001896515
caprst_rise_second_60: 0.0001907515
caprst_rise_second_80: 0.0001941515
iptat_first_-20: 6.703569e-06
iptat_first_-40: 6.180484e-06
iptat_first_0: 7.175296e-06
iptat_first_100: 9.499077e-06
iptat_first_125: 1.00764e-05
iptat_first_20: 7.666828e-06
iptat_first_40: 8.146766e-06
iptat_first_60: 8.615693e-06
iptat_first_80: 9.049833e-06
iptat_second_-20: 5.271305e-06
iptat_second_-40: 4.840548e-06
iptat_second_0: 5.653445e-06
iptat_second_100: 7.225642e-06
iptat_second_125: 7.461567e-06
iptat_second_20: 6.034979e-06
iptat_second_40: 6.373432e-06
iptat_second_60: 6.691253e-06
iptat_second_80: 6.965422e-06
tmpcount1_-20: 0.181
tmpcount1_-40: 0.171
tmpcount1_0: 0.186
tmpcount1_100: 0.235
tmpcount1_125: 0.25
tmpcount1_20: 0.195
tmpcount1_40: 0.203
tmpcount1_60: 0.212
tmpcount1_80: 0.229
tmpcount2_-20: 0.139
tmpcount2_-40: 0.137
tmpcount2_0: 0.149
tmpcount2_100: 0.178
tmpcount2_125: 0.187
tmpcount2_20: 0.153
tmpcount2_40: 0.16
tmpcount2_60: 0.167
tmpcount2_80: 0.173
