caprst_fall_first_-20: 5.400152e-05
caprst_fall_first_-40: 5.415152e-05
caprst_fall_first_0: 5.370152e-05
caprst_fall_first_100: 5.555152e-05
caprst_fall_first_125: 5.600152e-05
caprst_fall_first_20: 5.385152e-05
caprst_fall_first_40: 5.395152e-05
caprst_fall_first_60: 5.410152e-05
caprst_fall_first_80: 5.420152e-05
caprst_fall_second_-20: 0.0001493515
caprst_fall_second_-40: 0.0001510515
caprst_fall_second_0: 0.0001487015
caprst_fall_second_100: 0.0001532515
caprst_fall_second_125: 0.0001526015
caprst_fall_second_20: 0.0001487515
caprst_fall_second_40: 0.0001492015
caprst_fall_second_60: 0.0001491015
caprst_fall_second_80: 0.0001492015
caprst_rise_first_-20: 0.0001043015
caprst_rise_first_-40: 0.0001057015
caprst_rise_first_0: 0.0001040015
caprst_rise_first_100: 0.0001072015
caprst_rise_first_125: 0.0001064015
caprst_rise_first_20: 0.0001040015
caprst_rise_first_40: 0.0001044015
caprst_rise_first_60: 0.0001042515
caprst_rise_first_80: 0.0001044015
caprst_rise_second_-20: 0.0001995015
caprst_rise_second_-40: 0.0002013515
caprst_rise_second_0: 0.0001990515
caprst_rise_second_100: 0.0002034515
caprst_rise_second_125: 0.0002029515
caprst_rise_second_20: 0.0001988015
caprst_rise_second_40: 0.0001997015
caprst_rise_second_60: 0.0002002515
caprst_rise_second_80: 0.0001997515
iptat_first_-20: 7.068759e-06
iptat_first_-40: 6.602453e-06
iptat_first_0: 7.536395e-06
iptat_first_100: 9.76336e-06
iptat_first_125: 1.027142e-05
iptat_first_20: 8.013468e-06
iptat_first_40: 8.463964e-06
iptat_first_60: 8.91737e-06
iptat_first_80: 9.371103e-06
iptat_second_-20: 4.745662e-06
iptat_second_-40: 4.322182e-06
iptat_second_0: 5.146849e-06
iptat_second_100: 6.770636e-06
iptat_second_125: 7.064258e-06
iptat_second_20: 5.521183e-06
iptat_second_40: 5.881979e-06
iptat_second_60: 6.204667e-06
iptat_second_80: 6.489521e-06
tmpcount1_-20: 0.193
tmpcount1_-40: 0.189
tmpcount1_0: 0.199
tmpcount1_100: 0.254
tmpcount1_125: 0.255
tmpcount1_20: 0.206
tmpcount1_40: 0.216
tmpcount1_60: 0.226
tmpcount1_80: 0.233
tmpcount2_-20: 0.13
tmpcount2_-40: 0.122
tmpcount2_0: 0.137
tmpcount2_100: 0.168
tmpcount2_125: 0.177
tmpcount2_20: 0.142
tmpcount2_40: 0.15
tmpcount2_60: 0.158
tmpcount2_80: 0.167
