caprst_fall_first_-20: 5.340152e-05
caprst_fall_first_-40: 5.465152e-05
caprst_fall_first_0: 5.285152e-05
caprst_fall_first_100: 5.190152e-05
caprst_fall_first_125: 5.205152e-05
caprst_fall_first_20: 5.230152e-05
caprst_fall_first_40: 5.190152e-05
caprst_fall_first_60: 5.195152e-05
caprst_fall_first_80: 5.165152e-05
caprst_fall_second_-20: 0.0001483515
caprst_fall_second_-40: 0.0001502515
caprst_fall_second_0: 0.0001466015
caprst_fall_second_100: 0.0001441515
caprst_fall_second_125: 0.0001452015
caprst_fall_second_20: 0.0001453515
caprst_fall_second_40: 0.0001452515
caprst_fall_second_60: 0.0001455015
caprst_fall_second_80: 0.0001440015
caprst_rise_first_-20: 0.0001042515
caprst_rise_first_-40: 0.0001048515
caprst_rise_first_0: 0.0001030515
caprst_rise_first_100: 0.0001019515
caprst_rise_first_125: 0.0001028015
caprst_rise_first_20: 0.0001023515
caprst_rise_first_40: 0.0001025015
caprst_rise_first_60: 0.0001030015
caprst_rise_first_80: 0.0001017015
caprst_rise_second_-20: 0.0001991015
caprst_rise_second_-40: 0.0002006015
caprst_rise_second_0: 0.0001969015
caprst_rise_second_100: 0.0001945022
caprst_rise_second_125: 0.0001956028
caprst_rise_second_20: 0.0001960015
caprst_rise_second_40: 0.0001959515
caprst_rise_second_60: 0.0001957515
caprst_rise_second_80: 0.0001944015
iptat_first_-20: 7.097561e-06
iptat_first_-40: 6.663456e-06
iptat_first_0: 7.533287e-06
iptat_first_100: 9.497058e-06
iptat_first_125: 9.928057e-06
iptat_first_20: 7.962715e-06
iptat_first_40: 8.361247e-06
iptat_first_60: 8.763471e-06
iptat_first_80: 9.15555e-06
iptat_second_-20: 4.91165e-06
iptat_second_-40: 4.439061e-06
iptat_second_0: 5.330942e-06
iptat_second_100: 7.274253e-06
iptat_second_125: 7.686278e-06
iptat_second_20: 5.773067e-06
iptat_second_40: 6.16848e-06
iptat_second_60: 6.563465e-06
iptat_second_80: 6.913546e-06
tmpcount1_-20: 0.19
tmpcount1_-40: 0.183
tmpcount1_0: 0.195
tmpcount1_100: 0.235
tmpcount1_125: 0.248
tmpcount1_20: 0.205
tmpcount1_40: 0.21
tmpcount1_60: 0.224
tmpcount1_80: 0.228
tmpcount2_-20: 0.13
tmpcount2_-40: 0.123
tmpcount2_0: 0.139
tmpcount2_100: 0.184
tmpcount2_125: 0.191
tmpcount2_20: 0.149
tmpcount2_40: 0.155
tmpcount2_60: 0.164
tmpcount2_80: 0.172
