caprst_fall_first_-20: 4.980152e-05
caprst_fall_first_-40: 4.995152e-05
caprst_fall_first_0: 4.975152e-05
caprst_fall_first_100: 5.140152e-05
caprst_fall_first_125: 5.245152e-05
caprst_fall_first_20: 4.975152e-05
caprst_fall_first_40: 4.970152e-05
caprst_fall_first_60: 4.985152e-05
caprst_fall_first_80: 5.000152e-05
caprst_fall_second_-20: 0.0001425015
caprst_fall_second_-40: 0.0001432515
caprst_fall_second_0: 0.0001422515
caprst_fall_second_100: 0.0001447515
caprst_fall_second_125: 0.0001467515
caprst_fall_second_20: 0.0001419015
caprst_fall_second_40: 0.0001420015
caprst_fall_second_60: 0.0001419015
caprst_fall_second_80: 0.0001424015
caprst_rise_first_-20: 0.0001003015
caprst_rise_first_-40: 0.0001009015
caprst_rise_first_0: 0.0001002015
caprst_rise_first_100: 0.0001016515
caprst_rise_first_125: 0.0001025015
caprst_rise_first_20: 0.0001000015
caprst_rise_first_40: 0.0001000515
caprst_rise_first_60: 9.990152e-05
caprst_rise_first_80: 0.0001003015
caprst_rise_second_-20: 0.0001935015
caprst_rise_second_-40: 0.0001936015
caprst_rise_second_0: 0.0001939015
caprst_rise_second_100: 0.0001950515
caprst_rise_second_125: 0.0001975015
caprst_rise_second_20: 0.0001919515
caprst_rise_second_40: 0.0001928015
caprst_rise_second_60: 0.0001923015
caprst_rise_second_80: 0.0001925515
iptat_first_-20: 6.948548e-06
iptat_first_-40: 6.466688e-06
iptat_first_0: 7.422607e-06
iptat_first_100: 9.634773e-06
iptat_first_125: 1.017333e-05
iptat_first_20: 7.872276e-06
iptat_first_40: 8.33256e-06
iptat_first_60: 8.765161e-06
iptat_first_80: 9.177463e-06
iptat_second_-20: 4.848117e-06
iptat_second_-40: 4.421465e-06
iptat_second_0: 5.244956e-06
iptat_second_100: 6.880099e-06
iptat_second_125: 7.132666e-06
iptat_second_20: 5.636284e-06
iptat_second_40: 5.994545e-06
iptat_second_60: 6.320131e-06
iptat_second_80: 6.629961e-06
tmpcount1_-20: 0.186
tmpcount1_-40: 0.181
tmpcount1_0: 0.192
tmpcount1_100: 0.238
tmpcount1_125: 0.25
tmpcount1_20: 0.199
tmpcount1_40: 0.208
tmpcount1_60: 0.222
tmpcount1_80: 0.226
tmpcount2_-20: 0.128
tmpcount2_-40: 0.123
tmpcount2_0: 0.137
tmpcount2_100: 0.171
tmpcount2_125: 0.18
tmpcount2_20: 0.143
tmpcount2_40: 0.153
tmpcount2_60: 0.158
tmpcount2_80: 0.167
