caprst_fall_first_-20: 4.800152e-05
caprst_fall_first_-40: 4.805152e-05
caprst_fall_first_0: 4.790152e-05
caprst_fall_first_100: 4.830152e-05
caprst_fall_first_125: 4.850152e-05
caprst_fall_first_20: 4.795152e-05
caprst_fall_first_40: 4.795152e-05
caprst_fall_first_60: 4.800152e-05
caprst_fall_first_80: 4.815152e-05
caprst_fall_second_-20: 0.0001375515
caprst_fall_second_-40: 0.0001376015
caprst_fall_second_0: 0.0001373515
caprst_fall_second_100: 0.0001379515
caprst_fall_second_125: 0.0001382515
caprst_fall_second_20: 0.0001382015
caprst_fall_second_40: 0.0001373015
caprst_fall_second_60: 0.0001373515
caprst_fall_second_80: 0.0001377015
caprst_rise_first_-20: 9.825152e-05
caprst_rise_first_-40: 9.830152e-05
caprst_rise_first_0: 9.805152e-05
caprst_rise_first_100: 9.865152e-05
caprst_rise_first_125: 9.895152e-05
caprst_rise_first_20: 9.890152e-05
caprst_rise_first_40: 9.800152e-05
caprst_rise_first_60: 9.805152e-05
caprst_rise_first_80: 9.840152e-05
caprst_rise_second_-20: 0.0001878515
caprst_rise_second_-40: 0.0001878028
caprst_rise_second_0: 0.0001883015
caprst_rise_second_100: 0.0001882015
caprst_rise_second_125: 0.0001889015
caprst_rise_second_20: 0.0001884515
caprst_rise_second_40: 0.0001874015
caprst_rise_second_60: 0.0001876015
caprst_rise_second_80: 0.0001880515
iptat_first_-20: 6.276621e-06
iptat_first_-40: 5.797464e-06
iptat_first_0: 6.764666e-06
iptat_first_100: 8.986409e-06
iptat_first_125: 9.48305e-06
iptat_first_20: 7.240087e-06
iptat_first_40: 7.698524e-06
iptat_first_60: 8.143024e-06
iptat_first_80: 8.565374e-06
iptat_second_-20: 5.540695e-06
iptat_second_-40: 5.125622e-06
iptat_second_0: 5.951601e-06
iptat_second_100: 7.637307e-06
iptat_second_125: 8.006708e-06
iptat_second_20: 6.344784e-06
iptat_second_40: 6.684178e-06
iptat_second_60: 7.007015e-06
iptat_second_80: 7.351484e-06
tmpcount1_-20: 0.167
tmpcount1_-40: 0.159
tmpcount1_0: 0.173
tmpcount1_100: 0.222
tmpcount1_125: 0.233
tmpcount1_20: 0.185
tmpcount1_40: 0.193
tmpcount1_60: 0.205
tmpcount1_80: 0.212
tmpcount2_-20: 0.145
tmpcount2_-40: 0.14
tmpcount2_0: 0.155
tmpcount2_100: 0.191
tmpcount2_125: 0.201
tmpcount2_20: 0.159
tmpcount2_40: 0.166
tmpcount2_60: 0.174
tmpcount2_80: 0.186
