caprst_fall_first_-20: 4.950152e-05
caprst_fall_first_-40: 4.825152e-05
caprst_fall_first_0: 4.945152e-05
caprst_fall_first_100: 4.990152e-05
caprst_fall_first_125: 4.880152e-05
caprst_fall_first_20: 4.955152e-05
caprst_fall_first_40: 4.955152e-05
caprst_fall_first_60: 4.960152e-05
caprst_fall_first_80: 4.975152e-05
caprst_fall_second_-20: 0.0001389515
caprst_fall_second_-40: 0.0001379015
caprst_fall_second_0: 0.0001392515
caprst_fall_second_100: 0.0001396515
caprst_fall_second_125: 0.0001382015
caprst_fall_second_20: 0.0001391015
caprst_fall_second_40: 0.0001391015
caprst_fall_second_60: 0.0001389515
caprst_fall_second_80: 0.0001397015
caprst_rise_first_-20: 9.965152e-05
caprst_rise_first_-40: 9.855152e-05
caprst_rise_first_0: 9.995152e-05
caprst_rise_first_100: 0.0001003515
caprst_rise_first_125: 9.890152e-05
caprst_rise_first_20: 9.980152e-05
caprst_rise_first_40: 9.980152e-05
caprst_rise_first_60: 9.965152e-05
caprst_rise_first_80: 0.0001004015
caprst_rise_second_-20: 0.0001910515
caprst_rise_second_-40: 0.0001886015
caprst_rise_second_0: 0.0001894515
caprst_rise_second_100: 0.0001902015
caprst_rise_second_125: 0.0001901015
caprst_rise_second_20: 0.0001898515
caprst_rise_second_40: 0.0001896515
caprst_rise_second_60: 0.0001896515
caprst_rise_second_80: 0.0001914015
iptat_first_-20: 6.29484e-06
iptat_first_-40: 5.845163e-06
iptat_first_0: 6.745911e-06
iptat_first_100: 8.902501e-06
iptat_first_125: 9.415414e-06
iptat_first_20: 7.178142e-06
iptat_first_40: 7.621739e-06
iptat_first_60: 8.050365e-06
iptat_first_80: 8.47307e-06
iptat_second_-20: 5.571141e-06
iptat_second_-40: 5.104686e-06
iptat_second_0: 6.007104e-06
iptat_second_100: 7.763988e-06
iptat_second_125: 8.04639e-06
iptat_second_20: 6.415729e-06
iptat_second_40: 6.79354e-06
iptat_second_60: 7.140798e-06
iptat_second_80: 7.462169e-06
tmpcount1_-20: 0.166
tmpcount1_-40: 0.159
tmpcount1_0: 0.172
tmpcount1_100: 0.224
tmpcount1_125: 0.231
tmpcount1_20: 0.182
tmpcount1_40: 0.189
tmpcount1_60: 0.2
tmpcount1_80: 0.21
tmpcount2_-20: 0.15
tmpcount2_-40: 0.142
tmpcount2_0: 0.154
tmpcount2_100: 0.191
tmpcount2_125: 0.208
tmpcount2_20: 0.161
tmpcount2_40: 0.172
tmpcount2_60: 0.178
tmpcount2_80: 0.188
