caprst_fall_first_-20: 4.830152e-05
caprst_fall_first_-40: 4.840152e-05
caprst_fall_first_0: 4.785152e-05
caprst_fall_first_100: 4.825152e-05
caprst_fall_first_125: 4.835152e-05
caprst_fall_first_20: 4.775152e-05
caprst_fall_first_40: 4.785152e-05
caprst_fall_first_60: 4.790152e-05
caprst_fall_first_80: 4.805152e-05
caprst_fall_second_-20: 0.0001425015
caprst_fall_second_-40: 0.0001393015
caprst_fall_second_0: 0.0001380015
caprst_fall_second_100: 0.0001390015
caprst_fall_second_125: 0.0001377528
caprst_fall_second_20: 0.0001375515
caprst_fall_second_40: 0.0001375515
caprst_fall_second_60: 0.0001378015
caprst_fall_second_80: 0.0001376515
caprst_rise_first_-20: 0.0001021015
caprst_rise_first_-40: 9.875152e-05
caprst_rise_first_0: 9.820152e-05
caprst_rise_first_100: 9.960152e-05
caprst_rise_first_125: 9.840152e-05
caprst_rise_first_20: 9.800152e-05
caprst_rise_first_40: 9.805152e-05
caprst_rise_first_60: 9.835152e-05
caprst_rise_first_80: 9.820152e-05
caprst_rise_second_-20: 0.0001925515
caprst_rise_second_-40: 0.0001895015
caprst_rise_second_0: 0.0001886515
caprst_rise_second_100: 0.0001898515
caprst_rise_second_125: 0.0001878515
caprst_rise_second_20: 0.0001878028
caprst_rise_second_40: 0.0001880515
caprst_rise_second_60: 0.0001878515
caprst_rise_second_80: 0.0001877515
iptat_first_-20: 6.727333e-06
iptat_first_-40: 6.268308e-06
iptat_first_0: 7.182557e-06
iptat_first_100: 9.104294e-06
iptat_first_125: 9.492642e-06
iptat_first_20: 7.606141e-06
iptat_first_40: 8.01783e-06
iptat_first_60: 8.400859e-06
iptat_first_80: 8.757403e-06
iptat_second_-20: 5.017703e-06
iptat_second_-40: 4.595398e-06
iptat_second_0: 5.466405e-06
iptat_second_100: 7.417769e-06
iptat_second_125: 7.861886e-06
iptat_second_20: 5.916752e-06
iptat_second_40: 6.27808e-06
iptat_second_60: 6.713312e-06
iptat_second_80: 7.074603e-06
tmpcount1_-20: 0.195
tmpcount1_-40: 0.175
tmpcount1_0: 0.187
tmpcount1_100: 0.23
tmpcount1_125: 0.235
tmpcount1_20: 0.192
tmpcount1_40: 0.201
tmpcount1_60: 0.209
tmpcount1_80: 0.219
tmpcount2_-20: 0.133
tmpcount2_-40: 0.126
tmpcount2_0: 0.141
tmpcount2_100: 0.189
tmpcount2_125: 0.194
tmpcount2_20: 0.152
tmpcount2_40: 0.158
tmpcount2_60: 0.168
tmpcount2_80: 0.175
