ipmos_-20: 1.658891e-05
ipmos_-40: 1.793795e-12
ipmos_0: 1.652374e-05
ipmos_100: 1.575623e-05
ipmos_125: 1.546288e-05
ipmos_20: 1.643021e-05
ipmos_40: 1.626986e-05
ipmos_60: 1.614219e-05
ipmos_80: 1.596054e-05
isnk_-20: 5.796583e-07
isnk_-40: 5.365836e-07
isnk_0: 6.212605e-07
isnk_100: 7.826587e-07
isnk_125: 8.124857e-07
isnk_20: 6.595369e-07
isnk_40: 6.946339e-07
isnk_60: 7.267273e-07
isnk_80: 7.560189e-07
isrc_-20: 5.470683e-07
isrc_-40: 5.000312e-07
isrc_0: 5.910988e-07
isrc_100: 7.67656e-07
isrc_125: 8.004727e-07
isrc_20: 6.321281e-07
isrc_40: 6.702295e-07
isrc_60: 7.054944e-07
isrc_80: 7.379802e-07
vctrl_-20: 0.3159053
vctrl_-40: 1.349549
vctrl_0: 0.3371309
vctrl_100: 0.4575233
vctrl_125: 0.4910434
vctrl_20: 0.3592615
vctrl_40: 0.3824364
vctrl_60: 0.4065519
vctrl_80: 0.4315746
vctrlmax_-20: 0.3538112
vctrlmax_-40: 1.353331
vctrlmax_0: 0.3768856
vctrlmax_100: 0.4991085
vctrlmax_125: 0.5340577
vctrlmax_20: 0.4005763
vctrlmax_40: 0.4250977
vctrlmax_60: 0.4508467
vctrlmax_80: 0.4736557
vctrlmin_-20: 0.2908421
vctrlmin_-40: 1.345781
vctrlmin_0: 0.3115105
vctrlmin_100: 0.4363399
vctrlmin_125: 0.4724496
vctrlmin_20: 0.3401433
vctrlmin_40: 0.3688745
vctrlmin_60: 0.3860045
vctrlmin_80: 0.4123699
vref_-20: 1.043572
vref_-40: 1.042482
vref_0: 1.044255
vref_100: 1.041951
vref_125: 1.040286
vref_20: 1.0447
vref_40: 1.044301
vref_60: 1.043671
vref_80: 1.042857
