ipmos_-20: 1.461474e-05
ipmos_-40: 1.458622e-05
ipmos_0: 1.452906e-05
ipmos_100: 1.37845e-05
ipmos_125: 1.352524e-05
ipmos_20: 1.441821e-05
ipmos_40: 1.425378e-05
ipmos_60: 1.41379e-05
ipmos_80: 1.397125e-05
isnk_-20: 5.538629e-07
isnk_-40: 5.143585e-07
isnk_0: 5.901878e-07
isnk_100: 7.292607e-07
isnk_125: 7.544712e-07
isnk_20: 6.234674e-07
isnk_40: 6.538608e-07
isnk_60: 6.814884e-07
isnk_80: 7.065723e-07
isrc_-20: 5.271179e-07
isrc_-40: 4.857421e-07
isrc_0: 5.656894e-07
isrc_100: 7.187652e-07
isrc_125: 7.477302e-07
isrc_20: 6.014739e-07
isrc_40: 6.345582e-07
isrc_60: 6.650501e-07
isrc_80: 6.930793e-07
vctrl_-20: 0.391244
vctrl_-40: 0.3709606
vctrl_0: 0.4123071
vctrl_100: 0.5314074
vctrl_125: 0.5646195
vctrl_20: 0.4342399
vctrl_40: 0.4571116
vctrl_60: 0.4810098
vctrl_80: 0.5057897
vctrlmax_-20: 0.4331176
vctrlmax_-40: 0.4107735
vctrlmax_0: 0.4556083
vctrlmax_100: 0.5787102
vctrlmax_125: 0.6078393
vctrlmax_20: 0.4801574
vctrlmax_40: 0.5038774
vctrlmax_60: 0.5285508
vctrlmax_80: 0.5543777
vctrlmin_-20: 0.3724615
vctrlmin_-40: 0.3593337
vctrlmin_0: 0.383792
vctrlmin_100: 0.5109588
vctrlmin_125: 0.5439585
vctrlmin_20: 0.405431
vctrlmin_40: 0.4337853
vctrlmin_60: 0.4592822
vctrlmin_80: 0.4778221
vref_-20: 1.047969
vref_-40: 1.048129
vref_0: 1.048636
vref_100: 1.048839
vref_125: 1.047559
vref_20: 1.049495
vref_40: 1.050065
vref_60: 1.049829
vref_80: 1.049436
