ipmos_-20: 1.657405e-05
ipmos_-40: 1.659797e-05
ipmos_0: 1.651405e-05
ipmos_100: 1.576947e-05
ipmos_125: 1.55063e-05
ipmos_20: 1.642812e-05
ipmos_40: 1.630221e-05
ipmos_60: 1.614544e-05
ipmos_80: 1.596556e-05
isnk_-20: 8.6056e-07
isnk_-40: 8.156461e-07
isnk_0: 9.014494e-07
isnk_100: 1.051041e-06
isnk_125: 1.076169e-06
isnk_20: 9.384366e-07
isnk_40: 9.716937e-07
isnk_60: 1.001415e-06
isnk_80: 1.027693e-06
isrc_-20: 8.210977e-07
isrc_-40: 7.724903e-07
isrc_0: 8.65961e-07
isrc_100: 1.036799e-06
isrc_125: 1.066064e-06
isrc_20: 9.071114e-07
isrc_40: 9.446519e-07
isrc_60: 9.787214e-07
isrc_80: 1.009427e-06
vctrl_-20: 0.5169227
vctrl_-40: 0.4968201
vctrl_0: 0.5380152
vctrl_100: 0.6580066
vctrl_125: 0.6915539
vctrl_20: 0.560038
vctrl_40: 0.5831083
vctrl_60: 0.6071712
vctrl_80: 0.6321528
vctrlmax_-20: 0.5571365
vctrlmax_-40: 0.5398677
vctrlmax_0: 0.5799214
vctrlmax_100: 0.6990919
vctrlmax_125: 0.7340534
vctrlmax_20: 0.6042857
vctrlmax_40: 0.6255126
vctrlmax_60: 0.6526893
vctrlmax_80: 0.6751909
vctrlmin_-20: 0.4862678
vctrlmin_-40: 0.4660443
vctrlmin_0: 0.5224802
vctrlmin_100: 0.6315679
vctrlmin_125: 0.6608807
vctrlmin_20: 0.5405945
vctrlmin_40: 0.550772
vctrlmin_60: 0.5890773
vctrlmin_80: 0.6051204
vref_-20: 1.047926
vref_-40: 1.046356
vref_0: 1.04899
vref_100: 1.04906
vref_125: 1.047837
vref_20: 1.049669
vref_40: 1.050046
vref_60: 1.04992
vref_80: 1.049584
