ipmos_-20: 1.300557e-05
ipmos_-40: 1.297542e-05
ipmos_0: 1.285031e-05
ipmos_100: 1.227094e-05
ipmos_125: 1.201166e-05
ipmos_20: 1.277917e-05
ipmos_40: 1.268028e-05
ipmos_60: 1.255848e-05
ipmos_80: 1.243605e-05
isnk_-20: 5.314484e-07
isnk_-40: 4.964558e-07
isnk_0: 5.634721e-07
isnk_100: 6.834493e-07
isnk_125: 7.047246e-07
isnk_20: 5.924805e-07
isnk_40: 6.187465e-07
isnk_60: 6.426102e-07
isnk_80: 6.6412e-07
isrc_-20: 5.10098e-07
isrc_-40: 4.736896e-07
isrc_0: 5.439016e-07
isrc_100: 6.759598e-07
isrc_125: 7.003868e-07
isrc_20: 5.751221e-07
isrc_40: 6.038213e-07
isrc_60: 6.301156e-07
isrc_80: 6.541211e-07
vctrl_-20: 0.458522
vctrl_-40: 0.4385168
vctrl_0: 0.4796675
vctrl_100: 0.5976752
vctrl_125: 0.6305186
vctrl_20: 0.5015542
vctrl_40: 0.5242805
vctrl_60: 0.547875
vctrl_80: 0.5723722
vctrlmax_-20: 0.5019256
vctrlmax_-40: 0.4811553
vctrlmax_0: 0.5242364
vctrlmax_100: 0.6478426
vctrlmax_125: 0.6809525
vctrlmax_20: 0.547501
vctrlmax_40: 0.5701458
vctrlmax_60: 0.5941147
vctrlmax_80: 0.6213119
vctrlmin_-20: 0.4294739
vctrlmin_-40: 0.4084252
vctrlmin_0: 0.4579964
vctrlmin_100: 0.5674346
vctrlmin_125: 0.6078255
vctrlmin_20: 0.4857
vctrlmin_40: 0.493894
vctrlmin_60: 0.5176911
vctrlmin_80: 0.5413631
vref_-20: 1.051448
vref_-40: 1.046806
vref_0: 1.051285
vref_100: 1.051802
vref_125: 1.050831
vref_20: 1.051411
vref_40: 1.051831
vref_60: 1.052185
vref_80: 1.052024
