ipmos_-20: 1.301303e-05
ipmos_-40: 1.306451e-05
ipmos_0: 1.284014e-05
ipmos_100: 1.22274e-05
ipmos_125: 1.197144e-05
ipmos_20: 1.278964e-05
ipmos_40: 1.264022e-05
ipmos_60: 1.254726e-05
ipmos_80: 1.239371e-05
isnk_-20: 3.296279e-07
isnk_-40: 2.959126e-07
isnk_0: 3.611048e-07
isnk_100: 4.864907e-07
isnk_125: 5.107575e-07
isnk_20: 3.900578e-07
isnk_40: 4.171992e-07
isnk_60: 4.42198e-07
isnk_80: 4.651729e-07
isrc_-20: 3.132816e-07
isrc_-40: 2.792667e-07
isrc_0: 3.454671e-07
isrc_100: 4.787303e-07
isrc_125: 5.053205e-07
isrc_20: 3.757636e-07
isrc_40: 4.041908e-07
isrc_60: 4.307877e-07
isrc_80: 4.556126e-07
vctrl_-20: 0.2553161
vctrl_-40: 0.2342231
vctrl_0: 0.2771972
vctrl_100: 0.3967534
vctrl_125: 0.429703
vctrl_20: 0.299603
vctrl_40: 0.3226463
vctrl_60: 0.3464326
vctrl_80: 0.3712424
vctrlmax_-20: 0.2961657
vctrlmax_-40: 0.2750327
vctrlmax_0: 0.3208862
vctrlmax_100: 0.4473626
vctrlmax_125: 0.4809869
vctrlmax_20: 0.3456199
vctrlmax_40: 0.3708044
vctrlmax_60: 0.3958769
vctrlmax_80: 0.4216978
vctrlmin_-20: 0.2348858
vctrlmin_-40: 0.2160457
vctrlmin_0: 0.2574173
vctrlmin_100: 0.3774664
vctrlmin_125: 0.4085611
vctrlmin_20: 0.274737
vctrlmin_40: 0.2971655
vctrlmin_60: 0.3203542
vctrlmin_80: 0.3455582
vref_-20: 1.040609
vref_-40: 1.037484
vref_0: 1.039652
vref_100: 1.041018
vref_125: 1.040274
vref_20: 1.039828
vref_40: 1.040721
vref_60: 1.04125
vref_80: 1.041314
