ipmos_20: 1.36472e-05
isnk_20: 6.109513e-07
isrc_20: 5.729794e-07
vctrl_20: 0.4387625
vctrlmax_20: 0.4840012
vctrlmin_20: 0.4167902
vref_20: 0.9890209
