ipmos_20: 1.224185e-05
isnk_20: 5.166556e-07
isrc_20: 4.963369e-07
vctrl_20: 0.4701383
vctrlmax_20: 0.5125251
vctrlmin_20: 0.4419201
vref_20: 0.8982474
