ipmos_20: 1.471274e-05
isnk_20: 6.35756e-07
isrc_20: 5.479645e-07
vctrl_20: 0.4353127
vctrlmax_20: 0.4803166
vctrlmin_20: 0.4131417
vref_20: 1.069207
