ipmos_20: 1.51483e-05
isnk_20: 6.160033e-07
isrc_20: 5.820738e-07
vctrl_20: 0.4275697
vctrlmax_20: 0.4716323
vctrlmin_20: 0.3988464
vref_20: 1.100819
