ipmos_20: 1.401326e-05
isnk_20: 5.429385e-07
isrc_20: 5.660289e-07
vctrl_20: 0.4284033
vctrlmax_20: 0.4720457
vctrlmin_20: 0.4006626
vref_20: 1.027292
