ipmos_20: 1.29255e-05
isnk_20: 5.597927e-07
isrc_20: 6.226621e-07
vctrl_20: 0.4560279
vctrlmax_20: 0.497949
vctrlmin_20: 0.4429351
vref_20: 0.9490009
