ipmos_20: 1.46175e-05
isnk_20: 5.703259e-07
isrc_20: 6.059432e-07
vctrl_20: 0.4349842
vctrlmax_20: 0.480286
vctrlmin_20: 0.4069122
vref_20: 1.06184
