ipmos_20: 1.544288e-05
isnk_20: 5.977209e-07
isrc_20: 5.238579e-07
vctrl_20: 0.4154815
vctrlmax_20: 0.4614623
vctrlmin_20: 0.3883807
vref_20: 1.117602
