ipmos_20: 1.565699e-05
isnk_20: 7.462069e-07
isrc_20: 5.870383e-07
vctrl_20: 0.419396
vctrlmax_20: 0.4635979
vctrlmin_20: 0.404996
vref_20: 1.140534
