ipmos_20: 1.566281e-05
isnk_20: 5.658463e-07
isrc_20: 5.982632e-07
vctrl_20: 0.4141657
vctrlmax_20: 0.4590356
vctrlmin_20: 0.3994912
vref_20: 1.138016
