ipmos_20: 1.499183e-05
isnk_20: 5.935186e-07
isrc_20: 5.929512e-07
vctrl_20: 0.4203632
vctrlmax_20: 0.4653026
vctrlmin_20: 0.4067984
vref_20: 1.087842
