ipmos_20: 1.401089e-05
isnk_20: 6.142102e-07
isrc_20: 5.185489e-07
vctrl_20: 0.4354687
vctrlmax_20: 0.4794725
vctrlmin_20: 0.413931
vref_20: 1.020647
