ipmos_20: 1.461013e-05
isnk_20: 6.106083e-07
isrc_20: 5.720653e-07
vctrl_20: 0.4357836
vctrlmax_20: 0.4787267
vctrlmin_20: 0.418101
vref_20: 1.063598
