ipmos_20: 1.546744e-05
isnk_20: 6.947906e-07
isrc_20: 7.022019e-07
vctrl_20: 0.4149135
vctrlmax_20: 0.4596936
vctrlmin_20: 0.3927417
vref_20: 1.120178
