ipmos_20: 1.611639e-05
isnk_20: 6.397561e-07
isrc_20: 5.707153e-07
vctrl_20: 0.4096484
vctrlmax_20: 0.455073
vctrlmin_20: 0.3832634
vref_20: 1.164515
