ipmos_20: 1.275342e-05
isnk_20: 6.438532e-07
isrc_20: 6.666247e-07
vctrl_20: 0.458822
vctrlmax_20: 0.5037838
vctrlmin_20: 0.4318801
vref_20: 0.931069
