ipmos_20: 1.47583e-05
isnk_20: 6.631117e-07
isrc_20: 5.900942e-07
vctrl_20: 0.4285464
vctrlmax_20: 0.4711288
vctrlmin_20: 0.4005224
vref_20: 1.083783
