ipmos_20: 1.802972e-05
isnk_20: 6.794471e-07
isrc_20: 5.784582e-07
vctrl_20: 0.3802992
vctrlmax_20: 0.4256435
vctrlmin_20: 0.3538603
vref_20: 1.274181
