ipmos_20: 1.708317e-05
isnk_20: 6.349758e-07
isrc_20: 5.04444e-07
vctrl_20: 0.3982941
vctrlmax_20: 0.4443816
vctrlmin_20: 0.378929
vref_20: 1.224142
