ipmos_20: 1.886944e-05
isnk_20: 5.622621e-07
isrc_20: 5.588767e-07
vctrl_20: 0.3688799
vctrlmax_20: 0.4145913
vctrlmin_20: 0.3473613
vref_20: 1.318159
