ipmos_20: 1.392457e-05
isnk_20: 5.898118e-07
isrc_20: 7.060374e-07
vctrl_20: 0.4380749
vctrlmax_20: 0.4830356
vctrlmin_20: 0.4093638
vref_20: 1.01937
