ipmos_20: 1.562675e-05
isnk_20: 6.95605e-07
isrc_20: 6.78439e-07
vctrl_20: 0.4079633
vctrlmax_20: 0.4513796
vctrlmin_20: 0.3796205
vref_20: 1.144245
