ipmos_20: 1.601019e-05
isnk_20: 6.629464e-07
isrc_20: 5.938737e-07
vctrl_20: 0.4105783
vctrlmax_20: 0.4530481
vctrlmin_20: 0.3965745
vref_20: 1.154137
