ipmos_20: 1.305869e-05
isnk_20: 6.350086e-07
isrc_20: 5.518994e-07
vctrl_20: 0.4525985
vctrlmax_20: 0.4941631
vctrlmin_20: 0.438699
vref_20: 0.9475828
