ipmos_20: 1.204422e-05
isnk_20: 6.564197e-07
isrc_20: 5.501884e-07
vctrl_20: 0.4675984
vctrlmax_20: 0.5099199
vctrlmin_20: 0.451385
vref_20: 0.8862247
