ipmos_20: 1.646283e-05
isnk_20: 6.674369e-07
isrc_20: 4.638014e-07
vctrl_20: 0.4022247
vctrlmax_20: 0.4474939
vctrlmin_20: 0.3737962
vref_20: 1.188162
