ipmos_20: 1.145515e-05
isnk_20: 6.100614e-07
isrc_20: 5.86325e-07
vctrl_20: 0.4767237
vctrlmax_20: 0.5210146
vctrlmin_20: 0.4520233
vref_20: 0.8383338
