ipmos_20: 1.932219e-05
isnk_20: 6.945156e-07
isrc_20: 5.999332e-07
vctrl_20: 0.366788
vctrlmax_20: 0.4113037
vctrlmin_20: 0.3455165
vref_20: 1.324249
