ipmos_20: 1.126266e-05
isnk_20: 6.185275e-07
isrc_20: 5.968996e-07
vctrl_20: 0.4782623
vctrlmax_20: 0.4804899
vctrlmin_20: 0.4663856
vref_20: 0.8256691
