ipmos_20: 9.499179e-06
isnk_20: 6.322535e-07
isrc_20: 4.773023e-07
vctrl_20: 0.5118616
vctrlmax_20: 0.5540442
vctrlmin_20: 0.4858033
vref_20: 0.6995527
