ivdd_-20: -2.950271e-05
ivdd_-40: -2.446648e-05
ivdd_0: -3.368947e-05
ivdd_100: -5.238791e-05
ivdd_125: -5.706706e-05
ivdd_20: -3.741981e-05
ivdd_40: -4.061204e-05
ivdd_60: -4.407445e-05
ivdd_80: -4.766373e-05
vref_-20: 0.5903893
vref_-40: 0.589645
vref_0: 0.5904381
vref_100: 0.5901332
vref_125: 0.5890252
vref_20: 0.5910011
vref_40: 0.5910193
vref_60: 0.5910295
vref_80: 0.5905697
