ivdd_-20: -3.120385e-05
ivdd_-40: -2.572461e-05
ivdd_0: -3.593822e-05
ivdd_100: -5.209596e-05
ivdd_125: -5.786332e-05
ivdd_20: -3.970725e-05
ivdd_40: -4.290577e-05
ivdd_60: -4.553793e-05
ivdd_80: -4.984483e-05
vref_-20: 0.5986575
vref_-40: 0.5994676
vref_0: 0.6004911
vref_100: 0.5990408
vref_125: 0.5983799
vref_20: 0.6005759
vref_40: 0.5996747
vref_60: 0.5997313
vref_80: 0.5991466
