ivdd_-20: -3.146119e-05
ivdd_-40: -2.481966e-05
ivdd_0: -3.776527e-05
ivdd_100: -6.037167e-05
ivdd_125: -6.631776e-05
ivdd_20: -4.26539e-05
ivdd_40: -4.657985e-05
ivdd_60: -5.12079e-05
ivdd_80: -5.408453e-05
vref_-20: 0.596931
vref_-40: 0.5939754
vref_0: 0.5962773
vref_100: 0.5959664
vref_125: 0.5952101
vref_20: 0.5974954
vref_40: 0.5978858
vref_60: 0.5972482
vref_80: 0.5962111
