ivdd_-20: -2.857962e-05
ivdd_-40: -2.332357e-05
ivdd_0: -3.252985e-05
ivdd_100: -5.238e-05
ivdd_125: -5.908311e-05
ivdd_20: -3.627487e-05
ivdd_40: -3.942492e-05
ivdd_60: -4.297817e-05
ivdd_80: -4.698904e-05
vref_-20: 0.5903587
vref_-40: 0.5895508
vref_0: 0.5907222
vref_100: 0.5919228
vref_125: 0.5918997
vref_20: 0.5912556
vref_40: 0.5918901
vref_60: 0.5926568
vref_80: 0.592427
