ivdd_-20: -3.177541e-05
ivdd_-40: -2.469826e-05
ivdd_0: -3.750554e-05
ivdd_100: -6.297018e-05
ivdd_125: -7.042671e-05
ivdd_20: -4.225392e-05
ivdd_40: -4.640353e-05
ivdd_60: -5.150527e-05
ivdd_80: -5.679957e-05
vref_-20: 0.595245
vref_-40: 0.5962203
vref_0: 0.5963037
vref_100: 0.5963619
vref_125: 0.5947063
vref_20: 0.5981973
vref_40: 0.5971099
vref_60: 0.5964136
vref_80: 0.5967404
