ivdd_-20: -3.07943e-05
ivdd_-40: -2.435003e-05
ivdd_0: -3.634487e-05
ivdd_100: -5.706155e-05
ivdd_125: -6.313123e-05
ivdd_20: -4.112107e-05
ivdd_40: -4.50416e-05
ivdd_60: -4.967061e-05
ivdd_80: -5.314806e-05
vref_-20: 0.591406
vref_-40: 0.5919677
vref_0: 0.5922069
vref_100: 0.5922635
vref_125: 0.5906462
vref_20: 0.5922126
vref_40: 0.5926812
vref_60: 0.5923337
vref_80: 0.5925702
