ivdd_-20: -3.353818e-05
ivdd_-40: -2.734917e-05
ivdd_0: -3.895887e-05
ivdd_100: -5.71968e-05
ivdd_125: -6.254146e-05
ivdd_20: -4.390708e-05
ivdd_40: -4.733997e-05
ivdd_60: -5.037277e-05
ivdd_80: -5.346698e-05
vref_-20: 0.5922481
vref_-40: 0.5905738
vref_0: 0.5921571
vref_100: 0.5948891
vref_125: 0.592215
vref_20: 0.5944124
vref_40: 0.5933153
vref_60: 0.5945937
vref_80: 0.5934327
