caprst_fall_first_-20: 5.515152e-05
caprst_fall_first_-40: 5.535152e-05
caprst_fall_first_0: 5.510152e-05
caprst_fall_first_100: 5.430152e-05
caprst_fall_first_125: 5.505152e-05
caprst_fall_first_20: 5.505152e-05
caprst_fall_first_40: 5.405152e-05
caprst_fall_first_60: 5.415152e-05
caprst_fall_first_80: 5.415152e-05
caprst_fall_second_-20: 7.500152e-05
caprst_fall_second_-40: 7.520152e-05
caprst_fall_second_0: 7.500152e-05
caprst_fall_second_100: 7.425152e-05
caprst_fall_second_125: 7.510152e-05
caprst_fall_second_20: 7.490152e-05
caprst_fall_second_40: 7.390152e-05
caprst_fall_second_60: 7.400152e-05
caprst_fall_second_80: 7.400152e-05
caprst_rise_first_-20: 6.650152e-05
caprst_rise_first_-40: 6.670152e-05
caprst_rise_first_0: 6.650152e-05
caprst_rise_first_100: 6.575152e-05
caprst_rise_first_125: 6.660152e-05
caprst_rise_first_20: 6.640152e-05
caprst_rise_first_40: 6.540152e-05
caprst_rise_first_60: 6.550152e-05
caprst_rise_first_80: 6.550152e-05
caprst_rise_second_-20: 8.635152e-05
caprst_rise_second_-40: 8.655152e-05
caprst_rise_second_0: 8.635152e-05
caprst_rise_second_100: 8.560152e-05
caprst_rise_second_125: 8.645152e-05
caprst_rise_second_20: 8.645152e-05
caprst_rise_second_40: 8.525152e-05
caprst_rise_second_60: 8.535152e-05
caprst_rise_second_80: 8.535152e-05
ipc_setupincluded_-20: -9.661234e-05
ipc_setupincluded_-40: -9.413581e-05
ipc_setupincluded_0: -9.745407e-05
ipc_setupincluded_100: -0.0001124138
ipc_setupincluded_125: -0.0001159905
ipc_setupincluded_20: -0.0001014744
ipc_setupincluded_40: -0.0001055351
ipc_setupincluded_60: -0.0001077436
ipc_setupincluded_80: -0.0001100024
iptat_first_-20: 6.108447e-06
iptat_first_-40: 5.651168e-06
iptat_first_0: 3.566873e-06
iptat_first_100: 8.482751e-06
iptat_first_125: 8.856139e-06
iptat_first_20: 6.987441e-06
iptat_first_40: 7.406544e-06
iptat_first_60: 7.792757e-06
iptat_first_80: 8.152778e-06
iptat_second_-20: 5.604089e-06
iptat_second_-40: 5.166577e-06
iptat_second_0: 6.023456e-06
iptat_second_100: 7.933013e-06
iptat_second_125: 8.36889e-06
iptat_second_20: 6.428262e-06
iptat_second_40: 6.821348e-06
iptat_second_60: 7.202119e-06
iptat_second_80: 7.574154e-06
ivdd_-20: -0.0001107169
ivdd_-40: -0.0001102637
ivdd_0: -0.0001124549
ivdd_100: -0.0001197526
ivdd_125: -0.0001228696
ivdd_20: -0.0001140877
ivdd_40: -0.000115364
ivdd_60: -0.0001167144
ivdd_80: -0.0001181328
pwrup_fall_-20: 8.640152e-05
pwrup_fall_-40: 8.660152e-05
pwrup_fall_0: 8.640152e-05
pwrup_fall_100: 8.565152e-05
pwrup_fall_125: 8.650152e-05
pwrup_fall_20: 8.650152e-05
pwrup_fall_40: 8.530152e-05
pwrup_fall_60: 8.540152e-05
pwrup_fall_80: 8.540152e-05
pwrup_rise_-20: 2.5152e-07
pwrup_rise_-40: 2.5152e-07
pwrup_rise_0: 2.5152e-07
pwrup_rise_100: 2.5152e-07
pwrup_rise_125: 2.5152e-07
pwrup_rise_20: 2.5152e-07
pwrup_rise_40: 2.5152e-07
pwrup_rise_60: 2.5152e-07
pwrup_rise_80: 2.5152e-07
tmpcount1_-20: 0.143
tmpcount1_-40: 0.136
tmpcount1_0: 0.08
tmpcount1_100: 0.185
tmpcount1_125: 0.193
tmpcount1_20: 0.157
tmpcount1_40: 0.164
tmpcount1_60: 0.172
tmpcount1_80: 0.178
tmpcount2_-20: 0.132
tmpcount2_-40: 0.125
tmpcount2_0: 0.139
tmpcount2_100: 0.174
tmpcount2_125: 0.183
tmpcount2_20: 0.148
tmpcount2_40: 0.153
tmpcount2_60: 0.16
tmpcount2_80: 0.168
