caprst_fall_first_-20: 5.365152e-05
caprst_fall_first_-40: 5.385152e-05
caprst_fall_first_0: 5.355152e-05
caprst_fall_first_100: 5.370152e-05
caprst_fall_first_125: 5.385152e-05
caprst_fall_first_20: 5.350152e-05
caprst_fall_first_40: 5.355152e-05
caprst_fall_first_60: 5.355152e-05
caprst_fall_first_80: 5.360152e-05
caprst_fall_second_-20: 7.360152e-05
caprst_fall_second_-40: 7.370152e-05
caprst_fall_second_0: 7.340152e-05
caprst_fall_second_100: 7.355152e-05
caprst_fall_second_125: 7.370152e-05
caprst_fall_second_20: 7.335152e-05
caprst_fall_second_40: 7.340152e-05
caprst_fall_second_60: 7.340152e-05
caprst_fall_second_80: 7.345152e-05
caprst_rise_first_-20: 6.510152e-05
caprst_rise_first_-40: 6.520152e-05
caprst_rise_first_0: 6.490152e-05
caprst_rise_first_100: 6.505152e-05
caprst_rise_first_125: 6.520152e-05
caprst_rise_first_20: 6.485152e-05
caprst_rise_first_40: 6.490152e-05
caprst_rise_first_60: 6.490152e-05
caprst_rise_first_80: 6.495152e-05
caprst_rise_second_-20: 8.495152e-05
caprst_rise_second_-40: 8.510152e-05
caprst_rise_second_0: 8.475152e-05
caprst_rise_second_100: 8.490152e-05
caprst_rise_second_125: 8.505152e-05
caprst_rise_second_20: 8.470152e-05
caprst_rise_second_40: 8.475152e-05
caprst_rise_second_60: 8.475152e-05
caprst_rise_second_80: 8.480152e-05
ipc_setupincluded_-20: -9.939132e-05
ipc_setupincluded_-40: -9.718654e-05
ipc_setupincluded_0: -0.0001016124
ipc_setupincluded_100: -0.0001121312
ipc_setupincluded_125: -0.000115293
ipc_setupincluded_20: -0.0001037371
ipc_setupincluded_40: -0.000105839
ipc_setupincluded_60: -0.0001078801
ipc_setupincluded_80: -0.0001099617
iptat_first_-20: 6.476581e-06
iptat_first_-40: 6.01771e-06
iptat_first_0: 6.933716e-06
iptat_first_100: 8.974863e-06
iptat_first_125: 9.404879e-06
iptat_first_20: 7.382611e-06
iptat_first_40: 7.808695e-06
iptat_first_60: 8.224587e-06
iptat_first_80: 8.613311e-06
iptat_second_-20: 5.257603e-06
iptat_second_-40: 4.822992e-06
iptat_second_0: 5.673982e-06
iptat_second_100: 7.479263e-06
iptat_second_125: 7.858227e-06
iptat_second_20: 6.072486e-06
iptat_second_40: 6.451571e-06
iptat_second_60: 6.812824e-06
iptat_second_80: 7.155068e-06
ivdd_-20: -0.0001111254
ivdd_-40: -0.0001100218
ivdd_0: -0.0001121941
ivdd_100: -0.0001163007
ivdd_125: -0.0001182821
ivdd_20: -0.000113063
ivdd_40: -0.000113733
ivdd_60: -0.0001144562
ivdd_80: -0.0001152688
pwrup_fall_-20: 8.500152e-05
pwrup_fall_-40: 8.515152e-05
pwrup_fall_0: 8.480152e-05
pwrup_fall_100: 8.495152e-05
pwrup_fall_125: 8.510152e-05
pwrup_fall_20: 8.475152e-05
pwrup_fall_40: 8.480152e-05
pwrup_fall_60: 8.480152e-05
pwrup_fall_80: 8.485152e-05
pwrup_rise_-20: 2.5152e-07
pwrup_rise_-40: 2.5152e-07
pwrup_rise_0: 2.5152e-07
pwrup_rise_100: 2.5152e-07
pwrup_rise_125: 2.5152e-07
pwrup_rise_20: 2.5152e-07
pwrup_rise_40: 2.5152e-07
pwrup_rise_60: 2.5152e-07
pwrup_rise_80: 2.5152e-07
tmpcount1_-20: 0.155
tmpcount1_-40: 0.149
tmpcount1_0: 0.16
tmpcount1_100: 0.195
tmpcount1_125: 0.203
tmpcount1_20: 0.167
tmpcount1_40: 0.174
tmpcount1_60: 0.181
tmpcount1_80: 0.189
tmpcount2_-20: 0.128
tmpcount2_-40: 0.121
tmpcount2_0: 0.134
tmpcount2_100: 0.167
tmpcount2_125: 0.175
tmpcount2_20: 0.141
tmpcount2_40: 0.15
tmpcount2_60: 0.155
tmpcount2_80: 0.162
