caprst_fall_first_-20: 5.495152e-05
caprst_fall_first_-40: 6.160152e-05
caprst_fall_first_0: 5.415152e-05
caprst_fall_first_100: 5.365152e-05
caprst_fall_first_125: 5.370152e-05
caprst_fall_first_20: 5.375152e-05
caprst_fall_first_40: 5.360152e-05
caprst_fall_first_60: 5.360152e-05
caprst_fall_first_80: 5.355152e-05
caprst_fall_second_-20: 7.645152e-05
caprst_fall_second_-40: 8.370152e-05
caprst_fall_second_0: 7.530152e-05
caprst_fall_second_100: 7.370152e-05
caprst_fall_second_125: 7.365152e-05
caprst_fall_second_20: 7.455152e-05
caprst_fall_second_40: 7.405152e-05
caprst_fall_second_60: 7.380152e-05
caprst_fall_second_80: 7.365152e-05
caprst_rise_first_-20: 6.630152e-05
caprst_rise_first_-40: 7.295152e-05
caprst_rise_first_0: 6.550152e-05
caprst_rise_first_100: 6.500152e-05
caprst_rise_first_125: 6.505152e-05
caprst_rise_first_20: 6.510152e-05
caprst_rise_first_40: 6.495152e-05
caprst_rise_first_60: 6.495152e-05
caprst_rise_first_80: 6.490152e-05
caprst_rise_second_-20: 8.805152e-05
caprst_rise_second_-40: 9.505152e-05
caprst_rise_second_0: 8.675152e-05
caprst_rise_second_100: 8.510152e-05
caprst_rise_second_125: 8.500152e-05
caprst_rise_second_20: 8.590152e-05
caprst_rise_second_40: 8.540152e-05
caprst_rise_second_60: 8.515152e-05
caprst_rise_second_80: 8.500152e-05
ipc_setupincluded_-20: -9.895029e-05
ipc_setupincluded_-40: -9.798052e-05
ipc_setupincluded_0: -0.0001007048
ipc_setupincluded_100: -0.0001103668
ipc_setupincluded_125: -0.0001132038
ipc_setupincluded_20: -0.0001028204
ipc_setupincluded_40: -0.0001045655
ipc_setupincluded_60: -0.0001064672
ipc_setupincluded_80: -0.0001083546
iptat_first_-20: 7.256597e-06
iptat_first_-40: 6.840126e-06
iptat_first_0: 7.670241e-06
iptat_first_100: 9.535554e-06
iptat_first_125: 9.946427e-06
iptat_first_20: 8.070035e-06
iptat_first_40: 8.455951e-06
iptat_first_60: 8.827172e-06
iptat_first_80: 9.188558e-06
iptat_second_-20: 4.483154e-06
iptat_second_-40: 4.013724e-06
iptat_second_0: 4.938371e-06
iptat_second_100: 6.904881e-06
iptat_second_125: 7.289418e-06
iptat_second_20: 5.3815e-06
iptat_second_40: 5.800416e-06
iptat_second_60: 6.195689e-06
iptat_second_80: 6.56345e-06
ivdd_-20: -0.0001104806
ivdd_-40: -0.0001111547
ivdd_0: -0.0001113583
ivdd_100: -0.000113522
ivdd_125: -0.0001150141
ivdd_20: -0.0001116529
ivdd_40: -0.0001118516
ivdd_60: -0.0001122541
ivdd_80: -0.0001128704
pwrup_fall_-20: 8.810152e-05
pwrup_fall_-40: 9.510152e-05
pwrup_fall_0: 8.680152e-05
pwrup_fall_100: 8.515152e-05
pwrup_fall_125: 8.505152e-05
pwrup_fall_20: 8.595152e-05
pwrup_fall_40: 8.545152e-05
pwrup_fall_60: 8.520152e-05
pwrup_fall_80: 8.505152e-05
pwrup_rise_-20: 2.5152e-07
pwrup_rise_-40: 2.5152e-07
pwrup_rise_0: 2.5152e-07
pwrup_rise_100: 2.5152e-07
pwrup_rise_125: 2.5152e-07
pwrup_rise_20: 2.5152e-07
pwrup_rise_40: 2.5152e-07
pwrup_rise_60: 2.5152e-07
pwrup_rise_80: 2.5152e-07
tmpcount1_-20: 0.166
tmpcount1_-40: 0.162
tmpcount1_0: 0.171
tmpcount1_100: 0.203
tmpcount1_125: 0.21
tmpcount1_20: 0.178
tmpcount1_40: 0.184
tmpcount1_60: 0.191
tmpcount1_80: 0.197
tmpcount2_-20: 0.111
tmpcount2_-40: 0.1
tmpcount2_0: 0.118
tmpcount2_100: 0.157
tmpcount2_125: 0.164
tmpcount2_20: 0.126
tmpcount2_40: 0.134
tmpcount2_60: 0.142
tmpcount2_80: 0.151
