caprst_fall_first_-20: 5.520152e-05
caprst_fall_first_-40: 5.575152e-05
caprst_fall_first_0: 5.485152e-05
caprst_fall_first_100: 5.455152e-05
caprst_fall_first_125: 5.465152e-05
caprst_fall_first_20: 5.460152e-05
caprst_fall_first_40: 5.455152e-05
caprst_fall_first_60: 5.455152e-05
caprst_fall_first_80: 5.450152e-05
caprst_fall_second_-20: 8.125152e-05
caprst_fall_second_-40: 7.660152e-05
caprst_fall_second_0: 7.505152e-05
caprst_fall_second_100: 7.450152e-05
caprst_fall_second_125: 7.460152e-05
caprst_fall_second_20: 7.465152e-05
caprst_fall_second_40: 7.460152e-05
caprst_fall_second_60: 7.450152e-05
caprst_fall_second_80: 7.445152e-05
caprst_rise_first_-20: 7.215152e-05
caprst_rise_first_-40: 6.715152e-05
caprst_rise_first_0: 6.620152e-05
caprst_rise_first_100: 6.590152e-05
caprst_rise_first_125: 6.600152e-05
caprst_rise_first_20: 6.595152e-05
caprst_rise_first_40: 6.595152e-05
caprst_rise_first_60: 6.590152e-05
caprst_rise_first_80: 6.585152e-05
caprst_rise_second_-20: 9.280152e-05
caprst_rise_second_-40: 8.795152e-05
caprst_rise_second_0: 8.640152e-05
caprst_rise_second_100: 8.585152e-05
caprst_rise_second_125: 8.595152e-05
caprst_rise_second_20: 8.600152e-05
caprst_rise_second_40: 8.595152e-05
caprst_rise_second_60: 8.585152e-05
caprst_rise_second_80: 8.580152e-05
ipc_setupincluded_-20: -9.190193e-05
ipc_setupincluded_-40: -9.060099e-05
ipc_setupincluded_0: -9.52733e-05
ipc_setupincluded_100: -0.0001064095
ipc_setupincluded_125: -0.0001096619
ipc_setupincluded_20: -9.750646e-05
ipc_setupincluded_40: -9.964848e-05
ipc_setupincluded_60: -0.0001018512
ipc_setupincluded_80: -0.0001040158
iptat_first_-20: 6.838919e-06
iptat_first_-40: 6.408732e-06
iptat_first_0: 7.274484e-06
iptat_first_100: 9.26607e-06
iptat_first_125: 9.703483e-06
iptat_first_20: 7.702369e-06
iptat_first_40: 8.117218e-06
iptat_first_60: 8.512913e-06
iptat_first_80: 8.899483e-06
iptat_second_-20: 4.979224e-06
iptat_second_-40: 4.519967e-06
iptat_second_0: 5.415314e-06
iptat_second_100: 7.256352e-06
iptat_second_125: 7.616569e-06
iptat_second_20: 5.829586e-06
iptat_second_40: 6.224596e-06
iptat_second_60: 6.594263e-06
iptat_second_80: 6.9382e-06
ivdd_-20: -0.0001045285
ivdd_-40: -0.0001033831
ivdd_0: -0.0001054563
ivdd_100: -0.0001101399
ivdd_125: -0.0001122456
ivdd_20: -0.000106211
ivdd_40: -0.0001070318
ivdd_60: -0.0001078556
ivdd_80: -0.0001088344
pwrup_fall_-20: 9.285152e-05
pwrup_fall_-40: 8.800152e-05
pwrup_fall_0: 8.645152e-05
pwrup_fall_100: 8.590152e-05
pwrup_fall_125: 8.600152e-05
pwrup_fall_20: 8.605152e-05
pwrup_fall_40: 8.600152e-05
pwrup_fall_60: 8.590152e-05
pwrup_fall_80: 8.585152e-05
pwrup_rise_-20: 2.5152e-07
pwrup_rise_-40: 2.5152e-07
pwrup_rise_0: 2.5152e-07
pwrup_rise_100: 2.5152e-07
pwrup_rise_125: 2.5152e-07
pwrup_rise_20: 2.5152e-07
pwrup_rise_40: 2.5152e-07
pwrup_rise_60: 2.5152e-07
pwrup_rise_80: 2.5152e-07
tmpcount1_-20: 0.226
tmpcount1_-40: 0.148
tmpcount1_0: 0.16
tmpcount1_100: 0.196
tmpcount1_125: 0.204
tmpcount1_20: 0.167
tmpcount1_40: 0.175
tmpcount1_60: 0.181
tmpcount1_80: 0.189
tmpcount2_-20: 0.119
tmpcount2_-40: 0.108
tmpcount2_0: 0.124
tmpcount2_100: 0.161
tmpcount2_125: 0.168
tmpcount2_20: 0.132
tmpcount2_40: 0.14
tmpcount2_60: 0.15
tmpcount2_80: 0.154
