caprst_fall_first_-20: 5.730152e-05
caprst_fall_first_-40: 5.850152e-05
caprst_fall_first_0: 5.705152e-05
caprst_fall_first_100: 5.815152e-05
caprst_fall_first_125: 5.835152e-05
caprst_fall_first_20: 5.685152e-05
caprst_fall_first_40: 5.670152e-05
caprst_fall_first_60: 5.660152e-05
caprst_fall_first_80: 5.820152e-05
caprst_fall_second_-20: 7.865152e-05
caprst_fall_second_-40: 7.995152e-05
caprst_fall_second_0: 7.785152e-05
caprst_fall_second_100: 7.845152e-05
caprst_fall_second_125: 7.865152e-05
caprst_fall_second_20: 7.750152e-05
caprst_fall_second_40: 7.715152e-05
caprst_fall_second_60: 7.700152e-05
caprst_fall_second_80: 7.850152e-05
caprst_rise_first_-20: 6.895152e-05
caprst_rise_first_-40: 6.985152e-05
caprst_rise_first_0: 6.840152e-05
caprst_rise_first_100: 6.950152e-05
caprst_rise_first_125: 6.970152e-05
caprst_rise_first_20: 6.820152e-05
caprst_rise_first_40: 6.805152e-05
caprst_rise_first_60: 6.800152e-05
caprst_rise_first_80: 6.955152e-05
caprst_rise_second_-20: 9.000152e-05
caprst_rise_second_-40: 9.130152e-05
caprst_rise_second_0: 8.920152e-05
caprst_rise_second_100: 8.980152e-05
caprst_rise_second_125: 9.000152e-05
caprst_rise_second_20: 8.900152e-05
caprst_rise_second_40: 8.855152e-05
caprst_rise_second_60: 8.835152e-05
caprst_rise_second_80: 8.985152e-05
ipc_setupincluded_-20: -9.63343e-05
ipc_setupincluded_-40: -9.398536e-05
ipc_setupincluded_0: -9.910094e-05
ipc_setupincluded_100: -0.0001119039
ipc_setupincluded_125: -0.0001154096
ipc_setupincluded_20: -0.0001015459
ipc_setupincluded_40: -0.0001041289
ipc_setupincluded_60: -0.0001065036
ipc_setupincluded_80: -0.0001091306
iptat_first_-20: 6.826074e-06
iptat_first_-40: 6.391136e-06
iptat_first_0: 7.261582e-06
iptat_first_100: 9.264716e-06
iptat_first_125: 9.713669e-06
iptat_first_20: 7.684735e-06
iptat_first_40: 8.099357e-06
iptat_first_60: 8.500506e-06
iptat_first_80: 8.889864e-06
iptat_second_-20: 5.022052e-06
iptat_second_-40: 4.560204e-06
iptat_second_0: 5.466317e-06
iptat_second_100: 7.317762e-06
iptat_second_125: 7.669861e-06
iptat_second_20: 5.890823e-06
iptat_second_40: 6.290774e-06
iptat_second_60: 6.665266e-06
iptat_second_80: 7.004731e-06
ivdd_-20: -0.0001077988
ivdd_-40: -0.0001063639
ivdd_0: -0.0001087446
ivdd_100: -0.0001149555
ivdd_125: -0.0001175198
ivdd_20: -0.0001097374
ivdd_40: -0.0001106061
ivdd_60: -0.0001117368
ivdd_80: -0.0001133215
pwrup_fall_-20: 9.005152e-05
pwrup_fall_-40: 9.135152e-05
pwrup_fall_0: 8.925152e-05
pwrup_fall_100: 8.985152e-05
pwrup_fall_125: 9.005152e-05
pwrup_fall_20: 8.905152e-05
pwrup_fall_40: 8.860152e-05
pwrup_fall_60: 8.840152e-05
pwrup_fall_80: 8.990152e-05
pwrup_rise_-20: 2.5152e-07
pwrup_rise_-40: 2.5152e-07
pwrup_rise_0: 2.5152e-07
pwrup_rise_100: 2.5152e-07
pwrup_rise_125: 2.5152e-07
pwrup_rise_20: 2.5152e-07
pwrup_rise_40: 2.5152e-07
pwrup_rise_60: 2.5152e-07
pwrup_rise_80: 2.5152e-07
tmpcount1_-20: 0.159
tmpcount1_-40: 0.151
tmpcount1_0: 0.162
tmpcount1_100: 0.199
tmpcount1_125: 0.207
tmpcount1_20: 0.169
tmpcount1_40: 0.177
tmpcount1_60: 0.184
tmpcount1_80: 0.192
tmpcount2_-20: 0.119
tmpcount2_-40: 0.111
tmpcount2_0: 0.126
tmpcount2_100: 0.163
tmpcount2_125: 0.17
tmpcount2_20: 0.136
tmpcount2_40: 0.143
tmpcount2_60: 0.151
tmpcount2_80: 0.157
