caprst_fall_first_-20: 5.285152e-05
caprst_fall_first_-40: 5.300152e-05
caprst_fall_first_0: 5.290152e-05
caprst_fall_first_100: 5.340152e-05
caprst_fall_first_125: 5.360152e-05
caprst_fall_first_20: 5.295152e-05
caprst_fall_first_40: 5.305152e-05
caprst_fall_first_60: 5.315152e-05
caprst_fall_first_80: 5.330152e-05
caprst_fall_second_-20: 7.270152e-05
caprst_fall_second_-40: 7.305152e-05
caprst_fall_second_0: 7.315152e-05
caprst_fall_second_100: 7.325152e-05
caprst_fall_second_125: 7.410152e-05
caprst_fall_second_20: 7.285152e-05
caprst_fall_second_40: 7.315152e-05
caprst_fall_second_60: 7.545152e-05
caprst_fall_second_80: 7.315152e-05
caprst_rise_first_-20: 6.420152e-05
caprst_rise_first_-40: 6.455152e-05
caprst_rise_first_0: 6.465152e-05
caprst_rise_first_100: 6.475152e-05
caprst_rise_first_125: 6.560152e-05
caprst_rise_first_20: 6.435152e-05
caprst_rise_first_40: 6.465152e-05
caprst_rise_first_60: 6.695152e-05
caprst_rise_first_80: 6.465152e-05
caprst_rise_second_-20: 8.405152e-05
caprst_rise_second_-40: 8.450152e-05
caprst_rise_second_0: 8.540152e-05
caprst_rise_second_100: 8.460152e-05
caprst_rise_second_125: 8.575152e-05
caprst_rise_second_20: 8.420152e-05
caprst_rise_second_40: 8.450152e-05
caprst_rise_second_60: 8.680152e-05
caprst_rise_second_80: 8.450152e-05
ipc_setupincluded_-20: -9.829532e-05
ipc_setupincluded_-40: -9.636339e-05
ipc_setupincluded_0: -9.962187e-05
ipc_setupincluded_100: -0.0001069442
ipc_setupincluded_125: -0.0001084813
ipc_setupincluded_20: -0.0001012295
ipc_setupincluded_40: -0.0001027332
ipc_setupincluded_60: -0.0001038466
ipc_setupincluded_80: -0.0001055211
iptat_first_-20: 6.532699e-06
iptat_first_-40: 6.064839e-06
iptat_first_0: 7.002605e-06
iptat_first_100: 9.167732e-06
iptat_first_125: 9.649292e-06
iptat_first_20: 7.464486e-06
iptat_first_40: 7.912205e-06
iptat_first_60: 8.347689e-06
iptat_first_80: 8.765997e-06
iptat_second_-20: 5.196432e-06
iptat_second_-40: 4.772652e-06
iptat_second_0: 5.594836e-06
iptat_second_100: 7.259743e-06
iptat_second_125: 7.577393e-06
iptat_second_20: 5.973606e-06
iptat_second_40: 6.33292e-06
iptat_second_60: 6.667006e-06
iptat_second_80: 6.975356e-06
ivdd_-20: -0.0001093236
ivdd_-40: -0.0001085954
ivdd_0: -0.0001093937
ivdd_100: -0.0001099172
ivdd_125: -0.0001095475
ivdd_20: -0.0001099898
ivdd_40: -0.0001099513
ivdd_60: -0.0001096303
ivdd_80: -0.0001099131
pwrup_fall_-20: 8.410152e-05
pwrup_fall_-40: 8.455152e-05
pwrup_fall_0: 8.545152e-05
pwrup_fall_100: 8.465152e-05
pwrup_fall_125: 8.580152e-05
pwrup_fall_20: 8.425152e-05
pwrup_fall_40: 8.455152e-05
pwrup_fall_60: 8.685152e-05
pwrup_fall_80: 8.455152e-05
pwrup_rise_-20: 2.5152e-07
pwrup_rise_-40: 2.5152e-07
pwrup_rise_0: 2.5152e-07
pwrup_rise_100: 2.5152e-07
pwrup_rise_125: 2.5152e-07
pwrup_rise_20: 2.5152e-07
pwrup_rise_40: 2.5152e-07
pwrup_rise_60: 2.5152e-07
pwrup_rise_80: 2.5152e-07
tmpcount1_-20: 0.151
tmpcount1_-40: 0.147
tmpcount1_0: 0.162
tmpcount1_100: 0.196
tmpcount1_125: 0.215
tmpcount1_20: 0.165
tmpcount1_40: 0.176
tmpcount1_60: 0.22
tmpcount1_80: 0.189
tmpcount2_-20: 0.123
tmpcount2_-40: 0.114
tmpcount2_0: 0.139
tmpcount2_100: 0.162
tmpcount2_125: 0.173
tmpcount2_20: 0.136
tmpcount2_40: 0.143
tmpcount2_60: 0.151
tmpcount2_80: 0.156
