caprst_fall_first_-20: 5.385152e-05
caprst_fall_first_-40: 5.395152e-05
caprst_fall_first_0: 5.375152e-05
caprst_fall_first_100: 5.395152e-05
caprst_fall_first_125: 5.405152e-05
caprst_fall_first_20: 5.375152e-05
caprst_fall_first_40: 5.375152e-05
caprst_fall_first_60: 5.380152e-05
caprst_fall_first_80: 5.385152e-05
caprst_fall_second_-20: 7.265152e-05
caprst_fall_second_-40: 7.515152e-05
caprst_fall_second_0: 7.255152e-05
caprst_fall_second_100: 7.275152e-05
caprst_fall_second_125: 7.345152e-05
caprst_fall_second_20: 7.255152e-05
caprst_fall_second_40: 7.370152e-05
caprst_fall_second_60: 7.260152e-05
caprst_fall_second_80: 7.265152e-05
caprst_rise_first_-20: 6.520152e-05
caprst_rise_first_-40: 6.770152e-05
caprst_rise_first_0: 6.510152e-05
caprst_rise_first_100: 6.530152e-05
caprst_rise_first_125: 6.600152e-05
caprst_rise_first_20: 6.510152e-05
caprst_rise_first_40: 6.625152e-05
caprst_rise_first_60: 6.515152e-05
caprst_rise_first_80: 6.520152e-05
caprst_rise_second_-20: 8.400152e-05
caprst_rise_second_-40: 8.650152e-05
caprst_rise_second_0: 8.390152e-05
caprst_rise_second_100: 8.410152e-05
caprst_rise_second_125: 8.480152e-05
caprst_rise_second_20: 8.470152e-05
caprst_rise_second_40: 8.505152e-05
caprst_rise_second_60: 8.415152e-05
caprst_rise_second_80: 8.405152e-05
ipc_setupincluded_-20: -9.773425e-05
ipc_setupincluded_-40: -9.447655e-05
ipc_setupincluded_0: -0.0001006081
ipc_setupincluded_100: -0.0001151638
ipc_setupincluded_125: -0.0001192718
ipc_setupincluded_20: -0.000103268
ipc_setupincluded_40: -0.0001058728
ipc_setupincluded_60: -0.0001089204
ipc_setupincluded_80: -0.0001120525
iptat_first_-20: 6.125139e-06
iptat_first_-40: 5.65749e-06
iptat_first_0: 6.578553e-06
iptat_first_100: 8.517201e-06
iptat_first_125: 8.902314e-06
iptat_first_20: 7.015215e-06
iptat_first_40: 7.428761e-06
iptat_first_60: 7.817959e-06
iptat_first_80: 8.180488e-06
iptat_second_-20: 5.546854e-06
iptat_second_-40: 5.1159e-06
iptat_second_0: 5.963131e-06
iptat_second_100: 7.859324e-06
iptat_second_125: 8.278186e-06
iptat_second_20: 6.369537e-06
iptat_second_40: 6.7611e-06
iptat_second_60: 7.142836e-06
iptat_second_80: 7.506866e-06
ivdd_-20: -0.0001096241
ivdd_-40: -0.000107791
ivdd_0: -0.0001114379
ivdd_100: -0.0001217401
ivdd_125: -0.0001254559
ivdd_20: -0.0001135735
ivdd_40: -0.0001153465
ivdd_60: -0.0001173452
ivdd_80: -0.0001193052
pwrup_fall_-20: 8.405152e-05
pwrup_fall_-40: 8.655152e-05
pwrup_fall_0: 8.395152e-05
pwrup_fall_100: 8.415152e-05
pwrup_fall_125: 8.485152e-05
pwrup_fall_20: 8.475152e-05
pwrup_fall_40: 8.510152e-05
pwrup_fall_60: 8.420152e-05
pwrup_fall_80: 8.410152e-05
pwrup_rise_-20: 2.5152e-07
pwrup_rise_-40: 2.5152e-07
pwrup_rise_0: 2.5152e-07
pwrup_rise_100: 2.5152e-07
pwrup_rise_125: 2.5152e-07
pwrup_rise_20: 2.5152e-07
pwrup_rise_40: 2.5152e-07
pwrup_rise_60: 2.5152e-07
pwrup_rise_80: 2.5152e-07
tmpcount1_-20: 0.142
tmpcount1_-40: 0.165
tmpcount1_0: 0.151
tmpcount1_100: 0.186
tmpcount1_125: 0.203
tmpcount1_20: 0.157
tmpcount1_40: 0.181
tmpcount1_60: 0.172
tmpcount1_80: 0.181
tmpcount2_-20: 0.129
tmpcount2_-40: 0.123
tmpcount2_0: 0.136
tmpcount2_100: 0.172
tmpcount2_125: 0.181
tmpcount2_20: 0.153
tmpcount2_40: 0.151
tmpcount2_60: 0.161
tmpcount2_80: 0.165
