caprst_fall_first_-20: 5.170152e-05
caprst_fall_first_-40: 5.175152e-05
caprst_fall_first_0: 5.165152e-05
caprst_fall_first_100: 5.345152e-05
caprst_fall_first_125: 5.345152e-05
caprst_fall_first_20: 5.310152e-05
caprst_fall_first_40: 5.315152e-05
caprst_fall_first_60: 5.320152e-05
caprst_fall_first_80: 5.330152e-05
caprst_fall_second_-20: 7.050152e-05
caprst_fall_second_-40: 7.080152e-05
caprst_fall_second_0: 7.045152e-05
caprst_fall_second_100: 7.225152e-05
caprst_fall_second_125: 7.225152e-05
caprst_fall_second_40: 7.195152e-05
caprst_fall_second_60: 7.240152e-05
caprst_fall_second_80: 7.210152e-05
caprst_rise_first_-20: 6.305152e-05
caprst_rise_first_-40: 6.335152e-05
caprst_rise_first_0: 6.300152e-05
caprst_rise_first_100: 6.480152e-05
caprst_rise_first_125: 6.480152e-05
caprst_rise_first_20: 6.445152e-05
caprst_rise_first_40: 6.450152e-05
caprst_rise_first_60: 6.495152e-05
caprst_rise_first_80: 6.465152e-05
caprst_rise_second_-20: 8.185152e-05
caprst_rise_second_-40: 8.235152e-05
caprst_rise_second_0: 8.200152e-05
caprst_rise_second_100: 8.360152e-05
caprst_rise_second_125: 8.375152e-05
caprst_rise_second_40: 8.330152e-05
caprst_rise_second_60: 8.375152e-05
caprst_rise_second_80: 8.350152e-05
ipc_setupincluded_-20: -9.690209e-05
ipc_setupincluded_-40: -9.4999e-05
ipc_setupincluded_0: -9.870527e-05
ipc_setupincluded_100: -0.0001063487
ipc_setupincluded_125: -0.000108867
ipc_setupincluded_40: -0.0001020352
ipc_setupincluded_60: -0.0001032903
ipc_setupincluded_80: -0.0001047576
iptat_first_-20: 6.739874e-06
iptat_first_-40: 6.281256e-06
iptat_first_0: 7.193592e-06
iptat_first_100: 9.184153e-06
iptat_first_125: 9.589428e-06
iptat_first_20: 6.747782e-06
iptat_first_40: 8.05347e-06
iptat_first_60: 8.455051e-06
iptat_first_80: 8.834873e-06
iptat_second_-20: 5.049652e-06
iptat_second_-40: 4.606613e-06
iptat_second_0: 5.475885e-06
iptat_second_100: 7.358204e-06
iptat_second_125: 7.758275e-06
iptat_second_40: 6.282734e-06
iptat_second_60: 6.655599e-06
iptat_second_80: 7.016991e-06
ivdd_-20: -0.0001043628
ivdd_-40: -0.0001044375
ivdd_0: -0.0001054285
ivdd_100: -0.0001091601
ivdd_125: -0.0001105148
ivdd_20: -6.761581e-05
ivdd_40: -0.0001086553
ivdd_60: -0.0001091518
ivdd_80: -0.0001088111
pwrup_fall_-20: 8.190152e-05
pwrup_fall_-40: 8.240152e-05
pwrup_fall_0: 8.205152e-05
pwrup_fall_100: 8.365152e-05
pwrup_fall_125: 8.380152e-05
pwrup_fall_40: 8.335152e-05
pwrup_fall_60: 8.380152e-05
pwrup_fall_80: 8.355152e-05
pwrup_rise_-20: 2.5152e-07
pwrup_rise_-40: 2.5152e-07
pwrup_rise_0: 2.5152e-07
pwrup_rise_100: 2.5152e-07
pwrup_rise_125: 2.5152e-07
pwrup_rise_20: 2.5152e-07
pwrup_rise_40: 2.5152e-07
pwrup_rise_60: 2.5152e-07
pwrup_rise_80: 2.5152e-07
tmpcount1_-20: 0.151
tmpcount1_-40: 0.151
tmpcount1_0: 0.162
tmpcount1_100: 0.198
tmpcount1_125: 0.206
tmpcount1_20: 0.148
tmpcount1_40: 0.177
tmpcount1_60: 0.191
tmpcount1_80: 0.192
tmpcount2_-20: 0.113
tmpcount2_-40: 0.109
tmpcount2_0: 0.124
tmpcount2_100: 0.16
tmpcount2_125: 0.17
tmpcount2_20: 0.0
tmpcount2_40: 0.139
tmpcount2_60: 0.146
tmpcount2_80: 0.154
