caprst_fall_first_-20: 5.310152e-05
caprst_fall_first_-40: 5.315152e-05
caprst_fall_first_0: 5.315152e-05
caprst_fall_first_100: 5.495152e-05
caprst_fall_first_125: 5.510152e-05
caprst_fall_first_20: 5.460152e-05
caprst_fall_first_40: 5.465152e-05
caprst_fall_first_60: 5.470152e-05
caprst_fall_first_80: 5.485152e-05
caprst_fall_second_-20: 7.295152e-05
caprst_fall_second_-40: 7.300152e-05
caprst_fall_second_0: 7.300152e-05
caprst_fall_second_100: 7.480152e-05
caprst_fall_second_125: 7.495152e-05
caprst_fall_second_20: 7.445152e-05
caprst_fall_second_40: 7.450152e-05
caprst_fall_second_60: 7.455152e-05
caprst_fall_second_80: 7.470152e-05
caprst_rise_first_-20: 6.445152e-05
caprst_rise_first_-40: 6.450152e-05
caprst_rise_first_0: 6.450152e-05
caprst_rise_first_100: 6.630152e-05
caprst_rise_first_125: 6.645152e-05
caprst_rise_first_20: 6.595152e-05
caprst_rise_first_40: 6.600152e-05
caprst_rise_first_60: 6.605152e-05
caprst_rise_first_80: 6.620152e-05
caprst_rise_second_-20: 8.430152e-05
caprst_rise_second_-40: 8.550152e-05
caprst_rise_second_0: 8.435152e-05
caprst_rise_second_100: 8.615152e-05
caprst_rise_second_125: 8.630152e-05
caprst_rise_second_20: 8.610152e-05
caprst_rise_second_40: 8.585152e-05
caprst_rise_second_60: 8.590152e-05
caprst_rise_second_80: 8.605152e-05
ipc_setupincluded_-20: -9.235882e-05
ipc_setupincluded_-40: -8.977698e-05
ipc_setupincluded_0: -9.482441e-05
ipc_setupincluded_100: -0.0001086458
ipc_setupincluded_125: -0.0001128063
ipc_setupincluded_20: -9.733284e-05
ipc_setupincluded_40: -9.987525e-05
ipc_setupincluded_60: -0.0001024705
ipc_setupincluded_80: -0.0001053274
iptat_first_-20: 6.214194e-06
iptat_first_-40: 5.774206e-06
iptat_first_0: 6.637499e-06
iptat_first_100: 8.517111e-06
iptat_first_125: 8.902657e-06
iptat_first_20: 7.05025e-06
iptat_first_40: 7.447038e-06
iptat_first_60: 7.826381e-06
iptat_first_80: 8.179831e-06
iptat_second_-20: 5.488431e-06
iptat_second_-40: 5.028839e-06
iptat_second_0: 5.936073e-06
iptat_second_100: 7.890117e-06
iptat_second_125: 8.306568e-06
iptat_second_20: 6.363215e-06
iptat_second_40: 6.773825e-06
iptat_second_60: 7.167962e-06
iptat_second_80: 7.539213e-06
ivdd_-20: -0.0001042297
ivdd_-40: -0.0001025122
ivdd_0: -0.0001057342
ivdd_100: -0.0001163194
ivdd_125: -0.0001201943
ivdd_20: -0.0001072174
ivdd_40: -0.0001089857
ivdd_60: -0.0001112003
ivdd_80: -0.0001136318
pwrup_fall_-20: 8.435152e-05
pwrup_fall_-40: 8.555152e-05
pwrup_fall_0: 8.440152e-05
pwrup_fall_100: 8.620152e-05
pwrup_fall_125: 8.635152e-05
pwrup_fall_20: 8.615152e-05
pwrup_fall_40: 8.590152e-05
pwrup_fall_60: 8.595152e-05
pwrup_fall_80: 8.610152e-05
pwrup_rise_-20: 2.5152e-07
pwrup_rise_-40: 2.5152e-07
pwrup_rise_0: 2.5152e-07
pwrup_rise_100: 2.5152e-07
pwrup_rise_125: 2.5152e-07
pwrup_rise_20: 2.5152e-07
pwrup_rise_40: 2.5152e-07
pwrup_rise_60: 2.5152e-07
pwrup_rise_80: 2.5152e-07
tmpcount1_-20: 0.146
tmpcount1_-40: 0.14
tmpcount1_0: 0.151
tmpcount1_100: 0.186
tmpcount1_125: 0.192
tmpcount1_20: 0.159
tmpcount1_40: 0.166
tmpcount1_60: 0.172
tmpcount1_80: 0.181
tmpcount2_-20: 0.129
tmpcount2_-40: 0.136
tmpcount2_0: 0.138
tmpcount2_100: 0.174
tmpcount2_125: 0.183
tmpcount2_20: 0.149
tmpcount2_40: 0.153
tmpcount2_60: 0.16
tmpcount2_80: 0.167
