caprst_fall_first_-20: 5.210152e-05
caprst_fall_first_-40: 5.205152e-05
caprst_fall_first_0: 5.210152e-05
caprst_fall_first_100: 5.270152e-05
caprst_fall_first_125: 5.290152e-05
caprst_fall_first_20: 5.225152e-05
caprst_fall_first_40: 5.230152e-05
caprst_fall_first_60: 5.240152e-05
caprst_fall_first_80: 5.255152e-05
caprst_fall_second_-20: 7.195152e-05
caprst_fall_second_-40: 7.190152e-05
caprst_fall_second_0: 7.195152e-05
caprst_fall_second_100: 7.255152e-05
caprst_fall_second_125: 7.275152e-05
caprst_fall_second_20: 7.210152e-05
caprst_fall_second_40: 7.215152e-05
caprst_fall_second_60: 7.225152e-05
caprst_fall_second_80: 7.240152e-05
caprst_rise_first_-20: 6.345152e-05
caprst_rise_first_-40: 6.340152e-05
caprst_rise_first_0: 6.345152e-05
caprst_rise_first_100: 6.405152e-05
caprst_rise_first_125: 6.425152e-05
caprst_rise_first_20: 6.360152e-05
caprst_rise_first_40: 6.365152e-05
caprst_rise_first_60: 6.375152e-05
caprst_rise_first_80: 6.390152e-05
caprst_rise_second_-20: 8.330152e-05
caprst_rise_second_-40: 8.325152e-05
caprst_rise_second_0: 8.330152e-05
caprst_rise_second_100: 8.390152e-05
caprst_rise_second_125: 8.410152e-05
caprst_rise_second_20: 8.355152e-05
caprst_rise_second_40: 8.350152e-05
caprst_rise_second_60: 8.360152e-05
caprst_rise_second_80: 8.375152e-05
ipc_setupincluded_-20: -9.283427e-05
ipc_setupincluded_-40: -9.029902e-05
ipc_setupincluded_0: -9.515538e-05
ipc_setupincluded_100: -0.0001063347
ipc_setupincluded_125: -0.0001097242
ipc_setupincluded_20: -9.741653e-05
ipc_setupincluded_40: -9.959566e-05
ipc_setupincluded_60: -0.000101789
ipc_setupincluded_80: -0.0001038513
iptat_first_-20: 6.492571e-06
iptat_first_-40: 6.028825e-06
iptat_first_0: 6.945688e-06
iptat_first_100: 8.868196e-06
iptat_first_125: 9.251653e-06
iptat_first_20: 7.376547e-06
iptat_first_40: 7.785278e-06
iptat_first_60: 8.175483e-06
iptat_first_80: 8.536406e-06
iptat_second_-20: 5.289124e-06
iptat_second_-40: 4.838455e-06
iptat_second_0: 5.726006e-06
iptat_second_100: 7.703112e-06
iptat_second_125: 8.136177e-06
iptat_second_20: 6.149498e-06
iptat_second_40: 6.562314e-06
iptat_second_60: 6.957152e-06
iptat_second_80: 7.338656e-06
ivdd_-20: -0.0001033766
ivdd_-40: -0.0001019082
ivdd_0: -0.0001045006
ivdd_100: -0.0001105131
ivdd_125: -0.000113019
ivdd_20: -0.0001059514
ivdd_40: -0.0001066802
ivdd_60: -0.000107663
ivdd_80: -0.0001089381
pwrup_fall_-20: 8.335152e-05
pwrup_fall_-40: 8.330152e-05
pwrup_fall_0: 8.335152e-05
pwrup_fall_100: 8.395152e-05
pwrup_fall_125: 8.415152e-05
pwrup_fall_20: 8.360152e-05
pwrup_fall_40: 8.355152e-05
pwrup_fall_60: 8.365152e-05
pwrup_fall_80: 8.380152e-05
pwrup_rise_-20: 2.5152e-07
pwrup_rise_-40: 2.5152e-07
pwrup_rise_0: 2.5152e-07
pwrup_rise_100: 2.5152e-07
pwrup_rise_125: 2.5152e-07
pwrup_rise_20: 2.5152e-07
pwrup_rise_40: 2.5152e-07
pwrup_rise_60: 2.5152e-07
pwrup_rise_80: 2.5152e-07
tmpcount1_-20: 0.151
tmpcount1_-40: 0.143
tmpcount1_0: 0.157
tmpcount1_100: 0.191
tmpcount1_125: 0.198
tmpcount1_20: 0.165
tmpcount1_40: 0.171
tmpcount1_60: 0.179
tmpcount1_80: 0.184
tmpcount2_-20: 0.126
tmpcount2_-40: 0.118
tmpcount2_0: 0.133
tmpcount2_100: 0.17
tmpcount2_125: 0.179
tmpcount2_20: 0.142
tmpcount2_40: 0.15
tmpcount2_60: 0.157
tmpcount2_80: 0.164
