caprst_fall_first_-20: 5.295152e-05
caprst_fall_first_-40: 5.315152e-05
caprst_fall_first_0: 5.285152e-05
caprst_fall_first_100: 5.295152e-05
caprst_fall_first_125: 5.305152e-05
caprst_fall_first_20: 5.280152e-05
caprst_fall_first_40: 5.275152e-05
caprst_fall_first_60: 5.280152e-05
caprst_fall_first_80: 5.285152e-05
caprst_fall_second_-20: 7.280152e-05
caprst_fall_second_-40: 7.305152e-05
caprst_fall_second_0: 7.310152e-05
caprst_fall_second_100: 7.280152e-05
caprst_fall_second_125: 7.290152e-05
caprst_fall_second_20: 7.265152e-05
caprst_fall_second_40: 7.260152e-05
caprst_fall_second_60: 7.265152e-05
caprst_fall_second_80: 7.270152e-05
caprst_rise_first_-20: 6.430152e-05
caprst_rise_first_-40: 6.455152e-05
caprst_rise_first_0: 6.460152e-05
caprst_rise_first_100: 6.430152e-05
caprst_rise_first_125: 6.440152e-05
caprst_rise_first_20: 6.415152e-05
caprst_rise_first_40: 6.410152e-05
caprst_rise_first_60: 6.415152e-05
caprst_rise_first_80: 6.420152e-05
caprst_rise_second_-20: 8.415152e-05
caprst_rise_second_-40: 8.445152e-05
caprst_rise_second_0: 8.445152e-05
caprst_rise_second_100: 8.415152e-05
caprst_rise_second_125: 8.425152e-05
caprst_rise_second_20: 8.400152e-05
caprst_rise_second_40: 8.890152e-05
caprst_rise_second_60: 8.400152e-05
caprst_rise_second_80: 8.405152e-05
ipc_setupincluded_-20: -9.823535e-05
ipc_setupincluded_-40: -9.598325e-05
ipc_setupincluded_0: -0.0001002161
ipc_setupincluded_100: -0.0001106901
ipc_setupincluded_125: -0.0001137562
ipc_setupincluded_20: -0.0001023882
ipc_setupincluded_40: -0.0001035139
ipc_setupincluded_60: -0.0001066273
ipc_setupincluded_80: -0.0001086359
iptat_first_-20: 6.395624e-06
iptat_first_-40: 5.931104e-06
iptat_first_0: 6.843871e-06
iptat_first_100: 8.837059e-06
iptat_first_125: 9.26217e-06
iptat_first_20: 7.280802e-06
iptat_first_40: 7.699153e-06
iptat_first_60: 8.101783e-06
iptat_first_80: 8.477762e-06
iptat_second_-20: 5.357197e-06
iptat_second_-40: 4.918744e-06
iptat_second_0: 5.779173e-06
iptat_second_100: 7.637105e-06
iptat_second_125: 8.019605e-06
iptat_second_20: 6.186262e-06
iptat_second_40: 6.580027e-06
iptat_second_60: 6.950104e-06
iptat_second_80: 7.302787e-06
ivdd_-20: -0.0001105596
ivdd_-40: -0.000109752
ivdd_0: -0.0001113666
ivdd_100: -0.0001148861
ivdd_125: -0.0001166274
ivdd_20: -0.0001118604
ivdd_40: -0.0001125415
ivdd_60: -0.0001134205
ivdd_80: -0.0001140743
pwrup_fall_-20: 8.420152e-05
pwrup_fall_-40: 8.450152e-05
pwrup_fall_0: 8.450152e-05
pwrup_fall_100: 8.420152e-05
pwrup_fall_125: 8.430152e-05
pwrup_fall_20: 8.405152e-05
pwrup_fall_40: 8.895152e-05
pwrup_fall_60: 8.405152e-05
pwrup_fall_80: 8.410152e-05
pwrup_rise_-20: 2.5152e-07
pwrup_rise_-40: 2.5152e-07
pwrup_rise_0: 2.5152e-07
pwrup_rise_100: 2.5152e-07
pwrup_rise_125: 2.5152e-07
pwrup_rise_20: 2.5152e-07
pwrup_rise_40: 2.5152e-07
pwrup_rise_60: 2.5152e-07
pwrup_rise_80: 2.5152e-07
tmpcount1_-20: 0.151
tmpcount1_-40: 0.145
tmpcount1_0: 0.162
tmpcount1_100: 0.191
tmpcount1_125: 0.199
tmpcount1_20: 0.163
tmpcount1_40: 0.17
tmpcount1_60: 0.177
tmpcount1_80: 0.184
tmpcount2_-20: 0.128
tmpcount2_-40: 0.121
tmpcount2_0: 0.134
tmpcount2_100: 0.17
tmpcount2_125: 0.177
tmpcount2_20: 0.141
tmpcount2_40: 0.216
tmpcount2_60: 0.156
tmpcount2_80: 0.162
