caprst_fall_first_-20: 5.305152e-05
caprst_fall_first_-40: 5.335152e-05
caprst_fall_first_0: 5.290152e-05
caprst_fall_first_100: 5.315152e-05
caprst_fall_first_125: 5.330152e-05
caprst_fall_first_20: 5.285152e-05
caprst_fall_first_40: 5.290152e-05
caprst_fall_first_60: 5.295152e-05
caprst_fall_first_80: 5.305152e-05
caprst_fall_second_-20: 7.310152e-05
caprst_fall_second_-40: 7.380152e-05
caprst_fall_second_0: 7.285152e-05
caprst_fall_second_100: 7.300152e-05
caprst_fall_second_125: 7.315152e-05
caprst_fall_second_20: 7.275152e-05
caprst_fall_second_40: 7.275152e-05
caprst_fall_second_60: 7.280152e-05
caprst_fall_second_80: 7.290152e-05
caprst_rise_first_-20: 6.440152e-05
caprst_rise_first_-40: 6.470152e-05
caprst_rise_first_0: 6.430152e-05
caprst_rise_first_100: 6.450152e-05
caprst_rise_first_125: 6.465152e-05
caprst_rise_first_20: 6.420152e-05
caprst_rise_first_40: 6.425152e-05
caprst_rise_first_60: 6.430152e-05
caprst_rise_first_80: 6.440152e-05
caprst_rise_second_-20: 8.450152e-05
caprst_rise_second_-40: 8.520152e-05
caprst_rise_second_0: 8.420152e-05
caprst_rise_second_100: 8.435152e-05
caprst_rise_second_125: 8.450152e-05
caprst_rise_second_20: 8.410152e-05
caprst_rise_second_40: 8.410152e-05
caprst_rise_second_60: 8.420152e-05
caprst_rise_second_80: 8.465152e-05
ipc_setupincluded_-20: -9.727972e-05
ipc_setupincluded_-40: -9.505186e-05
ipc_setupincluded_0: -9.976891e-05
ipc_setupincluded_100: -0.000109485
ipc_setupincluded_125: -0.0001122448
ipc_setupincluded_20: -0.0001018795
ipc_setupincluded_40: -0.0001039066
ipc_setupincluded_60: -0.0001058171
ipc_setupincluded_80: -0.0001076241
iptat_first_-20: 6.850181e-06
iptat_first_-40: 6.412767e-06
iptat_first_0: 7.277746e-06
iptat_first_100: 9.099242e-06
iptat_first_125: 9.458718e-06
iptat_first_20: 7.689338e-06
iptat_first_40: 8.078362e-06
iptat_first_60: 8.441326e-06
iptat_first_80: 8.781386e-06
iptat_second_-20: 4.881406e-06
iptat_second_-40: 4.419217e-06
iptat_second_0: 5.331682e-06
iptat_second_100: 7.382903e-06
iptat_second_125: 7.829321e-06
iptat_second_20: 5.774341e-06
iptat_second_40: 6.199372e-06
iptat_second_60: 6.612963e-06
iptat_second_80: 7.006279e-06
ivdd_-20: -0.0001097148
ivdd_-40: -0.0001083594
ivdd_0: -0.0001106066
ivdd_100: -0.0001133321
ivdd_125: -0.0001141183
ivdd_20: -0.000111234
ivdd_40: -0.0001118267
ivdd_60: -0.0001123945
ivdd_80: -0.0001126894
pwrup_fall_-20: 8.455152e-05
pwrup_fall_-40: 8.525152e-05
pwrup_fall_0: 8.425152e-05
pwrup_fall_100: 8.440152e-05
pwrup_fall_125: 8.455152e-05
pwrup_fall_20: 8.415152e-05
pwrup_fall_40: 8.415152e-05
pwrup_fall_60: 8.425152e-05
pwrup_fall_80: 8.470152e-05
pwrup_rise_-20: 2.5152e-07
pwrup_rise_-40: 2.5152e-07
pwrup_rise_0: 2.5152e-07
pwrup_rise_100: 2.5152e-07
pwrup_rise_125: 2.5152e-07
pwrup_rise_20: 2.5152e-07
pwrup_rise_40: 2.5152e-07
pwrup_rise_60: 2.5152e-07
pwrup_rise_80: 2.5152e-07
tmpcount1_-20: 0.157
tmpcount1_-40: 0.151
tmpcount1_0: 0.164
tmpcount1_100: 0.194
tmpcount1_125: 0.201
tmpcount1_20: 0.17
tmpcount1_40: 0.176
tmpcount1_60: 0.181
tmpcount1_80: 0.189
tmpcount2_-20: 0.117
tmpcount2_-40: 0.109
tmpcount2_0: 0.124
tmpcount2_100: 0.165
tmpcount2_125: 0.173
tmpcount2_20: 0.132
tmpcount2_40: 0.141
tmpcount2_60: 0.152
tmpcount2_80: 0.162
