caprst_fall_first_-20: 5.260152e-05
caprst_fall_first_-40: 5.265152e-05
caprst_fall_first_0: 5.265152e-05
caprst_fall_first_100: 5.305152e-05
caprst_fall_first_125: 5.320152e-05
caprst_fall_first_20: 5.270152e-05
caprst_fall_first_40: 5.275152e-05
caprst_fall_first_60: 5.280152e-05
caprst_fall_first_80: 5.295152e-05
caprst_fall_second_-20: 7.245152e-05
caprst_fall_second_-40: 7.315152e-05
caprst_fall_second_0: 7.250152e-05
caprst_fall_second_100: 7.290152e-05
caprst_fall_second_125: 7.305152e-05
caprst_fall_second_20: 7.255152e-05
caprst_fall_second_40: 7.260152e-05
caprst_fall_second_60: 7.265152e-05
caprst_fall_second_80: 7.280152e-05
caprst_rise_first_-20: 6.395152e-05
caprst_rise_first_-40: 6.465152e-05
caprst_rise_first_0: 6.400152e-05
caprst_rise_first_100: 6.440152e-05
caprst_rise_first_125: 6.455152e-05
caprst_rise_first_20: 6.405152e-05
caprst_rise_first_40: 6.410152e-05
caprst_rise_first_60: 6.415152e-05
caprst_rise_first_80: 6.430152e-05
caprst_rise_second_-20: 8.380152e-05
caprst_rise_second_-40: 8.450152e-05
caprst_rise_second_0: 8.385152e-05
caprst_rise_second_100: 8.425152e-05
caprst_rise_second_125: 8.440152e-05
caprst_rise_second_20: 8.390152e-05
caprst_rise_second_40: 8.395152e-05
caprst_rise_second_60: 8.415152e-05
caprst_rise_second_80: 8.415152e-05
ipc_setupincluded_-20: -9.742199e-05
ipc_setupincluded_-40: -9.54147e-05
ipc_setupincluded_0: -9.926194e-05
ipc_setupincluded_100: -0.000108639
ipc_setupincluded_125: -0.0001117251
ipc_setupincluded_20: -0.0001010971
ipc_setupincluded_40: -0.0001028112
ipc_setupincluded_60: -0.000104625
ipc_setupincluded_80: -0.0001065592
iptat_first_-20: 6.432242e-06
iptat_first_-40: 5.969055e-06
iptat_first_0: 6.887403e-06
iptat_first_100: 8.863495e-06
iptat_first_125: 9.262875e-06
iptat_first_20: 7.326415e-06
iptat_first_40: 7.743346e-06
iptat_first_60: 8.140368e-06
iptat_first_80: 8.514523e-06
iptat_second_-20: 5.316827e-06
iptat_second_-40: 4.872814e-06
iptat_second_0: 5.744621e-06
iptat_second_100: 7.656642e-06
iptat_second_125: 8.065916e-06
iptat_second_20: 6.160843e-06
iptat_second_40: 6.559046e-06
iptat_second_60: 6.939512e-06
iptat_second_80: 7.307035e-06
ivdd_-20: -0.0001089591
ivdd_-40: -0.000108855
ivdd_0: -0.0001097517
ivdd_100: -0.0001137541
ivdd_125: -0.0001158646
ivdd_20: -0.0001106104
ivdd_40: -0.00011123
ivdd_60: -0.0001120672
ivdd_80: -0.000112701
pwrup_fall_-20: 8.385152e-05
pwrup_fall_-40: 8.455152e-05
pwrup_fall_0: 8.390152e-05
pwrup_fall_100: 8.430152e-05
pwrup_fall_125: 8.445152e-05
pwrup_fall_20: 8.395152e-05
pwrup_fall_40: 8.400152e-05
pwrup_fall_60: 8.420152e-05
pwrup_fall_80: 8.420152e-05
pwrup_rise_-20: 2.5152e-07
pwrup_rise_-40: 2.5152e-07
pwrup_rise_0: 2.5152e-07
pwrup_rise_100: 2.5152e-07
pwrup_rise_125: 2.5152e-07
pwrup_rise_20: 2.5152e-07
pwrup_rise_40: 2.5152e-07
pwrup_rise_60: 2.5152e-07
pwrup_rise_80: 2.5152e-07
tmpcount1_-20: 0.148
tmpcount1_-40: 0.15
tmpcount1_0: 0.154
tmpcount1_100: 0.189
tmpcount1_125: 0.196
tmpcount1_20: 0.162
tmpcount1_40: 0.17
tmpcount1_60: 0.176
tmpcount1_80: 0.183
tmpcount2_-20: 0.126
tmpcount2_-40: 0.118
tmpcount2_0: 0.132
tmpcount2_100: 0.17
tmpcount2_125: 0.177
tmpcount2_20: 0.14
tmpcount2_40: 0.148
tmpcount2_60: 0.157
tmpcount2_80: 0.162
