caprst_fall_first_-20: 5.375152e-05
caprst_fall_first_-40: 5.385152e-05
caprst_fall_first_0: 5.370152e-05
caprst_fall_first_100: 5.405152e-05
caprst_fall_first_125: 5.420152e-05
caprst_fall_first_20: 5.370152e-05
caprst_fall_first_40: 5.380152e-05
caprst_fall_first_60: 5.380152e-05
caprst_fall_first_80: 5.390152e-05
caprst_fall_second_-20: 7.360152e-05
caprst_fall_second_-40: 7.370152e-05
caprst_fall_second_0: 7.355152e-05
caprst_fall_second_100: 7.405152e-05
caprst_fall_second_125: 7.410152e-05
caprst_fall_second_20: 7.355152e-05
caprst_fall_second_40: 7.365152e-05
caprst_fall_second_60: 7.365152e-05
caprst_fall_second_80: 7.375152e-05
caprst_rise_first_-20: 6.510152e-05
caprst_rise_first_-40: 6.520152e-05
caprst_rise_first_0: 6.505152e-05
caprst_rise_first_100: 6.550152e-05
caprst_rise_first_125: 6.555152e-05
caprst_rise_first_20: 6.505152e-05
caprst_rise_first_40: 6.515152e-05
caprst_rise_first_60: 6.515152e-05
caprst_rise_first_80: 6.525152e-05
caprst_rise_second_-20: 8.495152e-05
caprst_rise_second_-40: 8.535152e-05
caprst_rise_second_0: 8.495152e-05
caprst_rise_second_100: 8.540152e-05
caprst_rise_second_125: 8.545152e-05
caprst_rise_second_20: 8.490152e-05
caprst_rise_second_40: 8.500152e-05
caprst_rise_second_60: 8.500152e-05
caprst_rise_second_80: 8.510152e-05
ipc_setupincluded_-20: -9.465477e-05
ipc_setupincluded_-40: -9.231424e-05
ipc_setupincluded_0: -9.697694e-05
ipc_setupincluded_100: -0.0001087464
ipc_setupincluded_125: -0.0001121909
ipc_setupincluded_20: -9.928107e-05
ipc_setupincluded_40: -0.0001016064
ipc_setupincluded_60: -0.0001039649
ipc_setupincluded_80: -0.0001063079
iptat_first_-20: 6.579544e-06
iptat_first_-40: 6.102565e-06
iptat_first_0: 7.05397e-06
iptat_first_100: 9.240353e-06
iptat_first_125: 9.734049e-06
iptat_first_20: 7.52164e-06
iptat_first_40: 7.97087e-06
iptat_first_60: 8.409712e-06
iptat_first_80: 8.829096e-06
iptat_second_-20: 5.27693e-06
iptat_second_-40: 4.845838e-06
iptat_second_0: 5.684402e-06
iptat_second_100: 7.383131e-06
iptat_second_125: 7.692332e-06
iptat_second_20: 6.075857e-06
iptat_second_40: 6.440374e-06
iptat_second_60: 6.784895e-06
iptat_second_80: 7.097029e-06
ivdd_-20: -0.000106021
ivdd_-40: -0.0001049862
ivdd_0: -0.0001070736
ivdd_100: -0.0001127257
ivdd_125: -0.0001148996
ivdd_20: -0.0001080518
ivdd_40: -0.0001090759
ivdd_60: -0.0001101615
ivdd_80: -0.0001113487
pwrup_fall_-20: 8.500152e-05
pwrup_fall_-40: 8.540152e-05
pwrup_fall_0: 8.500152e-05
pwrup_fall_100: 8.545152e-05
pwrup_fall_125: 8.550152e-05
pwrup_fall_20: 8.495152e-05
pwrup_fall_40: 8.505152e-05
pwrup_fall_60: 8.505152e-05
pwrup_fall_80: 8.515152e-05
pwrup_rise_-20: 2.5152e-07
pwrup_rise_-40: 2.5152e-07
pwrup_rise_0: 2.5152e-07
pwrup_rise_100: 2.5152e-07
pwrup_rise_125: 2.5152e-07
pwrup_rise_20: 2.5152e-07
pwrup_rise_40: 2.5152e-07
pwrup_rise_60: 2.5152e-07
pwrup_rise_80: 2.5152e-07
tmpcount1_-20: 0.151
tmpcount1_-40: 0.148
tmpcount1_0: 0.16
tmpcount1_100: 0.198
tmpcount1_125: 0.206
tmpcount1_20: 0.167
tmpcount1_40: 0.174
tmpcount1_60: 0.181
tmpcount1_80: 0.189
tmpcount2_-20: 0.126
tmpcount2_-40: 0.122
tmpcount2_0: 0.132
tmpcount2_100: 0.163
tmpcount2_125: 0.17
tmpcount2_20: 0.138
tmpcount2_40: 0.145
tmpcount2_60: 0.151
tmpcount2_80: 0.157
