caprst_fall_first_-20: 5.435152e-05
caprst_fall_first_-40: 5.465152e-05
caprst_fall_first_0: 5.415152e-05
caprst_fall_first_100: 5.405152e-05
caprst_fall_first_125: 5.415152e-05
caprst_fall_first_20: 5.405152e-05
caprst_fall_first_40: 5.405152e-05
caprst_fall_first_60: 5.400152e-05
caprst_fall_first_80: 5.400152e-05
caprst_fall_second_-20: 7.505152e-05
caprst_fall_second_-40: 7.515152e-05
caprst_fall_second_0: 7.430152e-05
caprst_fall_second_100: 7.400152e-05
caprst_fall_second_125: 7.410152e-05
caprst_fall_second_20: 7.415152e-05
caprst_fall_second_40: 7.455152e-05
caprst_fall_second_60: 7.405152e-05
caprst_fall_second_80: 7.395152e-05
caprst_rise_first_-20: 6.610152e-05
caprst_rise_first_-40: 6.600152e-05
caprst_rise_first_0: 6.550152e-05
caprst_rise_first_100: 6.540152e-05
caprst_rise_first_125: 6.550152e-05
caprst_rise_first_20: 6.540152e-05
caprst_rise_first_40: 6.580152e-05
caprst_rise_first_60: 6.535152e-05
caprst_rise_first_80: 6.535152e-05
caprst_rise_second_-20: 8.640152e-05
caprst_rise_second_-40: 8.650152e-05
caprst_rise_second_0: 8.570152e-05
caprst_rise_second_100: 8.535152e-05
caprst_rise_second_125: 8.545152e-05
caprst_rise_second_20: 8.550152e-05
caprst_rise_second_40: 8.590152e-05
caprst_rise_second_60: 8.540152e-05
caprst_rise_second_80: 8.540152e-05
ipc_setupincluded_-20: -9.586825e-05
ipc_setupincluded_-40: -9.417671e-05
ipc_setupincluded_0: -9.747443e-05
ipc_setupincluded_100: -0.0001048431
ipc_setupincluded_125: -0.0001074279
ipc_setupincluded_20: -9.878514e-05
ipc_setupincluded_40: -0.0001000841
ipc_setupincluded_60: -0.0001015876
ipc_setupincluded_80: -0.0001030749
iptat_first_-20: 6.80086e-06
iptat_first_-40: 6.32934e-06
iptat_first_0: 7.272957e-06
iptat_first_100: 9.349331e-06
iptat_first_125: 9.77894e-06
iptat_first_20: 7.727145e-06
iptat_first_40: 8.168223e-06
iptat_first_60: 8.586204e-06
iptat_first_80: 8.982234e-06
iptat_second_-20: 4.950568e-06
iptat_second_-40: 4.538756e-06
iptat_second_0: 5.343603e-06
iptat_second_100: 7.084005e-06
iptat_second_125: 7.453738e-06
iptat_second_20: 5.723371e-06
iptat_second_40: 6.08686e-06
iptat_second_60: 6.435669e-06
iptat_second_80: 6.768361e-06
ivdd_-20: -0.0001076204
ivdd_-40: -0.0001072011
ivdd_0: -0.0001076183
ivdd_100: -0.0001079035
ivdd_125: -0.0001088308
ivdd_20: -0.0001076629
ivdd_40: -0.0001077759
ivdd_60: -0.0001075415
ivdd_80: -0.0001076121
pwrup_fall_-20: 8.645152e-05
pwrup_fall_-40: 8.655152e-05
pwrup_fall_0: 8.575152e-05
pwrup_fall_100: 8.540152e-05
pwrup_fall_125: 8.550152e-05
pwrup_fall_20: 8.555152e-05
pwrup_fall_40: 8.595152e-05
pwrup_fall_60: 8.545152e-05
pwrup_fall_80: 8.545152e-05
pwrup_rise_-20: 2.5152e-07
pwrup_rise_-40: 2.5152e-07
pwrup_rise_0: 2.5152e-07
pwrup_rise_100: 2.5152e-07
pwrup_rise_125: 2.5152e-07
pwrup_rise_20: 2.5152e-07
pwrup_rise_40: 2.5152e-07
pwrup_rise_60: 2.5152e-07
pwrup_rise_80: 2.5152e-07
tmpcount1_-20: 0.162
tmpcount1_-40: 0.151
tmpcount1_0: 0.164
tmpcount1_100: 0.199
tmpcount1_125: 0.206
tmpcount1_20: 0.171
tmpcount1_40: 0.184
tmpcount1_60: 0.186
tmpcount1_80: 0.192
tmpcount2_-20: 0.119
tmpcount2_-40: 0.113
tmpcount2_0: 0.126
tmpcount2_100: 0.16
tmpcount2_125: 0.167
tmpcount2_20: 0.132
tmpcount2_40: 0.139
tmpcount2_60: 0.146
tmpcount2_80: 0.154
