caprst_fall_first_-20: 5.610152e-05
caprst_fall_first_-40: 5.620152e-05
caprst_fall_first_0: 5.610152e-05
caprst_fall_first_100: 5.665152e-05
caprst_fall_first_125: 5.685152e-05
caprst_fall_first_20: 5.615152e-05
caprst_fall_first_40: 5.625152e-05
caprst_fall_first_60: 5.640152e-05
caprst_fall_first_80: 5.650152e-05
caprst_fall_second_-20: 7.490152e-05
caprst_fall_second_-40: 7.525152e-05
caprst_fall_second_0: 7.490152e-05
caprst_fall_second_100: 7.550152e-05
caprst_fall_second_125: 7.565152e-05
caprst_fall_second_20: 7.495152e-05
caprst_fall_second_40: 7.505152e-05
caprst_fall_second_60: 7.520152e-05
caprst_fall_second_80: 7.530152e-05
caprst_rise_first_-20: 6.745152e-05
caprst_rise_first_-40: 6.780152e-05
caprst_rise_first_0: 6.745152e-05
caprst_rise_first_100: 6.805152e-05
caprst_rise_first_125: 6.820152e-05
caprst_rise_first_20: 6.750152e-05
caprst_rise_first_40: 6.760152e-05
caprst_rise_first_60: 6.775152e-05
caprst_rise_first_80: 6.785152e-05
caprst_rise_second_-20: 8.625152e-05
caprst_rise_second_-40: 8.660152e-05
caprst_rise_second_0: 8.625152e-05
caprst_rise_second_100: 8.685152e-05
caprst_rise_second_125: 8.700152e-05
caprst_rise_second_20: 8.660152e-05
caprst_rise_second_40: 8.640152e-05
caprst_rise_second_60: 8.670152e-05
caprst_rise_second_80: 8.665152e-05
ipc_setupincluded_-20: -0.0001009133
ipc_setupincluded_-40: -9.859333e-05
ipc_setupincluded_0: -0.0001031366
ipc_setupincluded_100: -0.0001151427
ipc_setupincluded_125: -0.0001189077
ipc_setupincluded_20: -0.0001051825
ipc_setupincluded_40: -0.0001075014
ipc_setupincluded_60: -0.0001098453
ipc_setupincluded_80: -0.0001124143
iptat_first_-20: 6.284368e-06
iptat_first_-40: 5.838974e-06
iptat_first_0: 6.723539e-06
iptat_first_100: 8.663022e-06
iptat_first_125: 9.074016e-06
iptat_first_20: 7.146993e-06
iptat_first_40: 7.552147e-06
iptat_first_60: 7.94175e-06
iptat_first_80: 8.313341e-06
iptat_second_-20: 5.493053e-06
iptat_second_-40: 5.045905e-06
iptat_second_0: 5.927548e-06
iptat_second_100: 7.83177e-06
iptat_second_125: 8.224838e-06
iptat_second_20: 6.347185e-06
iptat_second_40: 6.749875e-06
iptat_second_60: 7.133684e-06
iptat_second_80: 7.494371e-06
ivdd_-20: -0.0001129273
ivdd_-40: -0.0001117903
ivdd_0: -0.0001140359
ivdd_100: -0.0001204752
ivdd_125: -0.0001237148
ivdd_20: -0.0001146121
ivdd_40: -0.0001158648
ivdd_60: -0.0001169962
ivdd_80: -0.0001185609
pwrup_fall_-20: 8.630152e-05
pwrup_fall_-40: 8.665152e-05
pwrup_fall_0: 8.630152e-05
pwrup_fall_100: 8.690152e-05
pwrup_fall_125: 8.705152e-05
pwrup_fall_20: 8.665152e-05
pwrup_fall_40: 8.645152e-05
pwrup_fall_60: 8.675152e-05
pwrup_fall_80: 8.670152e-05
pwrup_rise_-20: 2.5152e-07
pwrup_rise_-40: 2.5152e-07
pwrup_rise_0: 2.5152e-07
pwrup_rise_100: 2.5152e-07
pwrup_rise_125: 2.5152e-07
pwrup_rise_20: 2.5152e-07
pwrup_rise_40: 2.5152e-07
pwrup_rise_60: 2.5152e-07
pwrup_rise_80: 2.5152e-07
tmpcount1_-20: 0.147
tmpcount1_-40: 0.143
tmpcount1_0: 0.153
tmpcount1_100: 0.188
tmpcount1_125: 0.196
tmpcount1_20: 0.161
tmpcount1_40: 0.168
tmpcount1_60: 0.174
tmpcount1_80: 0.181
tmpcount2_-20: 0.128
tmpcount2_-40: 0.121
tmpcount2_0: 0.135
tmpcount2_100: 0.172
tmpcount2_125: 0.179
tmpcount2_20: 0.147
tmpcount2_40: 0.151
tmpcount2_60: 0.16
tmpcount2_80: 0.165
