caprst_fall_first_-20: 5.310152e-05
caprst_fall_first_-40: 5.330152e-05
caprst_fall_first_0: 5.440152e-05
caprst_fall_first_100: 5.385152e-05
caprst_fall_first_125: 5.400152e-05
caprst_fall_first_20: 5.540152e-05
caprst_fall_first_40: 5.545152e-05
caprst_fall_first_60: 5.545152e-05
caprst_fall_first_80: 5.450152e-05
caprst_fall_second_-20: 7.315152e-05
caprst_fall_second_-40: 7.340152e-05
caprst_fall_second_0: 7.425152e-05
caprst_fall_second_100: 7.265152e-05
caprst_fall_second_125: 7.280152e-05
caprst_fall_second_20: 7.525152e-05
caprst_fall_second_40: 7.530152e-05
caprst_fall_second_60: 7.530152e-05
caprst_fall_second_80: 7.330152e-05
caprst_rise_first_-20: 6.465152e-05
caprst_rise_first_-40: 6.490152e-05
caprst_rise_first_0: 6.575152e-05
caprst_rise_first_100: 6.520152e-05
caprst_rise_first_125: 6.535152e-05
caprst_rise_first_20: 6.675152e-05
caprst_rise_first_40: 6.680152e-05
caprst_rise_first_60: 6.680152e-05
caprst_rise_first_80: 6.585152e-05
caprst_rise_second_-20: 8.450152e-05
caprst_rise_second_-40: 8.475152e-05
caprst_rise_second_0: 8.570152e-05
caprst_rise_second_100: 8.400152e-05
caprst_rise_second_125: 8.415152e-05
caprst_rise_second_20: 8.660152e-05
caprst_rise_second_40: 8.665152e-05
caprst_rise_second_60: 8.665152e-05
caprst_rise_second_80: 8.465152e-05
ipc_setupincluded_-20: -9.660706e-05
ipc_setupincluded_-40: -9.425574e-05
ipc_setupincluded_0: -9.926868e-05
ipc_setupincluded_100: -0.0001102598
ipc_setupincluded_125: -0.0001133243
ipc_setupincluded_20: -9.96108e-05
ipc_setupincluded_40: -0.0001022094
ipc_setupincluded_60: -0.000104717
ipc_setupincluded_80: -0.000107683
iptat_first_-20: 6.215651e-06
iptat_first_-40: 5.758443e-06
iptat_first_0: 6.654289e-06
iptat_first_100: 8.557334e-06
iptat_first_125: 9.043639e-06
iptat_first_20: 7.073097e-06
iptat_first_40: 7.469491e-06
iptat_first_60: 7.847391e-06
iptat_first_80: 8.149024e-06
iptat_second_-20: 5.606099e-06
iptat_second_-40: 5.161412e-06
iptat_second_0: 6.038604e-06
iptat_second_100: 8.007692e-06
iptat_second_125: 8.323935e-06
iptat_second_20: 6.459591e-06
iptat_second_40: 6.871622e-06
iptat_second_60: 7.31041e-06
iptat_second_80: 8.104387e-06
ivdd_-20: -0.0001096632
ivdd_-40: -0.0001081698
ivdd_0: -0.0001107291
ivdd_100: -0.0001159691
ivdd_125: -0.0001178811
ivdd_20: -0.0001122152
ivdd_40: -0.0001137517
ivdd_60: -0.0001135408
ivdd_80: -0.0001144813
pwrup_fall_-20: 8.455152e-05
pwrup_fall_-40: 8.480152e-05
pwrup_fall_0: 8.575152e-05
pwrup_fall_100: 8.405152e-05
pwrup_fall_125: 8.420152e-05
pwrup_fall_20: 8.665152e-05
pwrup_fall_40: 8.670152e-05
pwrup_fall_60: 8.670152e-05
pwrup_fall_80: 8.470152e-05
pwrup_rise_-20: 2.5152e-07
pwrup_rise_-40: 2.5152e-07
pwrup_rise_0: 2.5152e-07
pwrup_rise_100: 2.5152e-07
pwrup_rise_125: 2.5152e-07
pwrup_rise_20: 2.5152e-07
pwrup_rise_40: 2.5152e-07
pwrup_rise_60: 2.5152e-07
pwrup_rise_80: 2.5152e-07
tmpcount1_-20: 0.146
tmpcount1_-40: 0.141
tmpcount1_0: 0.15
tmpcount1_100: 0.183
tmpcount1_125: 0.192
tmpcount1_20: 0.157
tmpcount1_40: 0.165
tmpcount1_60: 0.17
tmpcount1_80: 0.175
tmpcount2_-20: 0.132
tmpcount2_-40: 0.126
tmpcount2_0: 0.139
tmpcount2_100: 0.175
tmpcount2_125: 0.181
tmpcount2_20: 0.145
tmpcount2_40: 0.153
tmpcount2_60: 0.162
tmpcount2_80: 0.177
