caprst_fall_first_-20: 5.575152e-05
caprst_fall_first_-40: 5.645152e-05
caprst_fall_first_0: 5.535152e-05
caprst_fall_first_100: 5.495152e-05
caprst_fall_first_125: 5.515152e-05
caprst_fall_first_20: 5.515152e-05
caprst_fall_first_40: 5.505152e-05
caprst_fall_first_60: 5.495152e-05
caprst_fall_first_80: 5.490152e-05
caprst_fall_second_-20: 7.480152e-05
caprst_fall_second_-40: 7.580152e-05
caprst_fall_second_0: 7.435152e-05
caprst_fall_second_100: 7.375152e-05
caprst_fall_second_125: 7.395152e-05
caprst_fall_second_20: 7.395152e-05
caprst_fall_second_40: 7.385152e-05
caprst_fall_second_60: 7.375152e-05
caprst_fall_second_80: 7.370152e-05
caprst_rise_first_-20: 6.715152e-05
caprst_rise_first_-40: 6.780152e-05
caprst_rise_first_0: 6.670152e-05
caprst_rise_first_100: 6.630152e-05
caprst_rise_first_125: 6.650152e-05
caprst_rise_first_20: 6.650152e-05
caprst_rise_first_40: 6.640152e-05
caprst_rise_first_60: 6.630152e-05
caprst_rise_first_80: 6.625152e-05
caprst_rise_second_-20: 8.615152e-05
caprst_rise_second_-40: 8.715152e-05
caprst_rise_second_0: 8.570152e-05
caprst_rise_second_100: 8.515152e-05
caprst_rise_second_125: 8.530152e-05
caprst_rise_second_20: 8.530152e-05
caprst_rise_second_40: 8.520152e-05
caprst_rise_second_60: 8.510152e-05
caprst_rise_second_80: 8.505152e-05
ipc_setupincluded_-20: -9.800993e-05
ipc_setupincluded_-40: -9.562455e-05
ipc_setupincluded_0: -0.0001001219
ipc_setupincluded_100: -0.0001098894
ipc_setupincluded_125: -0.0001126147
ipc_setupincluded_20: -0.0001021194
ipc_setupincluded_40: -0.0001040267
ipc_setupincluded_60: -0.0001059586
ipc_setupincluded_80: -0.000107937
iptat_first_-20: 6.729323e-06
iptat_first_-40: 6.269217e-06
iptat_first_0: 7.182731e-06
iptat_first_100: 9.231914e-06
iptat_first_125: 9.681947e-06
iptat_first_20: 7.61965e-06
iptat_first_40: 8.046818e-06
iptat_first_60: 8.453329e-06
iptat_first_80: 8.84958e-06
iptat_second_-20: 5.089667e-06
iptat_second_-40: 4.666947e-06
iptat_second_0: 5.504827e-06
iptat_second_100: 7.268529e-06
iptat_second_125: 7.609078e-06
iptat_second_20: 5.902658e-06
iptat_second_40: 6.279376e-06
iptat_second_60: 6.63651e-06
iptat_second_80: 6.964706e-06
ivdd_-20: -0.0001092933
ivdd_-40: -0.0001083865
ivdd_0: -0.0001101229
ivdd_100: -0.0001128901
ivdd_125: -0.0001140505
ivdd_20: -0.0001107561
ivdd_40: -0.0001112462
ivdd_60: -0.0001117439
ivdd_80: -0.0001122385
pwrup_fall_-20: 8.620152e-05
pwrup_fall_-40: 8.720152e-05
pwrup_fall_0: 8.575152e-05
pwrup_fall_100: 8.520152e-05
pwrup_fall_125: 8.535152e-05
pwrup_fall_20: 8.535152e-05
pwrup_fall_40: 8.525152e-05
pwrup_fall_60: 8.515152e-05
pwrup_fall_80: 8.510152e-05
pwrup_rise_-20: 2.5152e-07
pwrup_rise_-40: 2.5152e-07
pwrup_rise_0: 2.5152e-07
pwrup_rise_100: 2.5152e-07
pwrup_rise_125: 2.5152e-07
pwrup_rise_20: 2.5152e-07
pwrup_rise_40: 2.5152e-07
pwrup_rise_60: 2.5152e-07
pwrup_rise_80: 2.5152e-07
tmpcount1_-20: 0.158
tmpcount1_-40: 0.151
tmpcount1_0: 0.165
tmpcount1_100: 0.202
tmpcount1_125: 0.21
tmpcount1_20: 0.172
tmpcount1_40: 0.181
tmpcount1_60: 0.187
tmpcount1_80: 0.194
tmpcount2_-20: 0.119
tmpcount2_-40: 0.113
tmpcount2_0: 0.126
tmpcount2_100: 0.162
tmpcount2_125: 0.168
tmpcount2_20: 0.134
tmpcount2_40: 0.141
tmpcount2_60: 0.151
tmpcount2_80: 0.155
