caprst_fall_first_-20: 5.110152e-05
caprst_fall_first_-40: 5.115152e-05
caprst_fall_first_0: 5.110152e-05
caprst_fall_first_100: 5.290152e-05
caprst_fall_first_125: 5.305152e-05
caprst_fall_first_20: 5.255152e-05
caprst_fall_first_40: 5.265152e-05
caprst_fall_first_60: 5.270152e-05
caprst_fall_first_80: 5.280152e-05
caprst_fall_second_-20: 6.990152e-05
caprst_fall_second_-40: 6.995152e-05
caprst_fall_second_0: 6.995152e-05
caprst_fall_second_100: 7.170152e-05
caprst_fall_second_125: 7.185152e-05
caprst_fall_second_20: 7.135152e-05
caprst_fall_second_40: 7.145152e-05
caprst_fall_second_60: 7.150152e-05
caprst_fall_second_80: 7.160152e-05
caprst_rise_first_-20: 6.245152e-05
caprst_rise_first_-40: 6.250152e-05
caprst_rise_first_0: 6.250152e-05
caprst_rise_first_100: 6.425152e-05
caprst_rise_first_125: 6.440152e-05
caprst_rise_first_20: 6.390152e-05
caprst_rise_first_40: 6.400152e-05
caprst_rise_first_60: 6.405152e-05
caprst_rise_first_80: 6.415152e-05
caprst_rise_second_-20: 8.125152e-05
caprst_rise_second_-40: 8.135152e-05
caprst_rise_second_0: 8.130152e-05
caprst_rise_second_100: 8.310152e-05
caprst_rise_second_125: 8.320152e-05
caprst_rise_second_20: 8.270152e-05
caprst_rise_second_40: 8.280152e-05
caprst_rise_second_60: 8.285152e-05
caprst_rise_second_80: 8.340152e-05
ipc_setupincluded_-20: -9.895271e-05
ipc_setupincluded_-40: -9.708132e-05
ipc_setupincluded_0: -0.0001006644
ipc_setupincluded_100: -0.0001095634
ipc_setupincluded_125: -0.000112503
ipc_setupincluded_20: -0.0001024701
ipc_setupincluded_40: -0.000104054
ipc_setupincluded_60: -0.000105816
ipc_setupincluded_80: -0.0001074372
iptat_first_-20: 6.643031e-06
iptat_first_-40: 6.198198e-06
iptat_first_0: 7.06934e-06
iptat_first_100: 8.860569e-06
iptat_first_125: 9.206519e-06
iptat_first_20: 7.474238e-06
iptat_first_40: 7.859301e-06
iptat_first_60: 8.218243e-06
iptat_first_80: 8.550697e-06
iptat_second_-20: 4.995946e-06
iptat_second_-40: 4.534869e-06
iptat_second_0: 5.4468e-06
iptat_second_100: 7.516298e-06
iptat_second_125: 7.978437e-06
iptat_second_20: 5.887199e-06
iptat_second_40: 6.314379e-06
iptat_second_60: 6.729593e-06
iptat_second_80: 7.131364e-06
ivdd_-20: -0.0001055505
ivdd_-40: -0.0001050375
ivdd_0: -0.0001063924
ivdd_100: -0.0001126738
ivdd_125: -0.0001148225
ivdd_20: -0.0001095008
ivdd_40: -0.0001101934
ivdd_60: -0.0001109319
ivdd_80: -0.0001120249
pwrup_fall_-20: 8.130152e-05
pwrup_fall_-40: 8.140152e-05
pwrup_fall_0: 8.135152e-05
pwrup_fall_100: 8.315152e-05
pwrup_fall_125: 8.325152e-05
pwrup_fall_20: 8.275152e-05
pwrup_fall_40: 8.285152e-05
pwrup_fall_60: 8.290152e-05
pwrup_fall_80: 8.345152e-05
pwrup_rise_-20: 2.5152e-07
pwrup_rise_-40: 2.5152e-07
pwrup_rise_0: 2.5152e-07
pwrup_rise_100: 2.5152e-07
pwrup_rise_125: 2.5152e-07
pwrup_rise_20: 2.5152e-07
pwrup_rise_40: 2.5152e-07
pwrup_rise_60: 2.5152e-07
pwrup_rise_80: 2.5152e-07
tmpcount1_-20: 0.157
tmpcount1_-40: 0.151
tmpcount1_0: 0.164
tmpcount1_100: 0.194
tmpcount1_125: 0.199
tmpcount1_20: 0.17
tmpcount1_40: 0.176
tmpcount1_60: 0.181
tmpcount1_80: 0.189
tmpcount2_-20: 0.117
tmpcount2_-40: 0.111
tmpcount2_0: 0.125
tmpcount2_100: 0.165
tmpcount2_125: 0.175
tmpcount2_20: 0.133
tmpcount2_40: 0.141
tmpcount2_60: 0.151
tmpcount2_80: 0.164
