caprst_fall_first_-20: 5.300152e-05
caprst_fall_first_-40: 5.305152e-05
caprst_fall_first_0: 5.285152e-05
caprst_fall_first_100: 5.490152e-05
caprst_fall_first_125: 5.400152e-05
caprst_fall_first_20: 5.285152e-05
caprst_fall_first_40: 5.290152e-05
caprst_fall_first_60: 5.295152e-05
caprst_fall_first_80: 5.470152e-05
caprst_fall_second_-20: 7.210152e-05
caprst_fall_second_-40: 7.185152e-05
caprst_fall_second_0: 7.175152e-05
caprst_fall_second_100: 7.475152e-05
caprst_fall_second_125: 7.385152e-05
caprst_fall_second_20: 7.175152e-05
caprst_fall_second_40: 7.170152e-05
caprst_fall_second_60: 7.175152e-05
caprst_fall_second_80: 7.410152e-05
caprst_rise_first_-20: 6.465152e-05
caprst_rise_first_-40: 6.440152e-05
caprst_rise_first_0: 6.430152e-05
caprst_rise_first_100: 6.625152e-05
caprst_rise_first_125: 6.535152e-05
caprst_rise_first_20: 6.430152e-05
caprst_rise_first_40: 6.425152e-05
caprst_rise_first_60: 6.430152e-05
caprst_rise_first_80: 6.665152e-05
caprst_rise_second_-20: 8.350152e-05
caprst_rise_second_-40: 8.320152e-05
caprst_rise_second_0: 8.310152e-05
caprst_rise_second_100: 8.610152e-05
caprst_rise_second_125: 8.520152e-05
caprst_rise_second_20: 8.310152e-05
caprst_rise_second_40: 8.305152e-05
caprst_rise_second_60: 8.310152e-05
caprst_rise_second_80: 8.545152e-05
ipc_setupincluded_-20: -9.411874e-05
ipc_setupincluded_-40: -9.211621e-05
ipc_setupincluded_0: -9.613308e-05
ipc_setupincluded_100: -0.0001051908
ipc_setupincluded_125: -0.0001110014
ipc_setupincluded_20: -9.812034e-05
ipc_setupincluded_40: -0.0001000149
ipc_setupincluded_60: -0.0001020375
ipc_setupincluded_80: -0.0001025961
iptat_first_-20: 6.197451e-06
iptat_first_-40: 5.775553e-06
iptat_first_0: 6.60511e-06
iptat_first_100: 8.405744e-06
iptat_first_125: 8.867325e-06
iptat_first_20: 7.006461e-06
iptat_first_40: 7.383766e-06
iptat_first_60: 7.734089e-06
iptat_first_80: 8.005666e-06
iptat_second_-20: 5.459719e-06
iptat_second_-40: 4.988054e-06
iptat_second_0: 5.920016e-06
iptat_second_100: 7.956545e-06
iptat_second_125: 8.299865e-06
iptat_second_20: 6.364627e-06
iptat_second_40: 6.794813e-06
iptat_second_60: 7.213647e-06
iptat_second_80: 7.623655e-06
ivdd_-20: -0.0001054825
ivdd_-40: -0.0001036306
ivdd_0: -0.000105462
ivdd_100: -0.0001135162
ivdd_125: -0.0001181248
ivdd_20: -0.0001064756
ivdd_40: -0.000106865
ivdd_60: -0.0001080868
ivdd_80: -0.0001116447
pwrup_fall_-20: 8.355152e-05
pwrup_fall_-40: 8.325152e-05
pwrup_fall_0: 8.315152e-05
pwrup_fall_100: 8.615152e-05
pwrup_fall_125: 8.525152e-05
pwrup_fall_20: 8.315152e-05
pwrup_fall_40: 8.310152e-05
pwrup_fall_60: 8.315152e-05
pwrup_fall_80: 8.550152e-05
pwrup_rise_-20: 2.5152e-07
pwrup_rise_-40: 2.5152e-07
pwrup_rise_0: 2.5152e-07
pwrup_rise_100: 2.5152e-07
pwrup_rise_125: 2.5152e-07
pwrup_rise_20: 2.5152e-07
pwrup_rise_40: 2.5152e-07
pwrup_rise_60: 2.5152e-07
pwrup_rise_80: 2.5152e-07
tmpcount1_-20: 0.147
tmpcount1_-40: 0.137
tmpcount1_0: 0.151
tmpcount1_100: 0.183
tmpcount1_125: 0.192
tmpcount1_20: 0.158
tmpcount1_40: 0.165
tmpcount1_60: 0.171
tmpcount1_80: 0.184
tmpcount2_-20: 0.127
tmpcount2_-40: 0.118
tmpcount2_0: 0.135
tmpcount2_100: 0.174
tmpcount2_125: 0.181
tmpcount2_20: 0.143
tmpcount2_40: 0.151
tmpcount2_60: 0.16
tmpcount2_80: 0.168
