caprst_fall_first_-20: 5.595152e-05
caprst_fall_first_-40: 5.630152e-05
caprst_fall_first_0: 5.570152e-05
caprst_fall_first_100: 5.550152e-05
caprst_fall_first_125: 5.560152e-05
caprst_fall_first_20: 5.555152e-05
caprst_fall_first_40: 5.545152e-05
caprst_fall_first_60: 5.545152e-05
caprst_fall_first_80: 5.545152e-05
caprst_fall_second_-20: 7.680152e-05
caprst_fall_second_-40: 7.720152e-05
caprst_fall_second_0: 7.685152e-05
caprst_fall_second_100: 7.555152e-05
caprst_fall_second_125: 7.555152e-05
caprst_fall_second_20: 7.585152e-05
caprst_fall_second_40: 7.565152e-05
caprst_fall_second_60: 7.550152e-05
caprst_fall_second_80: 7.545152e-05
caprst_rise_first_-20: 6.750152e-05
caprst_rise_first_-40: 6.765152e-05
caprst_rise_first_0: 6.775152e-05
caprst_rise_first_100: 6.690152e-05
caprst_rise_first_125: 6.695152e-05
caprst_rise_first_20: 6.690152e-05
caprst_rise_first_40: 6.680152e-05
caprst_rise_first_60: 6.680152e-05
caprst_rise_first_80: 6.680152e-05
caprst_rise_second_-20: 8.815152e-05
caprst_rise_second_-40: 8.855152e-05
caprst_rise_second_0: 8.820152e-05
caprst_rise_second_100: 8.690152e-05
caprst_rise_second_125: 8.690152e-05
caprst_rise_second_20: 8.720152e-05
caprst_rise_second_40: 8.700152e-05
caprst_rise_second_60: 8.685152e-05
caprst_rise_second_80: 8.680152e-05
ipc_setupincluded_-20: -9.54379e-05
ipc_setupincluded_-40: -9.327058e-05
ipc_setupincluded_0: -9.768237e-05
ipc_setupincluded_100: -0.0001085315
ipc_setupincluded_125: -0.0001113325
ipc_setupincluded_20: -0.0001000211
ipc_setupincluded_40: -0.0001023186
ipc_setupincluded_60: -0.0001044467
ipc_setupincluded_80: -0.000106481
iptat_first_-20: 6.843138e-06
iptat_first_-40: 6.391065e-06
iptat_first_0: 7.284633e-06
iptat_first_100: 9.22158e-06
iptat_first_125: 9.630794e-06
iptat_first_20: 7.712245e-06
iptat_first_40: 8.117454e-06
iptat_first_60: 8.502903e-06
iptat_first_80: 8.870866e-06
iptat_second_-20: 5.066996e-06
iptat_second_-40: 4.624594e-06
iptat_second_0: 5.498334e-06
iptat_second_100: 7.410808e-06
iptat_second_125: 7.800436e-06
iptat_second_20: 5.918412e-06
iptat_second_40: 6.320657e-06
iptat_second_60: 6.70645e-06
iptat_second_80: 7.071631e-06
ivdd_-20: -0.0001066314
ivdd_-40: -0.0001056509
ivdd_0: -0.0001075358
ivdd_100: -0.0001113307
ivdd_125: -0.0001124498
ivdd_20: -0.0001089319
ivdd_40: -0.0001094818
ivdd_60: -0.0001100672
ivdd_80: -0.0001106543
pwrup_fall_-20: 8.820152e-05
pwrup_fall_-40: 8.860152e-05
pwrup_fall_0: 8.825152e-05
pwrup_fall_100: 8.695152e-05
pwrup_fall_125: 8.695152e-05
pwrup_fall_20: 8.725152e-05
pwrup_fall_40: 8.705152e-05
pwrup_fall_60: 8.690152e-05
pwrup_fall_80: 8.685152e-05
pwrup_rise_-20: 2.5152e-07
pwrup_rise_-40: 2.5152e-07
pwrup_rise_0: 2.5152e-07
pwrup_rise_100: 2.5152e-07
pwrup_rise_125: 2.5152e-07
pwrup_rise_20: 2.5152e-07
pwrup_rise_40: 2.5152e-07
pwrup_rise_60: 2.5152e-07
pwrup_rise_80: 2.5152e-07
tmpcount1_-20: 0.156
tmpcount1_-40: 0.149
tmpcount1_0: 0.17
tmpcount1_100: 0.195
tmpcount1_125: 0.202
tmpcount1_20: 0.168
tmpcount1_40: 0.174
tmpcount1_60: 0.181
tmpcount1_80: 0.187
tmpcount2_-20: 0.119
tmpcount2_-40: 0.113
tmpcount2_0: 0.127
tmpcount2_100: 0.164
tmpcount2_125: 0.172
tmpcount2_20: 0.134
tmpcount2_40: 0.142
tmpcount2_60: 0.151
tmpcount2_80: 0.157
