caprst_fall_first_-40: 5.070152e-05
caprst_fall_first_0: 5.070152e-05
caprst_fall_first_125: 5.160152e-05
caprst_fall_first_40: 5.085152e-05
caprst_fall_first_80: 5.110152e-05
caprst_fall_second_-40: 0.0001018515
caprst_fall_second_0: 0.0001019015
caprst_fall_second_125: 0.0001028515
caprst_fall_second_40: 0.0001020015
caprst_fall_second_80: 0.0001023515
caprst_rise_first_-40: 5.825152e-05
caprst_rise_first_0: 5.830152e-05
caprst_rise_first_125: 5.915152e-05
caprst_rise_first_40: 5.840152e-05
caprst_rise_first_80: 5.870152e-05
caprst_rise_second_-40: 0.0001095515
caprst_rise_second_0: 0.0001094515
caprst_rise_second_125: 0.0001104015
caprst_rise_second_40: 0.0001107015
caprst_rise_second_80: 0.0001104515
iptat_first_-40: 5.905528e-06
iptat_first_0: 6.843968e-06
iptat_first_125: 9.508792e-06
iptat_first_40: 7.742098e-06
iptat_first_80: 8.596599e-06
iptat_second_-40: 4.870454e-06
iptat_second_0: 5.723297e-06
iptat_second_125: 7.677934e-06
iptat_second_40: 6.470958e-06
iptat_second_80: 7.115065e-06
tmpcount1_-40: 0.149
tmpcount1_0: 0.135
tmpcount1_125: 0.193
tmpcount1_40: 0.152
tmpcount1_80: 0.167
tmpcount2_-40: 0.102
tmpcount2_0: 0.113
tmpcount2_125: 0.151
tmpcount2_40: 0.149
tmpcount2_80: 0.151
