caprst_fall_first_-40: 6.230152e-05
caprst_fall_first_0: 6.025152e-05
caprst_fall_first_125: 6.200152e-05
caprst_fall_first_40: 5.945152e-05
caprst_fall_first_80: 5.990152e-05
caprst_fall_second_-40: 0.0001280515
caprst_fall_second_0: 0.0001247515
caprst_fall_second_125: 0.0001269015
caprst_fall_second_40: 0.0001219515
caprst_fall_second_80: 0.0001227515
caprst_rise_first_-40: 6.985152e-05
caprst_rise_first_0: 6.875152e-05
caprst_rise_first_125: 6.955152e-05
caprst_rise_first_40: 6.700152e-05
caprst_rise_first_80: 6.745152e-05
caprst_rise_second_-40: 0.0001356015
caprst_rise_second_0: 0.0001323515
caprst_rise_second_125: 0.0001346515
caprst_rise_second_40: 0.0001299528
caprst_rise_second_80: 0.0001310015
iptat_first_-40: 8.067628e-06
iptat_first_0: 9.019846e-06
iptat_first_125: 1.175638e-05
iptat_first_40: 9.952029e-06
iptat_first_80: 1.081518e-05
iptat_second_-40: 3.040608e-06
iptat_second_0: 3.828252e-06
iptat_second_125: 5.492069e-06
iptat_second_40: 4.547759e-06
iptat_second_80: 5.111722e-06
tmpcount1_-40: 0.151
tmpcount1_0: 0.188
tmpcount1_125: 0.22
tmpcount1_40: 0.189
tmpcount1_80: 0.201
tmpcount2_-40: 0.066
tmpcount2_0: 0.08
tmpcount2_125: 0.123
tmpcount2_40: 0.106
tmpcount2_80: 0.119
