caprst_fall_first_-40: 5.770152e-05
caprst_fall_first_0: 5.525152e-05
caprst_fall_first_125: 5.440152e-05
caprst_fall_first_40: 5.430152e-05
caprst_fall_first_80: 5.355152e-05
caprst_fall_second_-40: 0.0001185015
caprst_fall_second_0: 0.0001132515
caprst_fall_second_125: 0.0001107515
caprst_fall_second_40: 0.0001113015
caprst_fall_second_80: 0.0001100015
caprst_rise_first_-40: 6.525152e-05
caprst_rise_first_0: 6.280152e-05
caprst_rise_first_125: 6.195152e-05
caprst_rise_first_40: 6.195152e-05
caprst_rise_first_80: 6.185152e-05
caprst_rise_second_-40: 0.0001263015
caprst_rise_second_0: 0.0001220515
caprst_rise_second_125: 0.0001183515
caprst_rise_second_40: 0.0001193515
caprst_rise_second_80: 0.0001175515
iptat_first_-40: 7.567673e-06
iptat_first_0: 8.401945e-06
iptat_first_125: 1.070135e-05
iptat_first_40: 9.176994e-06
iptat_first_80: 9.903999e-06
iptat_second_-40: 3.360178e-06
iptat_second_0: 4.271583e-06
iptat_second_125: 6.507957e-06
iptat_second_40: 5.107948e-06
iptat_second_80: 5.839714e-06
tmpcount1_-40: 0.15
tmpcount1_0: 0.152
tmpcount1_125: 0.201
tmpcount1_40: 0.177
tmpcount1_80: 0.211
tmpcount2_-40: 0.074
tmpcount2_0: 0.1
tmpcount2_125: 0.135
tmpcount2_40: 0.113
tmpcount2_80: 0.12
