caprst_fall_first_-40: 5.060152e-05
caprst_fall_first_0: 5.035152e-05
caprst_fall_first_125: 5.240152e-05
caprst_fall_first_40: 5.185152e-05
caprst_fall_first_80: 5.205152e-05
caprst_fall_second_-40: 0.0001026015
caprst_fall_second_0: 0.0001018015
caprst_fall_second_125: 0.0001038015
caprst_fall_second_40: 0.0001030515
caprst_fall_second_80: 0.0001032515
caprst_rise_first_-40: 5.815152e-05
caprst_rise_first_0: 5.795152e-05
caprst_rise_first_125: 6.035152e-05
caprst_rise_first_40: 5.940152e-05
caprst_rise_first_80: 5.960152e-05
caprst_rise_second_-40: 0.0001113015
caprst_rise_second_0: 0.0001108515
caprst_rise_second_125: 0.0001113515
caprst_rise_second_40: 0.0001106015
caprst_rise_second_80: 0.0001108015
iptat_first_-40: 6.539321e-06
iptat_first_0: 7.446389e-06
iptat_first_125: 9.957946e-06
iptat_first_40: 8.29936e-06
iptat_first_80: 9.089333e-06
iptat_second_-40: 4.348725e-06
iptat_second_0: 5.19986e-06
iptat_second_125: 7.309207e-06
iptat_second_40: 6.027068e-06
iptat_second_80: 6.691888e-06
tmpcount1_-40: 0.129
tmpcount1_0: 0.144
tmpcount1_125: 0.203
tmpcount1_40: 0.152
tmpcount1_80: 0.172
tmpcount2_-40: 0.099
tmpcount2_0: 0.12
tmpcount2_125: 0.15
tmpcount2_40: 0.12
tmpcount2_80: 0.134
