caprst_fall_first_-40: 5.555152e-05
caprst_fall_first_0: 5.365152e-05
caprst_fall_first_125: 5.365152e-05
caprst_fall_first_40: 5.365152e-05
caprst_fall_first_80: 5.365152e-05
caprst_fall_second_-40: 0.0001130015
caprst_fall_second_0: 0.0001085015
caprst_fall_second_125: 0.0001085015
caprst_fall_second_40: 0.0001085015
caprst_fall_second_80: 0.0001085015
caprst_rise_first_-40: 6.355152e-05
caprst_rise_first_0: 6.120152e-05
caprst_rise_first_125: 6.120152e-05
caprst_rise_first_40: 6.120152e-05
caprst_rise_first_80: 6.120152e-05
caprst_rise_second_-40: 0.0001211515
caprst_rise_second_0: 0.0001165515
caprst_rise_second_125: 0.0001165515
caprst_rise_second_40: 0.0001165515
caprst_rise_second_80: 0.0001165515
iptat_first_-40: 6.948596e-06
iptat_first_0: 7.842643e-06
iptat_first_125: 7.842643e-06
iptat_first_40: 7.842643e-06
iptat_first_80: 7.842643e-06
iptat_second_-40: 4.040436e-06
iptat_second_0: 4.917257e-06
iptat_second_125: 4.917257e-06
iptat_second_40: 4.917257e-06
iptat_second_80: 4.917257e-06
tmpcount1_-40: 0.147
tmpcount1_0: 0.152
tmpcount1_125: 0.152
tmpcount1_40: 0.152
tmpcount1_80: 0.152
tmpcount2_-40: 0.089
tmpcount2_0: 0.107
tmpcount2_125: 0.107
tmpcount2_40: 0.107
tmpcount2_80: 0.107
