caprst_fall_first_-40: 5.235152e-05
caprst_fall_first_0: 5.180152e-05
caprst_fall_first_125: 5.360152e-05
caprst_fall_first_40: 5.165152e-05
caprst_fall_first_80: 5.180152e-05
caprst_fall_second_-40: 0.0001033015
caprst_fall_second_0: 0.0001027515
caprst_fall_second_125: 0.0001045515
caprst_fall_second_40: 0.0001026015
caprst_fall_second_80: 0.0001027515
caprst_rise_first_-40: 5.990152e-05
caprst_rise_first_0: 5.935152e-05
caprst_rise_first_125: 6.115152e-05
caprst_rise_first_40: 5.920152e-05
caprst_rise_first_80: 5.935152e-05
caprst_rise_second_-40: 0.0001108515
caprst_rise_second_0: 0.0001104515
caprst_rise_second_125: 0.0001121015
caprst_rise_second_40: 0.0001110515
caprst_rise_second_80: 0.0001103015
iptat_first_-40: 5.703666e-06
iptat_first_0: 6.582674e-06
iptat_first_125: 8.893561e-06
iptat_first_40: 7.408606e-06
iptat_first_80: 8.138213e-06
iptat_second_-40: 5.200008e-06
iptat_second_0: 6.080232e-06
iptat_second_125: 8.364639e-06
iptat_second_40: 6.902849e-06
iptat_second_80: 7.633119e-06
tmpcount1_-40: 0.109
tmpcount1_0: 0.129
tmpcount1_125: 0.172
tmpcount1_40: 0.151
tmpcount1_80: 0.162
tmpcount2_-40: 0.1
tmpcount2_0: 0.123
tmpcount2_125: 0.151
tmpcount2_40: 0.15
tmpcount2_80: 0.151
