caprst_fall_first_-40: 7.380152e-05
caprst_fall_first_0: 7.010152e-05
caprst_fall_first_125: 7.320152e-05
caprst_fall_first_40: 6.905152e-05
caprst_fall_first_80: 6.955152e-05
caprst_fall_second_-40: 0.0001465515
caprst_fall_second_0: 0.0001393015
caprst_fall_second_125: 0.0001447515
caprst_fall_second_40: 0.0001368015
caprst_fall_second_80: 0.0001380515
caprst_rise_first_-40: 8.150152e-05
caprst_rise_first_0: 7.770152e-05
caprst_rise_first_125: 8.075152e-05
caprst_rise_first_40: 7.660152e-05
caprst_rise_first_80: 7.715152e-05
caprst_rise_second_0: 0.0001469015
caprst_rise_second_40: 0.0001444515
caprst_rise_second_80: 0.0001456015
iptat_first_-40: 8.190081e-06
iptat_first_0: 9.119776e-06
iptat_first_125: 6.371586e-08
iptat_first_40: 1.002151e-05
iptat_first_80: 1.091738e-05
iptat_second_0: 3.547913e-06
iptat_second_40: 4.231262e-06
iptat_second_80: 4.696929e-06
tmpcount1_-40: 0.162
tmpcount1_0: 0.241
tmpcount1_125: 0.0
tmpcount1_40: 0.201
tmpcount1_80: 0.225
tmpcount2_-40: 0.024
tmpcount2_0: 0.07
tmpcount2_125: 0.07040139
tmpcount2_40: 0.084
tmpcount2_80: 0.093
