caprst_fall_first_-40: 5.375152e-05
caprst_fall_first_0: 5.375152e-05
caprst_fall_first_125: 5.470152e-05
caprst_fall_first_40: 5.385152e-05
caprst_fall_first_80: 5.415152e-05
caprst_fall_second_-40: 0.0001051015
caprst_fall_second_0: 0.0001050515
caprst_fall_second_125: 0.0001061015
caprst_fall_second_40: 0.0001051515
caprst_fall_second_80: 0.0001055015
caprst_rise_first_-40: 6.130152e-05
caprst_rise_first_0: 6.130152e-05
caprst_rise_first_125: 6.230152e-05
caprst_rise_first_40: 6.140152e-05
caprst_rise_first_80: 6.175152e-05
caprst_rise_second_-40: 0.0001126515
caprst_rise_second_0: 0.0001126515
caprst_rise_second_125: 0.0001136515
caprst_rise_second_40: 0.0001131015
caprst_rise_second_80: 0.0001135515
iptat_first_-40: 6.195744e-06
iptat_first_0: 7.139296e-06
iptat_first_125: 9.630696e-06
iptat_first_40: 8.011877e-06
iptat_first_80: 8.824632e-06
iptat_second_-40: 4.732558e-06
iptat_second_0: 5.585918e-06
iptat_second_125: 7.752975e-06
iptat_second_40: 6.377995e-06
iptat_second_80: 7.100507e-06
tmpcount1_-40: 0.12
tmpcount1_0: 0.138
tmpcount1_125: 0.182
tmpcount1_40: 0.151
tmpcount1_80: 0.173
tmpcount2_-40: 0.1
tmpcount2_0: 0.113
tmpcount2_125: 0.151
tmpcount2_40: 0.133
tmpcount2_80: 0.151
