caprst_fall_first_-40: 5.355152e-05
caprst_fall_first_0: 5.340152e-05
caprst_fall_first_125: 5.400152e-05
caprst_fall_first_40: 5.345152e-05
caprst_fall_first_80: 5.360152e-05
caprst_fall_second_-40: 0.0001034515
caprst_fall_second_0: 0.0001033015
caprst_fall_second_125: 0.0001039015
caprst_fall_second_40: 0.0001033515
caprst_fall_second_80: 0.0001035015
caprst_rise_first_-40: 6.110152e-05
caprst_rise_first_0: 6.095152e-05
caprst_rise_first_125: 6.155152e-05
caprst_rise_first_40: 6.100152e-05
caprst_rise_first_80: 6.115152e-05
caprst_rise_second_-40: 0.0001147015
caprst_rise_second_0: 0.0001108515
caprst_rise_second_125: 0.0001114515
caprst_rise_second_40: 0.0001118515
caprst_rise_second_80: 0.0001110515
iptat_first_-40: 5.697203e-06
iptat_first_0: 6.59306e-06
iptat_first_125: 6.244953e-08
iptat_first_40: 7.434196e-06
iptat_first_80: 1.475048e-08
iptat_second_-40: 5.154908e-06
iptat_second_0: 6.04636e-06
iptat_second_125: 8.379342e-06
iptat_second_40: 6.863317e-06
iptat_second_80: 7.632286e-06
tmpcount1_-40: 0.125
tmpcount1_0: 0.129
tmpcount1_125: 0.0
tmpcount1_40: 0.151
tmpcount1_80: 0.0
tmpcount2_-40: 0.15
tmpcount2_0: 0.12
tmpcount2_125: 0.152
tmpcount2_40: 0.151
tmpcount2_80: 0.152
