caprst_fall_first_-40: 5.670152e-05
caprst_fall_first_0: 5.440152e-05
caprst_fall_first_125: 5.455152e-05
caprst_fall_first_40: 5.315152e-05
caprst_fall_first_80: 5.325152e-05
caprst_fall_second_-40: 0.0001152015
caprst_fall_second_0: 0.0001101015
caprst_fall_second_125: 0.0001095515
caprst_fall_second_40: 0.0001078515
caprst_fall_second_80: 0.0001071015
caprst_rise_first_-40: 6.440152e-05
caprst_rise_first_0: 6.195152e-05
caprst_rise_first_125: 6.210152e-05
caprst_rise_first_40: 6.120152e-05
caprst_rise_first_80: 6.080152e-05
caprst_rise_second_-40: 0.0001232528
caprst_rise_second_0: 0.0001180515
caprst_rise_second_125: 0.0001177015
caprst_rise_second_40: 0.0001159015
caprst_rise_second_80: 0.0001153515
iptat_first_-40: 7.049123e-06
iptat_first_0: 7.946589e-06
iptat_first_125: 1.041935e-05
iptat_first_40: 8.775374e-06
iptat_first_80: 9.589059e-06
iptat_second_-40: 3.917026e-06
iptat_second_0: 4.819284e-06
iptat_second_125: 6.897659e-06
iptat_second_40: 5.611046e-06
iptat_second_80: 6.281881e-06
tmpcount1_-40: 0.14
tmpcount1_0: 0.151
tmpcount1_125: 0.201
tmpcount1_40: 0.171
tmpcount1_80: 0.182
tmpcount2_-40: 0.083
tmpcount2_0: 0.102
tmpcount2_125: 0.151
tmpcount2_40: 0.119
tmpcount2_80: 0.137
