caprst_fall_first_-40: 5.385152e-05
caprst_fall_first_0: 5.280152e-05
caprst_fall_first_125: 5.390152e-05
caprst_fall_first_40: 5.265152e-05
caprst_fall_first_80: 5.280152e-05
caprst_fall_second_-40: 0.0001057515
caprst_fall_second_0: 0.0001035015
caprst_fall_second_125: 0.0001052015
caprst_fall_second_40: 0.0001036015
caprst_fall_second_80: 0.0001031015
caprst_rise_first_-40: 6.140152e-05
caprst_rise_first_0: 6.035152e-05
caprst_rise_first_125: 6.145152e-05
caprst_rise_first_40: 6.070152e-05
caprst_rise_first_80: 6.035152e-05
caprst_rise_second_-40: 0.0001133015
caprst_rise_second_0: 0.0001147515
caprst_rise_second_125: 0.0001132515
caprst_rise_second_40: 0.0001111515
caprst_rise_second_80: 0.0001109015
iptat_first_-40: 6.502565e-06
iptat_first_0: 7.400547e-06
iptat_first_125: 6.333348e-08
iptat_first_40: 8.25467e-06
iptat_first_80: 9.08395e-06
iptat_second_-40: 4.332033e-06
iptat_second_0: 5.159227e-06
iptat_second_125: 7.166188e-06
iptat_second_40: 5.955011e-06
iptat_second_80: 6.59145e-06
tmpcount1_-40: 0.133
tmpcount1_0: 0.151
tmpcount1_125: 0.0
tmpcount1_40: 0.171
tmpcount1_80: 0.181
tmpcount2_-40: 0.086
tmpcount2_0: 0.15
tmpcount2_125: 0.151
tmpcount2_40: 0.12
tmpcount2_80: 0.133
