caprst_fall_first_-40: 5.095152e-05
caprst_fall_first_0: 5.100152e-05
caprst_fall_first_125: 5.195152e-05
caprst_fall_first_40: 5.120152e-05
caprst_fall_first_80: 5.150152e-05
caprst_fall_second_-40: 0.0001008515
caprst_fall_second_0: 0.0001016015
caprst_fall_second_125: 0.0001018515
caprst_fall_second_40: 0.0001011015
caprst_fall_second_80: 0.0001014515
caprst_rise_first_-40: 5.850152e-05
caprst_rise_first_0: 5.925152e-05
caprst_rise_first_125: 5.950152e-05
caprst_rise_first_40: 5.875152e-05
caprst_rise_first_80: 5.910152e-05
caprst_rise_second_-40: 0.0001084515
caprst_rise_second_0: 0.0001101015
caprst_rise_second_125: 0.0001094015
caprst_rise_second_40: 0.0001086515
caprst_rise_second_80: 0.0001093515
iptat_first_-40: 5.977976e-06
iptat_first_0: 6.91428e-06
iptat_first_125: 5.72974e-08
iptat_first_40: 7.80684e-06
iptat_first_80: 8.623891e-06
iptat_second_-40: 4.981335e-06
iptat_second_0: 5.833033e-06
iptat_second_125: 8.014991e-06
iptat_second_40: 6.604856e-06
iptat_second_80: 7.307813e-06
tmpcount1_-40: 0.12
tmpcount1_0: 0.149
tmpcount1_125: 0.0
tmpcount1_40: 0.151
tmpcount1_80: 0.173
tmpcount2_-40: 0.101
tmpcount2_0: 0.128
tmpcount2_125: 0.152
tmpcount2_40: 0.129
tmpcount2_80: 0.157
