caprst_fall_first_-40: 5.150152e-05
caprst_fall_first_0: 5.165152e-05
caprst_fall_first_125: 5.335152e-05
caprst_fall_first_40: 5.180152e-05
caprst_fall_first_80: 5.355152e-05
caprst_fall_second_-40: 0.0001026015
caprst_fall_second_0: 0.0001026515
caprst_fall_second_125: 0.0001032515
caprst_fall_second_40: 0.0001028015
caprst_fall_second_80: 0.0001048015
caprst_rise_first_-40: 5.910152e-05
caprst_rise_first_0: 5.920152e-05
caprst_rise_first_125: 6.090152e-05
caprst_rise_first_40: 5.940152e-05
caprst_rise_first_80: 6.140152e-05
caprst_rise_second_-40: 0.0001138515
caprst_rise_second_0: 0.0001102015
caprst_rise_second_125: 0.0001108015
caprst_rise_second_40: 0.0001106015
caprst_rise_second_80: 0.0001123515
iptat_first_-40: 5.841156e-06
iptat_first_0: 6.714089e-06
iptat_first_125: 8.879395e-06
iptat_first_40: 7.510026e-06
iptat_first_80: 8.151338e-06
iptat_second_-40: 5.086361e-06
iptat_second_0: 6.044101e-06
iptat_second_125: 8.449685e-06
iptat_second_40: 6.897242e-06
iptat_second_80: 7.754102e-06
tmpcount1_-40: 0.128
tmpcount1_0: 0.135
tmpcount1_125: 0.172
tmpcount1_40: 0.152
tmpcount1_80: 0.167
tmpcount2_-40: 0.15
tmpcount2_0: 0.12
tmpcount2_125: 0.151
tmpcount2_40: 0.14
tmpcount2_80: 0.151
