caprst_fall_first_-40: 5.280152e-05
caprst_fall_first_0: 5.200152e-05
caprst_fall_first_125: 5.235152e-05
caprst_fall_first_40: 5.190152e-05
caprst_fall_first_80: 5.205152e-05
caprst_fall_second_-40: 0.0001042515
caprst_fall_second_0: 0.0001025515
caprst_fall_second_125: 0.0001024515
caprst_fall_second_40: 0.0001022015
caprst_fall_second_80: 0.0001021015
caprst_rise_first_-40: 6.035152e-05
caprst_rise_first_0: 5.955152e-05
caprst_rise_first_125: 5.990152e-05
caprst_rise_first_40: 5.945152e-05
caprst_rise_first_80: 5.960152e-05
caprst_rise_second_-40: 0.0001118015
caprst_rise_second_0: 0.0001101015
caprst_rise_second_125: 0.0001100015
caprst_rise_second_40: 0.0001098015
caprst_rise_second_80: 0.0001096515
iptat_first_-40: 6.582625e-06
iptat_first_0: 7.537309e-06
iptat_first_125: 6.266133e-08
iptat_first_40: 8.379576e-06
iptat_first_80: 9.179491e-06
iptat_second_-40: 4.371843e-06
iptat_second_0: 5.220793e-06
iptat_second_125: 7.456136e-06
iptat_second_40: 6.007808e-06
iptat_second_80: 6.735955e-06
tmpcount1_-40: 0.134
tmpcount1_0: 0.151
tmpcount1_125: 0.0
tmpcount1_40: 0.167
tmpcount1_80: 0.181
tmpcount2_-40: 0.086
tmpcount2_0: 0.1
tmpcount2_125: 0.151
tmpcount2_40: 0.121
tmpcount2_80: 0.131
