caprst_fall_first_-40: 5.185152e-05
caprst_fall_first_0: 5.140152e-05
caprst_fall_first_125: 5.165152e-05
caprst_fall_first_40: 5.130152e-05
caprst_fall_first_80: 5.135152e-05
caprst_fall_second_-40: 0.0001030515
caprst_fall_second_0: 0.0001026015
caprst_fall_second_125: 0.0001030015
caprst_fall_second_40: 0.0001024015
caprst_fall_second_80: 0.0001024015
caprst_rise_first_-40: 5.940152e-05
caprst_rise_first_0: 5.905152e-05
caprst_rise_first_125: 5.950152e-05
caprst_rise_first_40: 5.885152e-05
caprst_rise_first_80: 5.890152e-05
caprst_rise_second_-40: 0.0001108015
caprst_rise_second_0: 0.0001101515
caprst_rise_second_125: 0.0001105515
caprst_rise_second_40: 0.0001099515
caprst_rise_second_80: 0.0001099515
iptat_first_-40: 5.971109e-06
iptat_first_0: 6.850185e-06
iptat_first_125: 9.181083e-06
iptat_first_40: 7.659748e-06
iptat_first_80: 8.388612e-06
iptat_second_-40: 4.864907e-06
iptat_second_0: 5.727314e-06
iptat_second_125: 8.023997e-06
iptat_second_40: 6.565475e-06
iptat_second_80: 7.316253e-06
tmpcount1_-40: 0.12
tmpcount1_0: 0.143
tmpcount1_125: 0.185
tmpcount1_40: 0.151
tmpcount1_80: 0.167
tmpcount2_-40: 0.103
tmpcount2_0: 0.115
tmpcount2_125: 0.151
tmpcount2_40: 0.133
tmpcount2_80: 0.15
