ivdd_-20: -2.974347e-05
ivdd_-40: -2.353901e-05
ivdd_0: -3.483588e-05
ivdd_100: -4.629508e-05
ivdd_125: -4.753368e-05
ivdd_20: -3.84795e-05
ivdd_40: -4.092373e-05
ivdd_60: -4.225479e-05
ivdd_80: -4.475122e-05
vref_-20: 0.558153
vref_-40: 0.5556478
vref_0: 0.5603986
vref_100: 0.5703525
vref_125: 0.5705834
vref_20: 0.5629318
vref_40: 0.5646674
vref_60: 0.5668823
vref_80: 0.5691509
