ivdd_-20: -3.012543e-05
ivdd_-40: -2.38294e-05
ivdd_0: -3.578299e-05
ivdd_100: -4.767894e-05
ivdd_125: -4.7969e-05
ivdd_20: -3.973013e-05
ivdd_40: -4.244241e-05
ivdd_60: -4.433672e-05
ivdd_80: -4.658231e-05
vref_-20: 0.5934911
vref_-40: 0.5921441
vref_0: 0.5934571
vref_100: 0.5888046
vref_125: 0.5855398
vref_20: 0.5931178
vref_40: 0.5923474
vref_60: 0.5912556
vref_80: 0.59034
