ivdd_-20: -3.168304e-05
ivdd_-40: -4.993167e-05
ivdd_0: -3.773607e-05
ivdd_100: -4.834128e-05
ivdd_125: -4.993167e-05
ivdd_20: -4.122394e-05
ivdd_40: -4.390722e-05
ivdd_60: -4.514997e-05
ivdd_80: -4.687615e-05
vref_-20: 0.5915146
vref_-40: 0.5866182
vref_0: 0.593329
vref_100: 0.5890649
vref_125: 0.5866182
vref_20: 0.5933861
vref_40: 0.5930287
vref_60: 0.5925051
vref_80: 0.5909822
