ivdd_-20: -3.03692e-05
ivdd_-40: -2.403676e-05
ivdd_0: -3.445911e-05
ivdd_100: -4.506652e-05
ivdd_125: -4.599359e-05
ivdd_20: -3.879832e-05
ivdd_40: -4.156269e-05
ivdd_60: -4.228811e-05
ivdd_80: -4.303526e-05
vref_-20: 0.6297545
vref_-40: 0.6302779
vref_0: 0.6312915
vref_100: 0.6271961
vref_125: 0.6246003
vref_20: 0.6299577
vref_40: 0.6300023
vref_60: 0.6284655
vref_80: 0.6275668
