ivdd_-20: -2.772919e-05
ivdd_-40: -2.230683e-05
ivdd_0: -3.22715e-05
ivdd_100: -4.123986e-05
ivdd_125: -4.313942e-05
ivdd_20: -3.567494e-05
ivdd_40: -3.803125e-05
ivdd_60: -3.916428e-05
ivdd_80: -4.107632e-05
vref_-20: 0.6118432
vref_-40: 0.6104937
vref_0: 0.6118328
vref_100: 0.6133852
vref_125: 0.6132469
vref_20: 0.6131584
vref_40: 0.6134864
vref_60: 0.6137971
vref_80: 0.6142172
