ivdd_-20: -2.985034e-05
ivdd_-40: -4.771855e-05
ivdd_0: -3.506735e-05
ivdd_100: -4.554199e-05
ivdd_125: -4.771855e-05
ivdd_20: -3.799926e-05
ivdd_40: -4.063163e-05
ivdd_60: -4.311126e-05
ivdd_80: -4.415566e-05
vref_-20: 0.5824005
vref_-40: 0.5779098
vref_0: 0.5834885
vref_100: 0.5798616
vref_125: 0.5779098
vref_20: 0.5842096
vref_40: 0.5829724
vref_60: 0.582701
vref_80: 0.5813392
