ivdd_-20: -3.073282e-05
ivdd_-40: -4.795957e-05
ivdd_0: -3.613567e-05
ivdd_100: -4.642529e-05
ivdd_125: -4.795957e-05
ivdd_20: -3.980807e-05
ivdd_40: -4.16525e-05
ivdd_60: -4.392431e-05
ivdd_80: -4.514892e-05
vref_-20: 0.5866797
vref_-40: 0.5777643
vref_0: 0.5869629
vref_100: 0.5803095
vref_125: 0.5777643
vref_20: 0.5869891
vref_40: 0.5854071
vref_60: 0.5834437
vref_80: 0.5817334
