ivdd_-20: -3.16347e-05
ivdd_-40: -2.511463e-05
ivdd_0: -3.735315e-05
ivdd_100: -4.882896e-05
ivdd_125: -5.022882e-05
ivdd_20: -4.192874e-05
ivdd_40: -4.475043e-05
ivdd_60: -4.55303e-05
ivdd_80: -4.741004e-05
vref_-20: 0.5915184
vref_-40: 0.5896584
vref_0: 0.5921796
vref_100: 0.5889672
vref_125: 0.5870386
vref_20: 0.5927514
vref_40: 0.5925612
vref_60: 0.590358
vref_80: 0.5904033
