ivdd_-20: -3.048415e-05
ivdd_-40: -2.416632e-05
ivdd_0: -3.577316e-05
ivdd_100: -4.521299e-05
ivdd_125: -4.716751e-05
ivdd_20: -3.889678e-05
ivdd_40: -4.100975e-05
ivdd_60: -4.32918e-05
ivdd_80: -4.431496e-05
vref_-20: 0.5995763
vref_-40: 0.5995552
vref_0: 0.5993347
vref_100: 0.5984959
vref_125: 0.5973387
vref_20: 0.5996374
vref_40: 0.5999469
vref_60: 0.600074
vref_80: 0.5995651
