caprst_fall_first_-20: 5.390152e-05
caprst_fall_first_-40: 5.490152e-05
caprst_fall_first_0: 5.350152e-05
caprst_fall_first_100: 5.445152e-05
caprst_fall_first_125: 5.450152e-05
caprst_fall_first_20: 5.315152e-05
caprst_fall_first_40: 5.300152e-05
caprst_fall_first_60: 5.460152e-05
caprst_fall_first_80: 5.450152e-05
caprst_fall_second_-20: 7.425152e-05
caprst_fall_second_-40: 7.530152e-05
caprst_fall_second_0: 7.320152e-05
caprst_fall_second_100: 7.335152e-05
caprst_fall_second_125: 7.335152e-05
caprst_fall_second_20: 7.250152e-05
caprst_fall_second_40: 7.215152e-05
caprst_fall_second_60: 7.365152e-05
caprst_fall_second_80: 7.355152e-05
caprst_rise_first_-20: 6.560152e-05
caprst_rise_first_-40: 6.625152e-05
caprst_rise_first_0: 6.485152e-05
caprst_rise_first_100: 6.580152e-05
caprst_rise_first_125: 6.590152e-05
caprst_rise_first_20: 6.450152e-05
caprst_rise_first_40: 6.435152e-05
caprst_rise_first_60: 6.595152e-05
caprst_rise_first_80: 6.585152e-05
caprst_rise_second_-20: 8.560152e-05
caprst_rise_second_-40: 8.690152e-05
caprst_rise_second_0: 8.455152e-05
caprst_rise_second_100: 8.470152e-05
caprst_rise_second_125: 8.470152e-05
caprst_rise_second_20: 8.410152e-05
caprst_rise_second_40: 8.350152e-05
caprst_rise_second_60: 8.500152e-05
caprst_rise_second_80: 8.490152e-05
ipc_setupincluded_-20: -9.795382e-05
ipc_setupincluded_-40: -9.572202e-05
ipc_setupincluded_0: -0.0001001883
ipc_setupincluded_100: -0.0001095006
ipc_setupincluded_125: -0.0001119401
ipc_setupincluded_20: -0.0001022062
ipc_setupincluded_40: -0.0001041264
ipc_setupincluded_60: -0.0001059787
ipc_setupincluded_80: -0.0001077025
iptat_first_-20: 7.180722e-06
iptat_first_-40: 6.729298e-06
iptat_first_0: 7.620492e-06
iptat_first_100: 9.616866e-06
iptat_first_125: 1.003795e-05
iptat_first_20: 8.05238e-06
iptat_first_40: 8.471932e-06
iptat_first_60: 8.873355e-06
iptat_first_80: 9.251527e-06
iptat_second_-20: 4.656491e-06
iptat_second_-40: 4.219981e-06
iptat_second_0: 5.082694e-06
iptat_second_100: 6.936008e-06
iptat_second_125: 7.314356e-06
iptat_second_20: 5.489859e-06
iptat_second_40: 5.884845e-06
iptat_second_60: 6.258105e-06
iptat_second_80: 6.608403e-06
pwrup_fall_-20: 8.565152e-05
pwrup_fall_-40: 8.695152e-05
pwrup_fall_0: 8.460152e-05
pwrup_fall_100: 8.475152e-05
pwrup_fall_125: 8.475152e-05
pwrup_fall_20: 8.415152e-05
pwrup_fall_40: 8.355152e-05
pwrup_fall_60: 8.505152e-05
pwrup_fall_80: 8.495152e-05
pwrup_rise_-20: 2.5152e-07
pwrup_rise_-40: 2.5152e-07
pwrup_rise_0: 2.5152e-07
pwrup_rise_100: 2.5152e-07
pwrup_rise_125: 2.5152e-07
pwrup_rise_20: 2.5152e-07
pwrup_rise_40: 2.5152e-07
pwrup_rise_60: 2.5152e-07
pwrup_rise_80: 2.5152e-07
tmpcount1_-20: 0.171
tmpcount1_-40: 0.16
tmpcount1_0: 0.172
tmpcount1_100: 0.209
tmpcount1_125: 0.217
tmpcount1_20: 0.181
tmpcount1_40: 0.186
tmpcount1_60: 0.194
tmpcount1_80: 0.201
tmpcount2_-20: 0.106
tmpcount2_-40: 0.101
tmpcount2_0: 0.113
tmpcount2_100: 0.151
tmpcount2_125: 0.16
tmpcount2_20: 0.125
tmpcount2_40: 0.13
tmpcount2_60: 0.138
tmpcount2_80: 0.145
