caprst_fall_first_-20: 5.335152e-05
caprst_fall_first_-40: 5.345152e-05
caprst_fall_first_0: 5.330152e-05
caprst_fall_first_100: 5.485152e-05
caprst_fall_first_125: 5.505152e-05
caprst_fall_first_20: 5.325152e-05
caprst_fall_first_40: 5.325152e-05
caprst_fall_first_60: 5.470152e-05
caprst_fall_first_80: 5.475152e-05
caprst_fall_second_-20: 7.330152e-05
caprst_fall_second_-40: 7.330152e-05
caprst_fall_second_0: 7.315152e-05
caprst_fall_second_100: 7.490152e-05
caprst_fall_second_125: 7.490152e-05
caprst_fall_second_20: 7.315152e-05
caprst_fall_second_40: 7.310152e-05
caprst_fall_second_60: 7.455152e-05
caprst_fall_second_80: 7.460152e-05
caprst_rise_first_-20: 6.480152e-05
caprst_rise_first_-40: 6.480152e-05
caprst_rise_first_0: 6.465152e-05
caprst_rise_first_100: 6.640152e-05
caprst_rise_first_125: 6.640152e-05
caprst_rise_first_20: 6.465152e-05
caprst_rise_first_40: 6.460152e-05
caprst_rise_first_60: 6.605152e-05
caprst_rise_first_80: 6.610152e-05
caprst_rise_second_-20: 8.480152e-05
caprst_rise_second_-40: 8.465152e-05
caprst_rise_second_0: 8.450152e-05
caprst_rise_second_100: 8.625152e-05
caprst_rise_second_125: 8.625152e-05
caprst_rise_second_20: 8.450152e-05
caprst_rise_second_40: 8.445152e-05
caprst_rise_second_60: 8.635152e-05
caprst_rise_second_80: 8.595152e-05
ipc_setupincluded_-20: -9.45952e-05
ipc_setupincluded_-40: -9.227194e-05
ipc_setupincluded_0: -9.706555e-05
ipc_setupincluded_100: -0.0001112969
ipc_setupincluded_125: -0.0001154359
ipc_setupincluded_20: -9.955686e-05
ipc_setupincluded_40: -0.0001022702
ipc_setupincluded_60: -0.0001052083
ipc_setupincluded_80: -0.0001083133
iptat_first_-20: 6.364833e-06
iptat_first_-40: 5.956474e-06
iptat_first_0: 6.770689e-06
iptat_first_100: 8.57273e-06
iptat_first_125: 8.956521e-06
iptat_first_20: 7.159945e-06
iptat_first_40: 7.540687e-06
iptat_first_60: 7.900167e-06
iptat_first_80: 8.246148e-06
iptat_second_-20: 5.321793e-06
iptat_second_-40: 4.84369e-06
iptat_second_0: 5.779767e-06
iptat_second_100: 7.780669e-06
iptat_second_125: 8.192722e-06
iptat_second_20: 6.222868e-06
iptat_second_40: 6.644191e-06
iptat_second_60: 7.047771e-06
iptat_second_80: 7.42607e-06
pwrup_fall_-20: 8.485152e-05
pwrup_fall_-40: 8.470152e-05
pwrup_fall_0: 8.455152e-05
pwrup_fall_100: 8.630152e-05
pwrup_fall_125: 8.630152e-05
pwrup_fall_20: 8.455152e-05
pwrup_fall_40: 8.450152e-05
pwrup_fall_60: 8.640152e-05
pwrup_fall_80: 8.600152e-05
pwrup_rise_-20: 2.5152e-07
pwrup_rise_-40: 2.5152e-07
pwrup_rise_0: 2.5152e-07
pwrup_rise_100: 2.5152e-07
pwrup_rise_125: 2.5152e-07
pwrup_rise_20: 2.5152e-07
pwrup_rise_40: 2.5152e-07
pwrup_rise_60: 2.5152e-07
pwrup_rise_80: 2.5152e-07
tmpcount1_-20: 0.151
tmpcount1_-40: 0.143
tmpcount1_0: 0.152
tmpcount1_100: 0.19
tmpcount1_125: 0.194
tmpcount1_20: 0.161
tmpcount1_40: 0.167
tmpcount1_60: 0.174
tmpcount1_80: 0.181
tmpcount2_-20: 0.128
tmpcount2_-40: 0.118
tmpcount2_0: 0.133
tmpcount2_100: 0.172
tmpcount2_125: 0.181
tmpcount2_20: 0.141
tmpcount2_40: 0.151
tmpcount2_60: 0.164
tmpcount2_80: 0.165
