caprst_fall_first_-20: 5.230152e-05
caprst_fall_first_-40: 5.240152e-05
caprst_fall_first_0: 5.210152e-05
caprst_fall_first_100: 5.370152e-05
caprst_fall_first_125: 5.380152e-05
caprst_fall_first_20: 5.205152e-05
caprst_fall_first_40: 5.210152e-05
caprst_fall_first_60: 5.215152e-05
caprst_fall_first_80: 5.375152e-05
caprst_fall_second_-20: 7.125152e-05
caprst_fall_second_-40: 7.145152e-05
caprst_fall_second_0: 7.100152e-05
caprst_fall_second_100: 7.250152e-05
caprst_fall_second_125: 7.275152e-05
caprst_fall_second_20: 7.085152e-05
caprst_fall_second_40: 7.090152e-05
caprst_fall_second_60: 7.095152e-05
caprst_fall_second_80: 7.260152e-05
caprst_rise_first_-20: 6.365152e-05
caprst_rise_first_-40: 6.375152e-05
caprst_rise_first_0: 6.345152e-05
caprst_rise_first_100: 6.505152e-05
caprst_rise_first_125: 6.530152e-05
caprst_rise_first_20: 6.340152e-05
caprst_rise_first_40: 6.345152e-05
caprst_rise_first_60: 6.350152e-05
caprst_rise_first_80: 6.515152e-05
caprst_rise_second_-20: 8.275152e-05
caprst_rise_second_-40: 8.280152e-05
caprst_rise_second_0: 8.240152e-05
caprst_rise_second_100: 8.385152e-05
caprst_rise_second_125: 8.410152e-05
caprst_rise_second_20: 8.220152e-05
caprst_rise_second_40: 8.225152e-05
caprst_rise_second_60: 8.255152e-05
caprst_rise_second_80: 8.395152e-05
ipc_setupincluded_-20: -9.523562e-05
ipc_setupincluded_-40: -9.320624e-05
ipc_setupincluded_0: -9.729496e-05
ipc_setupincluded_100: -0.0001070712
ipc_setupincluded_125: -0.0001100436
ipc_setupincluded_20: -9.921039e-05
ipc_setupincluded_40: -0.0001011322
ipc_setupincluded_60: -0.000102907
ipc_setupincluded_80: -0.0001049346
iptat_first_-20: 6.802003e-06
iptat_first_-40: 6.332813e-06
iptat_first_0: 7.257741e-06
iptat_first_100: 9.224145e-06
iptat_first_125: 9.616394e-06
iptat_first_20: 7.699454e-06
iptat_first_40: 8.117333e-06
iptat_first_60: 8.511917e-06
iptat_first_80: 8.879472e-06
iptat_second_-20: 4.88913e-06
iptat_second_-40: 4.461552e-06
iptat_second_0: 5.304573e-06
iptat_second_100: 7.201805e-06
iptat_second_125: 7.615258e-06
iptat_second_20: 5.710016e-06
iptat_second_40: 6.106346e-06
iptat_second_60: 6.48407e-06
iptat_second_80: 6.85258e-06
ivdd_-20: -0.0001061542
ivdd_-40: -0.0001055032
ivdd_0: -0.0001051591
ivdd_100: -0.0001111425
ivdd_125: -0.0001132741
ivdd_20: -0.0001053863
ivdd_40: -0.0001062142
ivdd_60: -0.0001073768
ivdd_80: -0.0001103923
pwrup_fall_-20: 8.280152e-05
pwrup_fall_-40: 8.285152e-05
pwrup_fall_0: 8.245152e-05
pwrup_fall_100: 8.390152e-05
pwrup_fall_125: 8.415152e-05
pwrup_fall_20: 8.225152e-05
pwrup_fall_40: 8.230152e-05
pwrup_fall_60: 8.260152e-05
pwrup_fall_80: 8.400152e-05
pwrup_rise_-20: 2.5152e-07
pwrup_rise_-40: 2.5152e-07
pwrup_rise_0: 2.5152e-07
pwrup_rise_100: 2.5152e-07
pwrup_rise_125: 2.5152e-07
pwrup_rise_20: 2.5152e-07
pwrup_rise_40: 2.5152e-07
pwrup_rise_60: 2.5152e-07
pwrup_rise_80: 2.5152e-07
tmpcount1_-20: 0.157
tmpcount1_-40: 0.151
tmpcount1_0: 0.165
tmpcount1_100: 0.2
tmpcount1_125: 0.21
tmpcount1_20: 0.172
tmpcount1_40: 0.181
tmpcount1_60: 0.186
tmpcount1_80: 0.195
tmpcount2_-20: 0.113
tmpcount2_-40: 0.104
tmpcount2_0: 0.12
tmpcount2_100: 0.157
tmpcount2_125: 0.165
tmpcount2_20: 0.127
tmpcount2_40: 0.136
tmpcount2_60: 0.145
tmpcount2_80: 0.151
