caprst_fall_first_-20: 5.190152e-05
caprst_fall_first_-40: 5.205152e-05
caprst_fall_first_0: 5.195152e-05
caprst_fall_first_100: 5.225152e-05
caprst_fall_first_125: 5.240152e-05
caprst_fall_first_20: 5.195152e-05
caprst_fall_first_40: 5.200152e-05
caprst_fall_first_60: 5.205152e-05
caprst_fall_first_80: 5.210152e-05
caprst_fall_second_-20: 7.175152e-05
caprst_fall_second_-40: 7.190152e-05
caprst_fall_second_0: 7.250152e-05
caprst_fall_second_100: 7.210152e-05
caprst_fall_second_125: 7.225152e-05
caprst_fall_second_20: 7.180152e-05
caprst_fall_second_40: 7.185152e-05
caprst_fall_second_60: 7.190152e-05
caprst_fall_second_80: 7.195152e-05
caprst_rise_first_-20: 6.325152e-05
caprst_rise_first_-40: 6.340152e-05
caprst_rise_first_0: 6.400152e-05
caprst_rise_first_100: 6.360152e-05
caprst_rise_first_125: 6.375152e-05
caprst_rise_first_20: 6.330152e-05
caprst_rise_first_40: 6.335152e-05
caprst_rise_first_60: 6.340152e-05
caprst_rise_first_80: 6.345152e-05
caprst_rise_second_-20: 8.315152e-05
caprst_rise_second_-40: 8.340152e-05
caprst_rise_second_0: 8.385152e-05
caprst_rise_second_100: 8.345152e-05
caprst_rise_second_125: 8.360152e-05
caprst_rise_second_20: 8.320152e-05
caprst_rise_second_40: 8.320152e-05
caprst_rise_second_60: 8.330152e-05
caprst_rise_second_80: 8.330152e-05
ipc_setupincluded_-20: -9.702681e-05
ipc_setupincluded_-40: -9.483116e-05
ipc_setupincluded_0: -9.915077e-05
ipc_setupincluded_100: -0.0001098967
ipc_setupincluded_125: -0.000112971
ipc_setupincluded_20: -0.0001014074
ipc_setupincluded_40: -0.0001035375
ipc_setupincluded_60: -0.0001056086
ipc_setupincluded_80: -0.0001076823
iptat_first_-20: 6.50492e-06
iptat_first_-40: 6.057112e-06
iptat_first_0: 6.943419e-06
iptat_first_100: 8.899911e-06
iptat_first_125: 9.315264e-06
iptat_first_20: 7.368953e-06
iptat_first_40: 7.774888e-06
iptat_first_60: 8.16693e-06
iptat_first_80: 8.546171e-06
iptat_second_-20: 5.04509e-06
iptat_second_-40: 4.597044e-06
iptat_second_0: 5.47509e-06
iptat_second_100: 7.337041e-06
iptat_second_125: 7.721914e-06
iptat_second_20: 5.885936e-06
iptat_second_40: 6.279174e-06
iptat_second_60: 6.65451e-06
iptat_second_80: 7.006742e-06
pwrup_fall_-20: 8.320152e-05
pwrup_fall_-40: 8.345152e-05
pwrup_fall_0: 8.390152e-05
pwrup_fall_100: 8.350152e-05
pwrup_fall_125: 8.365152e-05
pwrup_fall_20: 8.325152e-05
pwrup_fall_40: 8.325152e-05
pwrup_fall_60: 8.335152e-05
pwrup_fall_80: 8.335152e-05
pwrup_rise_-20: 2.5152e-07
pwrup_rise_-40: 2.5152e-07
pwrup_rise_0: 2.5152e-07
pwrup_rise_100: 2.5152e-07
pwrup_rise_125: 2.5152e-07
pwrup_rise_20: 2.5152e-07
pwrup_rise_40: 2.5152e-07
pwrup_rise_60: 2.5152e-07
pwrup_rise_80: 2.5152e-07
tmpcount1_-20: 0.151
tmpcount1_-40: 0.148
tmpcount1_0: 0.17
tmpcount1_100: 0.194
tmpcount1_125: 0.202
tmpcount1_20: 0.166
tmpcount1_40: 0.173
tmpcount1_60: 0.181
tmpcount1_80: 0.187
tmpcount2_-20: 0.124
tmpcount2_-40: 0.115
tmpcount2_0: 0.129
tmpcount2_100: 0.165
tmpcount2_125: 0.173
tmpcount2_20: 0.138
tmpcount2_40: 0.144
tmpcount2_60: 0.152
tmpcount2_80: 0.158
