caprst_fall_first_-20: 5.255152e-05
caprst_fall_first_-40: 5.285152e-05
caprst_fall_first_0: 5.230152e-05
caprst_fall_first_100: 5.370152e-05
caprst_fall_first_125: 5.375152e-05
caprst_fall_first_20: 5.210152e-05
caprst_fall_first_40: 5.205152e-05
caprst_fall_first_60: 5.210152e-05
caprst_fall_first_80: 5.215152e-05
caprst_fall_second_-20: 7.180152e-05
caprst_fall_second_-40: 7.260152e-05
caprst_fall_second_0: 7.135152e-05
caprst_fall_second_100: 7.250152e-05
caprst_fall_second_125: 7.265152e-05
caprst_fall_second_20: 7.140152e-05
caprst_fall_second_40: 7.095152e-05
caprst_fall_second_60: 7.090152e-05
caprst_fall_second_80: 7.095152e-05
caprst_rise_first_-20: 6.390152e-05
caprst_rise_first_-40: 6.440152e-05
caprst_rise_first_0: 6.365152e-05
caprst_rise_first_100: 6.505152e-05
caprst_rise_first_125: 6.520152e-05
caprst_rise_first_20: 6.385152e-05
caprst_rise_first_40: 6.340152e-05
caprst_rise_first_60: 6.345152e-05
caprst_rise_first_80: 6.350152e-05
caprst_rise_second_-20: 8.315152e-05
caprst_rise_second_-40: 8.410152e-05
caprst_rise_second_0: 8.275152e-05
caprst_rise_second_100: 8.385152e-05
caprst_rise_second_125: 8.400152e-05
caprst_rise_second_20: 8.335152e-05
caprst_rise_second_40: 8.245152e-05
caprst_rise_second_60: 8.225152e-05
caprst_rise_second_80: 8.230152e-05
ipc_setupincluded_-20: -9.316934e-05
ipc_setupincluded_-40: -9.081393e-05
ipc_setupincluded_0: -9.53777e-05
ipc_setupincluded_100: -0.000105576
ipc_setupincluded_125: -0.0001085861
ipc_setupincluded_20: -9.718698e-05
ipc_setupincluded_40: -9.933799e-05
ipc_setupincluded_60: -0.0001013597
ipc_setupincluded_80: -0.0001033898
iptat_first_-20: 6.972248e-06
iptat_first_-40: 6.532162e-06
iptat_first_0: 7.403422e-06
iptat_first_100: 9.286575e-06
iptat_first_125: 9.670636e-06
iptat_first_20: 7.821504e-06
iptat_first_40: 8.216964e-06
iptat_first_60: 8.596777e-06
iptat_first_80: 8.954647e-06
iptat_second_-20: 4.756585e-06
iptat_second_-40: 4.303806e-06
iptat_second_0: 5.197268e-06
iptat_second_100: 7.159039e-06
iptat_second_125: 7.58095e-06
iptat_second_20: 5.6218e-06
iptat_second_40: 6.030887e-06
iptat_second_60: 6.426756e-06
iptat_second_80: 6.798042e-06
pwrup_fall_-20: 8.320152e-05
pwrup_fall_-40: 8.415152e-05
pwrup_fall_0: 8.280152e-05
pwrup_fall_100: 8.390152e-05
pwrup_fall_125: 8.405152e-05
pwrup_fall_20: 8.340152e-05
pwrup_fall_40: 8.250152e-05
pwrup_fall_60: 8.230152e-05
pwrup_fall_80: 8.235152e-05
pwrup_rise_-20: 2.5152e-07
pwrup_rise_-40: 2.5152e-07
pwrup_rise_0: 2.5152e-07
pwrup_rise_100: 2.5152e-07
pwrup_rise_125: 2.5152e-07
pwrup_rise_20: 2.5152e-07
pwrup_rise_40: 2.5152e-07
pwrup_rise_60: 2.5152e-07
pwrup_rise_80: 2.5152e-07
tmpcount1_-20: 0.163
tmpcount1_-40: 0.16
tmpcount1_0: 0.169
tmpcount1_100: 0.201
tmpcount1_125: 0.21
tmpcount1_20: 0.181
tmpcount1_40: 0.181
tmpcount1_60: 0.189
tmpcount1_80: 0.194
tmpcount2_-20: 0.11
tmpcount2_-40: 0.105
tmpcount2_0: 0.118
tmpcount2_100: 0.157
tmpcount2_125: 0.165
tmpcount2_20: 0.132
tmpcount2_40: 0.136
tmpcount2_60: 0.141
tmpcount2_80: 0.151
