caprst_fall_first_-20: 5.560152e-05
caprst_fall_first_-40: 5.595152e-05
caprst_fall_first_0: 5.540152e-05
caprst_fall_first_100: 5.550152e-05
caprst_fall_first_125: 5.715152e-05
caprst_fall_first_20: 5.535152e-05
caprst_fall_first_40: 5.530152e-05
caprst_fall_first_60: 5.530152e-05
caprst_fall_first_80: 5.535152e-05
caprst_fall_second_-20: 7.620152e-05
caprst_fall_second_-40: 7.675152e-05
caprst_fall_second_0: 7.580152e-05
caprst_fall_second_100: 7.545152e-05
caprst_fall_second_125: 7.715152e-05
caprst_fall_second_20: 7.560152e-05
caprst_fall_second_40: 7.540152e-05
caprst_fall_second_60: 7.555152e-05
caprst_fall_second_80: 7.535152e-05
caprst_rise_first_-20: 6.705152e-05
caprst_rise_first_-40: 6.730152e-05
caprst_rise_first_0: 6.675152e-05
caprst_rise_first_100: 6.685152e-05
caprst_rise_first_125: 6.855152e-05
caprst_rise_first_20: 6.670152e-05
caprst_rise_first_40: 6.665152e-05
caprst_rise_first_60: 6.690152e-05
caprst_rise_first_80: 6.670152e-05
caprst_rise_second_-20: 8.755152e-05
caprst_rise_second_-40: 8.820152e-05
caprst_rise_second_0: 8.715152e-05
caprst_rise_second_100: 8.680152e-05
caprst_rise_second_125: 8.850152e-05
caprst_rise_second_20: 8.695152e-05
caprst_rise_second_40: 8.675152e-05
caprst_rise_second_60: 8.690152e-05
caprst_rise_second_80: 8.670152e-05
ipc_setupincluded_-20: -0.0001023235
ipc_setupincluded_-40: -0.0001001514
ipc_setupincluded_0: -0.0001045033
ipc_setupincluded_100: -0.0001155409
ipc_setupincluded_125: -0.000118695
ipc_setupincluded_20: -0.0001068051
ipc_setupincluded_40: -0.0001089622
ipc_setupincluded_60: -0.0001110805
ipc_setupincluded_80: -0.0001132812
iptat_first_-20: 6.844929e-06
iptat_first_-40: 6.385217e-06
iptat_first_0: 7.291949e-06
iptat_first_100: 9.211668e-06
iptat_first_125: 9.599068e-06
iptat_first_20: 7.718551e-06
iptat_first_40: 8.128814e-06
iptat_first_60: 8.510817e-06
iptat_first_80: 8.876419e-06
iptat_second_-20: 5.048551e-06
iptat_second_-40: 4.604125e-06
iptat_second_0: 5.486668e-06
iptat_second_100: 7.456922e-06
iptat_second_125: 7.879011e-06
iptat_second_20: 5.9118e-06
iptat_second_40: 6.321965e-06
iptat_second_60: 6.717944e-06
iptat_second_80: 7.096031e-06
ivdd_-20: -0.0001137034
ivdd_-40: -0.0001124449
ivdd_0: -0.0001145797
ivdd_100: -0.0001184412
ivdd_125: -0.0001203613
ivdd_20: -0.0001151364
ivdd_40: -0.000115812
ivdd_60: -0.0001165474
ivdd_80: -0.0001172782
pwrup_fall_-20: 8.760152e-05
pwrup_fall_-40: 8.825152e-05
pwrup_fall_0: 8.720152e-05
pwrup_fall_100: 8.685152e-05
pwrup_fall_125: 8.855152e-05
pwrup_fall_20: 8.700152e-05
pwrup_fall_40: 8.680152e-05
pwrup_fall_60: 8.695152e-05
pwrup_fall_80: 8.675152e-05
pwrup_rise_-20: 2.5152e-07
pwrup_rise_-40: 2.5152e-07
pwrup_rise_0: 2.5152e-07
pwrup_rise_100: 2.5152e-07
pwrup_rise_125: 2.5152e-07
pwrup_rise_20: 2.5152e-07
pwrup_rise_40: 2.5152e-07
pwrup_rise_60: 2.5152e-07
pwrup_rise_80: 2.5152e-07
tmpcount1_-20: 0.158
tmpcount1_-40: 0.151
tmpcount1_0: 0.164
tmpcount1_100: 0.196
tmpcount1_125: 0.206
tmpcount1_20: 0.17
tmpcount1_40: 0.178
tmpcount1_60: 0.188
tmpcount1_80: 0.192
tmpcount2_-20: 0.12
tmpcount2_-40: 0.113
tmpcount2_0: 0.127
tmpcount2_100: 0.167
tmpcount2_125: 0.175
tmpcount2_20: 0.136
tmpcount2_40: 0.144
tmpcount2_60: 0.151
tmpcount2_80: 0.16
