caprst_fall_first_-20: 5.550152e-05
caprst_fall_first_-40: 5.570152e-05
caprst_fall_first_0: 5.545152e-05
caprst_fall_first_100: 5.465152e-05
caprst_fall_first_125: 5.485152e-05
caprst_fall_first_20: 5.550152e-05
caprst_fall_first_40: 5.445152e-05
caprst_fall_first_60: 5.455152e-05
caprst_fall_first_80: 5.455152e-05
caprst_fall_second_-20: 7.600152e-05
caprst_fall_second_-40: 7.555152e-05
caprst_fall_second_0: 7.530152e-05
caprst_fall_second_100: 7.450152e-05
caprst_fall_second_125: 7.470152e-05
caprst_fall_second_20: 7.535152e-05
caprst_fall_second_40: 7.430152e-05
caprst_fall_second_60: 7.440152e-05
caprst_fall_second_80: 7.440152e-05
caprst_rise_first_-20: 6.750152e-05
caprst_rise_first_-40: 6.705152e-05
caprst_rise_first_0: 6.680152e-05
caprst_rise_first_100: 6.600152e-05
caprst_rise_first_125: 6.620152e-05
caprst_rise_first_20: 6.685152e-05
caprst_rise_first_40: 6.580152e-05
caprst_rise_first_60: 6.590152e-05
caprst_rise_first_80: 6.590152e-05
caprst_rise_second_-20: 8.735152e-05
caprst_rise_second_-40: 8.690152e-05
caprst_rise_second_0: 8.665152e-05
caprst_rise_second_100: 8.585152e-05
caprst_rise_second_125: 8.605152e-05
caprst_rise_second_20: 8.670152e-05
caprst_rise_second_40: 8.580152e-05
caprst_rise_second_60: 8.575152e-05
caprst_rise_second_80: 8.575152e-05
ipc_setupincluded_-20: -9.361254e-05
ipc_setupincluded_-40: -9.128779e-05
ipc_setupincluded_0: -9.614964e-05
ipc_setupincluded_100: -0.0001098537
ipc_setupincluded_125: -0.0001129952
ipc_setupincluded_20: -9.842876e-05
ipc_setupincluded_40: -0.0001029134
ipc_setupincluded_60: -0.0001052725
ipc_setupincluded_80: -0.0001076809
iptat_first_-20: 6.013981e-06
iptat_first_-40: 5.55977e-06
iptat_first_0: 6.465338e-06
iptat_first_100: 8.569457e-06
iptat_first_125: 9.033345e-06
iptat_first_20: 6.914138e-06
iptat_first_40: 7.351548e-06
iptat_first_60: 7.773359e-06
iptat_first_80: 8.180866e-06
iptat_second_-20: 5.636029e-06
iptat_second_-40: 5.188517e-06
iptat_second_0: 6.050977e-06
iptat_second_100: 7.786286e-06
iptat_second_125: 8.124909e-06
iptat_second_20: 6.442938e-06
iptat_second_40: 6.812817e-06
iptat_second_60: 7.163336e-06
iptat_second_80: 7.488733e-06
ivdd_-20: -0.00010697
ivdd_-40: -0.0001057537
ivdd_0: -0.0001084697
ivdd_100: -0.0001169257
ivdd_125: -0.0001193554
ivdd_20: -0.0001096233
ivdd_40: -0.0001112208
ivdd_60: -0.0001132284
ivdd_80: -0.0001151745
pwrup_fall_-20: 8.740152e-05
pwrup_fall_-40: 8.695152e-05
pwrup_fall_0: 8.670152e-05
pwrup_fall_100: 8.590152e-05
pwrup_fall_125: 8.610152e-05
pwrup_fall_20: 8.675152e-05
pwrup_fall_40: 8.585152e-05
pwrup_fall_60: 8.580152e-05
pwrup_fall_80: 8.580152e-05
pwrup_rise_-20: 2.5152e-07
pwrup_rise_-40: 2.5152e-07
pwrup_rise_0: 2.5152e-07
pwrup_rise_100: 2.5152e-07
pwrup_rise_125: 2.5152e-07
pwrup_rise_20: 2.5152e-07
pwrup_rise_40: 2.5152e-07
pwrup_rise_60: 2.5152e-07
pwrup_rise_80: 2.5152e-07
tmpcount1_-20: 0.151
tmpcount1_-40: 0.136
tmpcount1_0: 0.15
tmpcount1_100: 0.186
tmpcount1_125: 0.196
tmpcount1_20: 0.156
tmpcount1_40: 0.165
tmpcount1_60: 0.172
tmpcount1_80: 0.181
tmpcount2_-20: 0.134
tmpcount2_-40: 0.128
tmpcount2_0: 0.141
tmpcount2_100: 0.172
tmpcount2_125: 0.179
tmpcount2_20: 0.148
tmpcount2_40: 0.156
tmpcount2_60: 0.161
tmpcount2_80: 0.167
