caprst_fall_first_-20: 5.460152e-05
caprst_fall_first_-40: 5.485152e-05
caprst_fall_first_0: 5.440152e-05
caprst_fall_first_100: 5.440152e-05
caprst_fall_first_125: 5.460152e-05
caprst_fall_first_20: 5.430152e-05
caprst_fall_first_40: 5.430152e-05
caprst_fall_first_60: 5.430152e-05
caprst_fall_first_80: 5.435152e-05
caprst_fall_second_-20: 7.350152e-05
caprst_fall_second_-40: 7.375152e-05
caprst_fall_second_0: 7.320152e-05
caprst_fall_second_100: 7.320152e-05
caprst_fall_second_125: 7.340152e-05
caprst_fall_second_20: 7.310152e-05
caprst_fall_second_40: 7.315152e-05
caprst_fall_second_60: 7.310152e-05
caprst_fall_second_80: 7.315152e-05
caprst_rise_first_-20: 6.605152e-05
caprst_rise_first_-40: 6.630152e-05
caprst_rise_first_0: 6.575152e-05
caprst_rise_first_100: 6.575152e-05
caprst_rise_first_125: 6.595152e-05
caprst_rise_first_20: 6.565152e-05
caprst_rise_first_40: 6.570152e-05
caprst_rise_first_60: 6.565152e-05
caprst_rise_first_80: 6.570152e-05
caprst_rise_second_-20: 8.490152e-05
caprst_rise_second_-40: 8.530152e-05
caprst_rise_second_0: 8.455152e-05
caprst_rise_second_100: 8.475152e-05
caprst_rise_second_125: 8.475152e-05
caprst_rise_second_20: 8.445152e-05
caprst_rise_second_40: 8.455152e-05
caprst_rise_second_60: 8.445152e-05
caprst_rise_second_80: 8.450152e-05
ipc_setupincluded_-20: -9.920039e-05
ipc_setupincluded_-40: -9.733768e-05
ipc_setupincluded_0: -0.0001010586
ipc_setupincluded_100: -0.0001103618
ipc_setupincluded_125: -0.0001135945
ipc_setupincluded_20: -0.0001027223
ipc_setupincluded_40: -0.0001044559
ipc_setupincluded_60: -0.0001063053
ipc_setupincluded_80: -0.0001082631
iptat_first_-20: 6.544794e-06
iptat_first_-40: 6.105685e-06
iptat_first_0: 6.973526e-06
iptat_first_100: 8.846721e-06
iptat_first_125: 9.219992e-06
iptat_first_20: 7.390429e-06
iptat_first_40: 7.786469e-06
iptat_first_60: 8.159948e-06
iptat_first_80: 8.517674e-06
iptat_second_-20: 5.329831e-06
iptat_second_-40: 4.864048e-06
iptat_second_0: 5.778139e-06
iptat_second_100: 7.788295e-06
iptat_second_125: 8.218382e-06
iptat_second_20: 6.214161e-06
iptat_second_40: 6.637681e-06
iptat_second_60: 7.040621e-06
iptat_second_80: 7.424027e-06
pwrup_fall_-20: 8.495152e-05
pwrup_fall_-40: 8.535152e-05
pwrup_fall_0: 8.460152e-05
pwrup_fall_100: 8.480152e-05
pwrup_fall_125: 8.480152e-05
pwrup_fall_20: 8.450152e-05
pwrup_fall_40: 8.460152e-05
pwrup_fall_60: 8.450152e-05
pwrup_fall_80: 8.455152e-05
pwrup_rise_-20: 2.5152e-07
pwrup_rise_-40: 2.5152e-07
pwrup_rise_0: 2.5152e-07
pwrup_rise_100: 2.5152e-07
pwrup_rise_125: 2.5152e-07
pwrup_rise_20: 2.5152e-07
pwrup_rise_40: 2.5152e-07
pwrup_rise_60: 2.5152e-07
pwrup_rise_80: 2.5152e-07
tmpcount1_-20: 0.153
tmpcount1_-40: 0.151
tmpcount1_0: 0.16
tmpcount1_100: 0.192
tmpcount1_125: 0.199
tmpcount1_20: 0.167
tmpcount1_40: 0.174
tmpcount1_60: 0.181
tmpcount1_80: 0.186
tmpcount2_-20: 0.126
tmpcount2_-40: 0.12
tmpcount2_0: 0.132
tmpcount2_100: 0.174
tmpcount2_125: 0.179
tmpcount2_20: 0.141
tmpcount2_40: 0.151
tmpcount2_60: 0.156
tmpcount2_80: 0.164
