caprst_fall_first_-20: 5.415152e-05
caprst_fall_first_-40: 5.425152e-05
caprst_fall_first_0: 5.415152e-05
caprst_fall_first_100: 5.445152e-05
caprst_fall_first_125: 5.470152e-05
caprst_fall_first_20: 5.415152e-05
caprst_fall_first_40: 5.420152e-05
caprst_fall_first_60: 5.425152e-05
caprst_fall_first_80: 5.435152e-05
caprst_fall_second_-20: 7.420152e-05
caprst_fall_second_-40: 7.420152e-05
caprst_fall_second_0: 7.405152e-05
caprst_fall_second_100: 7.515152e-05
caprst_fall_second_125: 7.470152e-05
caprst_fall_second_20: 7.405152e-05
caprst_fall_second_40: 7.410152e-05
caprst_fall_second_60: 7.415152e-05
caprst_fall_second_80: 7.430152e-05
caprst_rise_first_-20: 6.565152e-05
caprst_rise_first_-40: 6.560152e-05
caprst_rise_first_0: 6.550152e-05
caprst_rise_first_100: 6.655152e-05
caprst_rise_first_125: 6.605152e-05
caprst_rise_first_20: 6.550152e-05
caprst_rise_first_40: 6.555152e-05
caprst_rise_first_60: 6.560152e-05
caprst_rise_first_80: 6.570152e-05
caprst_rise_second_-20: 8.555152e-05
caprst_rise_second_-40: 8.555152e-05
caprst_rise_second_0: 8.545152e-05
caprst_rise_second_100: 8.650152e-05
caprst_rise_second_125: 8.605152e-05
caprst_rise_second_20: 8.540152e-05
caprst_rise_second_40: 8.545152e-05
caprst_rise_second_60: 8.550152e-05
caprst_rise_second_80: 8.565152e-05
ipc_setupincluded_-20: -9.342301e-05
ipc_setupincluded_-40: -9.121263e-05
ipc_setupincluded_0: -9.577474e-05
ipc_setupincluded_100: -0.0001079604
ipc_setupincluded_125: -0.0001116152
ipc_setupincluded_20: -9.811493e-05
ipc_setupincluded_40: -0.0001004599
ipc_setupincluded_60: -0.0001028836
ipc_setupincluded_80: -0.0001053357
iptat_first_-20: 6.560585e-06
iptat_first_-40: 6.078954e-06
iptat_first_0: 7.042718e-06
iptat_first_100: 9.239387e-06
iptat_first_125: 9.731305e-06
iptat_first_20: 7.508989e-06
iptat_first_40: 7.965078e-06
iptat_first_60: 8.405038e-06
iptat_first_80: 8.82899e-06
iptat_second_-20: 5.163365e-06
iptat_second_-40: 4.751662e-06
iptat_second_0: 5.558357e-06
iptat_second_100: 7.189775e-06
iptat_second_125: 7.490349e-06
iptat_second_20: 5.932221e-06
iptat_second_40: 6.286789e-06
iptat_second_60: 6.616795e-06
iptat_second_80: 6.919212e-06
pwrup_fall_-20: 8.560152e-05
pwrup_fall_-40: 8.560152e-05
pwrup_fall_0: 8.550152e-05
pwrup_fall_100: 8.655152e-05
pwrup_fall_125: 8.610152e-05
pwrup_fall_20: 8.545152e-05
pwrup_fall_40: 8.550152e-05
pwrup_fall_60: 8.555152e-05
pwrup_fall_80: 8.570152e-05
pwrup_rise_-20: 2.5152e-07
pwrup_rise_-40: 2.5152e-07
pwrup_rise_0: 2.5152e-07
pwrup_rise_100: 2.5152e-07
pwrup_rise_125: 2.5152e-07
pwrup_rise_20: 2.5152e-07
pwrup_rise_40: 2.5152e-07
pwrup_rise_60: 2.5152e-07
pwrup_rise_80: 2.5152e-07
tmpcount1_-20: 0.153
tmpcount1_-40: 0.146
tmpcount1_0: 0.159
tmpcount1_100: 0.209
tmpcount1_125: 0.206
tmpcount1_20: 0.166
tmpcount1_40: 0.174
tmpcount1_60: 0.181
tmpcount1_80: 0.189
tmpcount2_-20: 0.123
tmpcount2_-40: 0.117
tmpcount2_0: 0.13
tmpcount2_100: 0.16
tmpcount2_125: 0.166
tmpcount2_20: 0.136
tmpcount2_40: 0.141
tmpcount2_60: 0.151
tmpcount2_80: 0.155
