caprst_fall_first_-20: 5.335152e-05
caprst_fall_first_-40: 5.355152e-05
caprst_fall_first_0: 5.505152e-05
caprst_fall_first_100: 5.430152e-05
caprst_fall_first_125: 5.445152e-05
caprst_fall_first_20: 5.500152e-05
caprst_fall_first_40: 5.400152e-05
caprst_fall_first_60: 5.410152e-05
caprst_fall_first_80: 5.415152e-05
caprst_fall_second_-20: 7.370152e-05
caprst_fall_second_-40: 7.345152e-05
caprst_fall_second_0: 7.535152e-05
caprst_fall_second_100: 7.310152e-05
caprst_fall_second_125: 7.325152e-05
caprst_fall_second_20: 7.380152e-05
caprst_fall_second_40: 7.280152e-05
caprst_fall_second_60: 7.290152e-05
caprst_fall_second_80: 7.295152e-05
caprst_rise_first_-20: 6.520152e-05
caprst_rise_first_-40: 6.495152e-05
caprst_rise_first_0: 6.685152e-05
caprst_rise_first_100: 6.565152e-05
caprst_rise_first_125: 6.580152e-05
caprst_rise_first_20: 6.635152e-05
caprst_rise_first_40: 6.535152e-05
caprst_rise_first_60: 6.545152e-05
caprst_rise_first_80: 6.550152e-05
caprst_rise_second_-20: 8.505152e-05
caprst_rise_second_-40: 8.505152e-05
caprst_rise_second_0: 8.670152e-05
caprst_rise_second_100: 8.445152e-05
caprst_rise_second_125: 8.460152e-05
caprst_rise_second_20: 8.515152e-05
caprst_rise_second_40: 8.415152e-05
caprst_rise_second_60: 8.425152e-05
caprst_rise_second_80: 8.430152e-05
ipc_setupincluded_-20: -9.2032e-05
ipc_setupincluded_-40: -8.957892e-05
ipc_setupincluded_0: -9.255343e-05
ipc_setupincluded_100: -0.0001075845
ipc_setupincluded_125: -0.0001107596
ipc_setupincluded_20: -9.550991e-05
ipc_setupincluded_40: -0.0001001773
ipc_setupincluded_60: -0.0001030011
ipc_setupincluded_80: -0.0001053608
iptat_first_-20: 6.056883e-06
iptat_first_-40: 5.633434e-06
iptat_first_0: 6.427058e-06
iptat_first_100: 8.62579e-06
iptat_first_125: 9.114509e-06
iptat_first_20: 6.900615e-06
iptat_first_40: 7.356175e-06
iptat_first_60: 7.794904e-06
iptat_first_80: 8.218608e-06
iptat_second_-20: 5.615009e-06
iptat_second_-40: 5.139817e-06
iptat_second_0: 6.081458e-06
iptat_second_100: 7.749644e-06
iptat_second_125: 8.059873e-06
iptat_second_20: 6.483009e-06
iptat_second_40: 6.833115e-06
iptat_second_60: 7.164147e-06
iptat_second_80: 7.468922e-06
pwrup_fall_-20: 8.510152e-05
pwrup_fall_-40: 8.510152e-05
pwrup_fall_0: 8.675152e-05
pwrup_fall_100: 8.450152e-05
pwrup_fall_125: 8.465152e-05
pwrup_fall_20: 8.520152e-05
pwrup_fall_40: 8.420152e-05
pwrup_fall_60: 8.430152e-05
pwrup_fall_80: 8.435152e-05
pwrup_rise_-20: 2.5152e-07
pwrup_rise_-40: 2.5152e-07
pwrup_rise_0: 2.5152e-07
pwrup_rise_100: 2.5152e-07
pwrup_rise_125: 2.5152e-07
pwrup_rise_20: 2.5152e-07
pwrup_rise_40: 2.5152e-07
pwrup_rise_60: 2.5152e-07
pwrup_rise_80: 2.5152e-07
tmpcount1_-20: 0.144
tmpcount1_-40: 0.132
tmpcount1_0: 0.15
tmpcount1_100: 0.186
tmpcount1_125: 0.196
tmpcount1_20: 0.153
tmpcount1_40: 0.162
tmpcount1_60: 0.17
tmpcount1_80: 0.179
tmpcount2_-20: 0.129
tmpcount2_-40: 0.123
tmpcount2_0: 0.137
tmpcount2_100: 0.17
tmpcount2_125: 0.176
tmpcount2_20: 0.145
tmpcount2_40: 0.151
tmpcount2_60: 0.158
tmpcount2_80: 0.164
