caprst_fall_first_-20: 5.460152e-05
caprst_fall_first_-40: 5.480152e-05
caprst_fall_first_0: 5.445152e-05
caprst_fall_first_100: 5.455152e-05
caprst_fall_first_125: 5.480152e-05
caprst_fall_first_20: 5.430152e-05
caprst_fall_first_40: 5.435152e-05
caprst_fall_first_60: 5.440152e-05
caprst_fall_first_80: 5.455152e-05
caprst_fall_second_-20: 7.340152e-05
caprst_fall_second_-40: 7.360152e-05
caprst_fall_second_0: 7.350152e-05
caprst_fall_second_100: 7.335152e-05
caprst_fall_second_125: 7.360152e-05
caprst_fall_second_20: 7.310152e-05
caprst_fall_second_40: 7.315152e-05
caprst_fall_second_60: 7.320152e-05
caprst_fall_second_80: 7.335152e-05
caprst_rise_first_-20: 6.595152e-05
caprst_rise_first_-40: 6.615152e-05
caprst_rise_first_0: 6.605152e-05
caprst_rise_first_100: 6.590152e-05
caprst_rise_first_125: 6.615152e-05
caprst_rise_first_20: 6.565152e-05
caprst_rise_first_40: 6.570152e-05
caprst_rise_first_60: 6.575152e-05
caprst_rise_first_80: 6.590152e-05
caprst_rise_second_-20: 8.475152e-05
caprst_rise_second_-40: 8.500152e-05
caprst_rise_second_0: 8.485152e-05
caprst_rise_second_100: 8.470152e-05
caprst_rise_second_125: 8.495152e-05
caprst_rise_second_20: 8.445152e-05
caprst_rise_second_40: 8.450152e-05
caprst_rise_second_60: 8.455152e-05
caprst_rise_second_80: 8.470152e-05
ipc_setupincluded_-20: -9.533857e-05
ipc_setupincluded_-40: -9.325705e-05
ipc_setupincluded_0: -9.748337e-05
ipc_setupincluded_100: -0.0001082665
ipc_setupincluded_125: -0.000111638
ipc_setupincluded_20: -9.949426e-05
ipc_setupincluded_40: -0.0001016885
ipc_setupincluded_60: -0.000103684
ipc_setupincluded_80: -0.0001059014
iptat_first_-20: 6.354375e-06
iptat_first_-40: 5.891298e-06
iptat_first_0: 6.812996e-06
iptat_first_100: 8.820972e-06
iptat_first_125: 9.232908e-06
iptat_first_20: 7.256993e-06
iptat_first_40: 7.679186e-06
iptat_first_60: 8.085198e-06
iptat_first_80: 8.467762e-06
iptat_second_-20: 5.283304e-06
iptat_second_-40: 4.859221e-06
iptat_second_0: 5.691126e-06
iptat_second_100: 7.494799e-06
iptat_second_125: 7.879197e-06
iptat_second_20: 6.084039e-06
iptat_second_40: 6.462777e-06
iptat_second_60: 6.821401e-06
iptat_second_80: 7.16426e-06
ivdd_-20: -0.0001070026
ivdd_-40: -0.0001059395
ivdd_0: -0.0001077287
ivdd_100: -0.0001126732
ivdd_125: -0.0001148871
ivdd_20: -0.0001086058
ivdd_40: -0.0001093367
ivdd_60: -0.0001102426
ivdd_80: -0.0001112272
pwrup_fall_-20: 8.480152e-05
pwrup_fall_-40: 8.505152e-05
pwrup_fall_0: 8.490152e-05
pwrup_fall_100: 8.475152e-05
pwrup_fall_125: 8.500152e-05
pwrup_fall_20: 8.450152e-05
pwrup_fall_40: 8.455152e-05
pwrup_fall_60: 8.460152e-05
pwrup_fall_80: 8.475152e-05
pwrup_rise_-20: 2.5152e-07
pwrup_rise_-40: 2.5152e-07
pwrup_rise_0: 2.5152e-07
pwrup_rise_100: 2.5152e-07
pwrup_rise_125: 2.5152e-07
pwrup_rise_20: 2.5152e-07
pwrup_rise_40: 2.5152e-07
pwrup_rise_60: 2.5152e-07
pwrup_rise_80: 2.5152e-07
tmpcount1_-20: 0.148
tmpcount1_-40: 0.142
tmpcount1_0: 0.158
tmpcount1_100: 0.192
tmpcount1_125: 0.199
tmpcount1_20: 0.162
tmpcount1_40: 0.17
tmpcount1_60: 0.177
tmpcount1_80: 0.184
tmpcount2_-20: 0.123
tmpcount2_-40: 0.114
tmpcount2_0: 0.129
tmpcount2_100: 0.165
tmpcount2_125: 0.172
tmpcount2_20: 0.136
tmpcount2_40: 0.144
tmpcount2_60: 0.151
tmpcount2_80: 0.157
