caprst_fall_first_-20: 6.145152e-05
caprst_fall_first_-40: 6.175152e-05
caprst_fall_first_0: 6.110152e-05
caprst_fall_first_100: 6.115152e-05
caprst_fall_first_125: 6.130152e-05
caprst_fall_first_20: 6.100152e-05
caprst_fall_first_40: 6.085152e-05
caprst_fall_first_60: 6.095152e-05
caprst_fall_first_80: 6.100152e-05
caprst_fall_second_-20: 8.330152e-05
caprst_fall_second_-40: 8.395152e-05
caprst_fall_second_0: 8.260152e-05
caprst_fall_second_100: 8.210152e-05
caprst_fall_second_125: 8.225152e-05
caprst_fall_second_20: 8.220152e-05
caprst_fall_second_40: 8.210152e-05
caprst_fall_second_60: 8.195152e-05
caprst_fall_second_80: 8.195152e-05
caprst_rise_first_-20: 7.280152e-05
caprst_rise_first_-40: 7.310152e-05
caprst_rise_first_0: 7.245152e-05
caprst_rise_first_100: 7.250152e-05
caprst_rise_first_125: 7.265152e-05
caprst_rise_first_20: 7.235152e-05
caprst_rise_first_40: 7.230152e-05
caprst_rise_first_60: 7.230152e-05
caprst_rise_first_80: 7.235152e-05
caprst_rise_second_-20: 9.470152e-05
caprst_rise_second_-40: 9.530152e-05
caprst_rise_second_0: 9.395152e-05
caprst_rise_second_100: 9.345152e-05
caprst_rise_second_125: 9.360152e-05
caprst_rise_second_20: 9.355152e-05
caprst_rise_second_40: 9.360152e-05
caprst_rise_second_60: 9.330152e-05
caprst_rise_second_80: 9.330152e-05
ipc_setupincluded_-20: -9.414291e-05
ipc_setupincluded_-40: -9.245871e-05
ipc_setupincluded_0: -9.571523e-05
ipc_setupincluded_100: -0.0001027483
ipc_setupincluded_125: -0.0001047724
ipc_setupincluded_20: -9.720036e-05
ipc_setupincluded_40: -9.863027e-05
ipc_setupincluded_60: -0.0001000021
ipc_setupincluded_80: -0.0001013768
iptat_first_-20: 7.224542e-06
iptat_first_-40: 6.780394e-06
iptat_first_0: 7.673938e-06
iptat_first_100: 9.727253e-06
iptat_first_125: 1.018395e-05
iptat_first_20: 8.109208e-06
iptat_first_40: 8.534431e-06
iptat_first_60: 8.94078e-06
iptat_first_80: 9.341829e-06
iptat_second_-20: 4.498748e-06
iptat_second_-40: 4.062869e-06
iptat_second_0: 4.919709e-06
iptat_second_100: 6.663918e-06
iptat_second_125: 6.9972e-06
iptat_second_20: 5.316226e-06
iptat_second_40: 5.693853e-06
iptat_second_60: 6.048046e-06
iptat_second_80: 6.367722e-06
pwrup_fall_-20: 9.475152e-05
pwrup_fall_-40: 9.535152e-05
pwrup_fall_0: 9.400152e-05
pwrup_fall_100: 9.350152e-05
pwrup_fall_125: 9.365152e-05
pwrup_fall_20: 9.360152e-05
pwrup_fall_40: 9.365152e-05
pwrup_fall_60: 9.335152e-05
pwrup_fall_80: 9.335152e-05
pwrup_rise_-20: 2.5152e-07
pwrup_rise_-40: 2.5152e-07
pwrup_rise_0: 2.5152e-07
pwrup_rise_100: 2.5152e-07
pwrup_rise_125: 2.5152e-07
pwrup_rise_20: 2.5152e-07
pwrup_rise_40: 2.5152e-07
pwrup_rise_60: 2.5152e-07
pwrup_rise_80: 2.5152e-07
tmpcount1_-20: 0.162
tmpcount1_-40: 0.156
tmpcount1_0: 0.17
tmpcount1_100: 0.206
tmpcount1_125: 0.214
tmpcount1_20: 0.177
tmpcount1_40: 0.185
tmpcount1_60: 0.192
tmpcount1_80: 0.199
tmpcount2_-20: 0.107
tmpcount2_-40: 0.099
tmpcount2_0: 0.115
tmpcount2_100: 0.151
tmpcount2_125: 0.157
tmpcount2_20: 0.123
tmpcount2_40: 0.132
tmpcount2_60: 0.138
tmpcount2_80: 0.145
