caprst_fall_first_-20: 5.335152e-05
caprst_fall_first_-40: 5.340152e-05
caprst_fall_first_0: 5.335152e-05
caprst_fall_first_100: 5.375152e-05
caprst_fall_first_125: 5.390152e-05
caprst_fall_first_20: 5.340152e-05
caprst_fall_first_40: 5.340152e-05
caprst_fall_first_60: 5.350152e-05
caprst_fall_first_80: 5.360152e-05
caprst_fall_second_-20: 7.220152e-05
caprst_fall_second_-40: 7.220152e-05
caprst_fall_second_0: 7.215152e-05
caprst_fall_second_100: 7.255152e-05
caprst_fall_second_125: 7.270152e-05
caprst_fall_second_20: 7.220152e-05
caprst_fall_second_40: 7.220152e-05
caprst_fall_second_60: 7.230152e-05
caprst_fall_second_80: 7.240152e-05
caprst_rise_first_-20: 6.475152e-05
caprst_rise_first_-40: 6.475152e-05
caprst_rise_first_0: 6.470152e-05
caprst_rise_first_100: 6.510152e-05
caprst_rise_first_125: 6.525152e-05
caprst_rise_first_20: 6.475152e-05
caprst_rise_first_40: 6.475152e-05
caprst_rise_first_60: 6.485152e-05
caprst_rise_first_80: 6.495152e-05
caprst_rise_second_-20: 8.355152e-05
caprst_rise_second_-40: 8.360152e-05
caprst_rise_second_0: 8.350152e-05
caprst_rise_second_100: 8.390152e-05
caprst_rise_second_125: 8.405152e-05
caprst_rise_second_20: 8.355152e-05
caprst_rise_second_40: 8.355152e-05
caprst_rise_second_60: 8.365152e-05
caprst_rise_second_80: 8.375152e-05
ipc_setupincluded_-20: -9.766668e-05
ipc_setupincluded_-40: -9.542742e-05
ipc_setupincluded_0: -9.985665e-05
ipc_setupincluded_100: -0.0001120213
ipc_setupincluded_125: -0.0001159468
ipc_setupincluded_20: -0.0001021622
ipc_setupincluded_40: -0.0001043207
ipc_setupincluded_60: -0.0001067299
ipc_setupincluded_80: -0.0001092268
iptat_first_-20: 6.164675e-06
iptat_first_-40: 5.724882e-06
iptat_first_0: 6.594917e-06
iptat_first_100: 8.479006e-06
iptat_first_125: 8.877177e-06
iptat_first_20: 7.009848e-06
iptat_first_40: 7.406402e-06
iptat_first_60: 7.783319e-06
iptat_first_80: 8.142509e-06
iptat_second_-20: 5.538592e-06
iptat_second_-40: 5.075795e-06
iptat_second_0: 5.983841e-06
iptat_second_100: 7.96308e-06
iptat_second_125: 8.376058e-06
iptat_second_20: 6.418007e-06
iptat_second_40: 6.834419e-06
iptat_second_60: 7.234403e-06
iptat_second_80: 7.610192e-06
ivdd_-20: -0.0001086633
ivdd_-40: -0.0001075696
ivdd_0: -0.0001096464
ivdd_100: -0.0001174366
ivdd_125: -0.0001208338
ivdd_20: -0.0001108174
ivdd_40: -0.000111945
ivdd_60: -0.0001134051
ivdd_80: -0.0001151786
pwrup_fall_-20: 8.360152e-05
pwrup_fall_-40: 8.365152e-05
pwrup_fall_0: 8.355152e-05
pwrup_fall_100: 8.395152e-05
pwrup_fall_125: 8.410152e-05
pwrup_fall_20: 8.360152e-05
pwrup_fall_40: 8.360152e-05
pwrup_fall_60: 8.370152e-05
pwrup_fall_80: 8.380152e-05
pwrup_rise_-20: 2.5152e-07
pwrup_rise_-40: 2.5152e-07
pwrup_rise_0: 2.5152e-07
pwrup_rise_100: 2.5152e-07
pwrup_rise_125: 2.5152e-07
pwrup_rise_20: 2.5152e-07
pwrup_rise_40: 2.5152e-07
pwrup_rise_60: 2.5152e-07
pwrup_rise_80: 2.5152e-07
tmpcount1_-20: 0.145
tmpcount1_-40: 0.139
tmpcount1_0: 0.151
tmpcount1_100: 0.183
tmpcount1_125: 0.192
tmpcount1_20: 0.157
tmpcount1_40: 0.164
tmpcount1_60: 0.172
tmpcount1_80: 0.178
tmpcount2_-20: 0.131
tmpcount2_-40: 0.124
tmpcount2_0: 0.137
tmpcount2_100: 0.174
tmpcount2_125: 0.183
tmpcount2_20: 0.145
tmpcount2_40: 0.151
tmpcount2_60: 0.16
tmpcount2_80: 0.167
