caprst_fall_first_-20: 5.300152e-05
caprst_fall_first_-40: 5.310152e-05
caprst_fall_first_0: 5.290152e-05
caprst_fall_first_100: 5.305152e-05
caprst_fall_first_125: 5.320152e-05
caprst_fall_first_20: 5.285152e-05
caprst_fall_first_40: 5.285152e-05
caprst_fall_first_60: 5.290152e-05
caprst_fall_first_80: 5.295152e-05
caprst_fall_second_-20: 7.180152e-05
caprst_fall_second_-40: 7.220152e-05
caprst_fall_second_0: 7.170152e-05
caprst_fall_second_100: 7.185152e-05
caprst_fall_second_125: 7.210152e-05
caprst_fall_second_20: 7.165152e-05
caprst_fall_second_40: 7.165152e-05
caprst_fall_second_60: 7.170152e-05
caprst_fall_second_80: 7.175152e-05
caprst_rise_first_-20: 6.435152e-05
caprst_rise_first_-40: 6.475152e-05
caprst_rise_first_0: 6.425152e-05
caprst_rise_first_100: 6.440152e-05
caprst_rise_first_125: 6.465152e-05
caprst_rise_first_20: 6.420152e-05
caprst_rise_first_40: 6.420152e-05
caprst_rise_first_60: 6.425152e-05
caprst_rise_first_80: 6.430152e-05
caprst_rise_second_-20: 8.315152e-05
caprst_rise_second_-40: 8.360152e-05
caprst_rise_second_0: 8.305152e-05
caprst_rise_second_100: 8.320152e-05
caprst_rise_second_125: 8.345152e-05
caprst_rise_second_20: 8.300152e-05
caprst_rise_second_40: 8.300152e-05
caprst_rise_second_60: 8.325152e-05
caprst_rise_second_80: 8.310152e-05
ipc_setupincluded_-20: -9.921154e-05
ipc_setupincluded_-40: -9.699591e-05
ipc_setupincluded_0: -0.0001012161
ipc_setupincluded_100: -0.0001128727
ipc_setupincluded_125: -0.0001167097
ipc_setupincluded_20: -0.0001032635
ipc_setupincluded_40: -0.0001053376
ipc_setupincluded_60: -0.000107596
ipc_setupincluded_80: -0.0001100512
iptat_first_-20: 6.184347e-06
iptat_first_-40: 5.73482e-06
iptat_first_0: 6.62111e-06
iptat_first_100: 8.622007e-06
iptat_first_125: 9.067269e-06
iptat_first_20: 7.048205e-06
iptat_first_40: 7.462165e-06
iptat_first_60: 7.864163e-06
iptat_first_80: 8.247157e-06
iptat_second_-20: 5.543725e-06
iptat_second_-40: 5.085583e-06
iptat_second_0: 5.982054e-06
iptat_second_100: 7.852606e-06
iptat_second_125: 8.214803e-06
iptat_second_20: 6.406272e-06
iptat_second_40: 6.803279e-06
iptat_second_60: 7.180004e-06
iptat_second_80: 7.531418e-06
ivdd_-20: -0.0001096697
ivdd_-40: -0.0001095971
ivdd_0: -0.0001103878
ivdd_100: -0.0001175659
ivdd_125: -0.0001212328
ivdd_20: -0.000111203
ivdd_40: -0.000112217
ivdd_60: -0.0001139025
ivdd_80: -0.0001152849
pwrup_fall_-20: 8.320152e-05
pwrup_fall_-40: 8.365152e-05
pwrup_fall_0: 8.310152e-05
pwrup_fall_100: 8.325152e-05
pwrup_fall_125: 8.350152e-05
pwrup_fall_20: 8.305152e-05
pwrup_fall_40: 8.305152e-05
pwrup_fall_60: 8.330152e-05
pwrup_fall_80: 8.315152e-05
pwrup_rise_-20: 2.5152e-07
pwrup_rise_-40: 2.5152e-07
pwrup_rise_0: 2.5152e-07
pwrup_rise_100: 2.5152e-07
pwrup_rise_125: 2.5152e-07
pwrup_rise_20: 2.5152e-07
pwrup_rise_40: 2.5152e-07
pwrup_rise_60: 2.5152e-07
pwrup_rise_80: 2.5152e-07
tmpcount1_-20: 0.145
tmpcount1_-40: 0.142
tmpcount1_0: 0.151
tmpcount1_100: 0.189
tmpcount1_125: 0.198
tmpcount1_20: 0.16
tmpcount1_40: 0.167
tmpcount1_60: 0.174
tmpcount1_80: 0.181
tmpcount2_-20: 0.129
tmpcount2_-40: 0.124
tmpcount2_0: 0.138
tmpcount2_100: 0.174
tmpcount2_125: 0.181
tmpcount2_20: 0.146
tmpcount2_40: 0.153
tmpcount2_60: 0.163
tmpcount2_80: 0.167
