caprst_fall_first_-20: 5.305152e-05
caprst_fall_first_-40: 5.320152e-05
caprst_fall_first_0: 5.300152e-05
caprst_fall_first_100: 5.335152e-05
caprst_fall_first_125: 5.340152e-05
caprst_fall_first_20: 5.305152e-05
caprst_fall_first_40: 5.305152e-05
caprst_fall_first_60: 5.310152e-05
caprst_fall_first_80: 5.320152e-05
caprst_fall_second_-20: 7.185152e-05
caprst_fall_second_-40: 7.205152e-05
caprst_fall_second_0: 7.180152e-05
caprst_fall_second_100: 7.215152e-05
caprst_fall_second_125: 7.260152e-05
caprst_fall_second_20: 7.190152e-05
caprst_fall_second_40: 7.185152e-05
caprst_fall_second_60: 7.200152e-05
caprst_fall_second_80: 7.200152e-05
caprst_rise_first_-20: 6.440152e-05
caprst_rise_first_-40: 6.460152e-05
caprst_rise_first_0: 6.435152e-05
caprst_rise_first_100: 6.470152e-05
caprst_rise_first_125: 6.515152e-05
caprst_rise_first_20: 6.445152e-05
caprst_rise_first_40: 6.440152e-05
caprst_rise_first_60: 6.455152e-05
caprst_rise_first_80: 6.455152e-05
caprst_rise_second_-20: 8.320152e-05
caprst_rise_second_-40: 8.340152e-05
caprst_rise_second_0: 8.315152e-05
caprst_rise_second_100: 8.370152e-05
caprst_rise_second_125: 8.395152e-05
caprst_rise_second_20: 8.325152e-05
caprst_rise_second_40: 8.320152e-05
caprst_rise_second_60: 8.335152e-05
caprst_rise_second_80: 8.335152e-05
ipc_setupincluded_-20: -9.756398e-05
ipc_setupincluded_-40: -9.549546e-05
ipc_setupincluded_0: -9.970152e-05
ipc_setupincluded_100: -0.0001103326
ipc_setupincluded_125: -0.0001137202
ipc_setupincluded_20: -0.000101714
ipc_setupincluded_40: -0.000103827
ipc_setupincluded_60: -0.0001059694
ipc_setupincluded_80: -0.0001081395
iptat_first_-20: 6.281344e-06
iptat_first_-40: 5.836648e-06
iptat_first_0: 6.722657e-06
iptat_first_100: 8.715371e-06
iptat_first_125: 9.157492e-06
iptat_first_20: 7.146763e-06
iptat_first_40: 7.561547e-06
iptat_first_60: 7.958091e-06
iptat_first_80: 8.347138e-06
iptat_second_-20: 5.366346e-06
iptat_second_-40: 4.918076e-06
iptat_second_0: 5.797794e-06
iptat_second_100: 7.630934e-06
iptat_second_125: 7.987623e-06
iptat_second_20: 6.212907e-06
iptat_second_40: 6.606627e-06
iptat_second_60: 6.9708e-06
iptat_second_80: 7.316054e-06
ivdd_-20: -0.00010776
ivdd_-40: -0.0001071766
ivdd_0: -0.0001087416
ivdd_100: -0.0001148541
ivdd_125: -0.0001183905
ivdd_20: -0.0001100291
ivdd_40: -0.0001109955
ivdd_60: -0.000112292
ivdd_80: -0.0001133025
pwrup_fall_-20: 8.325152e-05
pwrup_fall_-40: 8.345152e-05
pwrup_fall_0: 8.320152e-05
pwrup_fall_100: 8.375152e-05
pwrup_fall_125: 8.400152e-05
pwrup_fall_20: 8.330152e-05
pwrup_fall_40: 8.325152e-05
pwrup_fall_60: 8.340152e-05
pwrup_fall_80: 8.340152e-05
pwrup_rise_-20: 2.5152e-07
pwrup_rise_-40: 2.5152e-07
pwrup_rise_0: 2.5152e-07
pwrup_rise_100: 2.5152e-07
pwrup_rise_125: 2.5152e-07
pwrup_rise_20: 2.5152e-07
pwrup_rise_40: 2.5152e-07
pwrup_rise_60: 2.5152e-07
pwrup_rise_80: 2.5152e-07
tmpcount1_-20: 0.146
tmpcount1_-40: 0.14
tmpcount1_0: 0.151
tmpcount1_100: 0.189
tmpcount1_125: 0.205
tmpcount1_20: 0.16
tmpcount1_40: 0.167
tmpcount1_60: 0.177
tmpcount1_80: 0.181
tmpcount2_-20: 0.125
tmpcount2_-40: 0.118
tmpcount2_0: 0.132
tmpcount2_100: 0.171
tmpcount2_125: 0.174
tmpcount2_20: 0.139
tmpcount2_40: 0.148
tmpcount2_60: 0.155
tmpcount2_80: 0.162
