caprst_fall_first_-20: 5.440152e-05
caprst_fall_first_-40: 5.450152e-05
caprst_fall_first_0: 5.430152e-05
caprst_fall_first_100: 5.455152e-05
caprst_fall_first_125: 5.475152e-05
caprst_fall_first_20: 5.420152e-05
caprst_fall_first_40: 5.425152e-05
caprst_fall_first_60: 5.435152e-05
caprst_fall_first_80: 5.445152e-05
caprst_fall_second_-20: 7.320152e-05
caprst_fall_second_-40: 7.330152e-05
caprst_fall_second_0: 7.310152e-05
caprst_fall_second_100: 7.335152e-05
caprst_fall_second_125: 7.355152e-05
caprst_fall_second_20: 7.300152e-05
caprst_fall_second_40: 7.305152e-05
caprst_fall_second_60: 7.315152e-05
caprst_fall_second_80: 7.325152e-05
caprst_rise_first_-20: 6.575152e-05
caprst_rise_first_-40: 6.585152e-05
caprst_rise_first_0: 6.565152e-05
caprst_rise_first_100: 6.590152e-05
caprst_rise_first_125: 6.610152e-05
caprst_rise_first_20: 6.555152e-05
caprst_rise_first_40: 6.560152e-05
caprst_rise_first_60: 6.570152e-05
caprst_rise_first_80: 6.580152e-05
caprst_rise_second_-20: 8.455152e-05
caprst_rise_second_-40: 8.475152e-05
caprst_rise_second_0: 8.445152e-05
caprst_rise_second_100: 8.470152e-05
caprst_rise_second_125: 8.490152e-05
caprst_rise_second_20: 8.435152e-05
caprst_rise_second_40: 8.460152e-05
caprst_rise_second_60: 8.450152e-05
caprst_rise_second_80: 8.460152e-05
ipc_setupincluded_-20: -9.495753e-05
ipc_setupincluded_-40: -9.30528e-05
ipc_setupincluded_0: -9.682616e-05
ipc_setupincluded_100: -0.0001079536
ipc_setupincluded_125: -0.0001120553
ipc_setupincluded_20: -9.865059e-05
ipc_setupincluded_40: -0.0001005115
ipc_setupincluded_60: -0.000102664
ipc_setupincluded_80: -0.0001050087
iptat_first_-20: 6.576391e-06
iptat_first_-40: 6.123336e-06
iptat_first_0: 7.010708e-06
iptat_first_100: 8.800553e-06
iptat_first_125: 9.131236e-06
iptat_first_20: 7.42256e-06
iptat_first_40: 7.814072e-06
iptat_first_60: 8.173652e-06
iptat_first_80: 8.500891e-06
iptat_second_-20: 5.183503e-06
iptat_second_-40: 4.734793e-06
iptat_second_0: 5.625504e-06
iptat_second_100: 7.700683e-06
iptat_second_125: 8.178088e-06
iptat_second_20: 6.059803e-06
iptat_second_40: 6.485022e-06
iptat_second_60: 6.900046e-06
iptat_second_80: 7.305642e-06
pwrup_fall_-20: 8.460152e-05
pwrup_fall_-40: 8.480152e-05
pwrup_fall_0: 8.450152e-05
pwrup_fall_100: 8.475152e-05
pwrup_fall_125: 8.495152e-05
pwrup_fall_20: 8.440152e-05
pwrup_fall_40: 8.465152e-05
pwrup_fall_60: 8.455152e-05
pwrup_fall_80: 8.465152e-05
pwrup_rise_-20: 2.5152e-07
pwrup_rise_-40: 2.5152e-07
pwrup_rise_0: 2.5152e-07
pwrup_rise_100: 2.5152e-07
pwrup_rise_125: 2.5152e-07
pwrup_rise_20: 2.5152e-07
pwrup_rise_40: 2.5152e-07
pwrup_rise_60: 2.5152e-07
pwrup_rise_80: 2.5152e-07
tmpcount1_-20: 0.151
tmpcount1_-40: 0.148
tmpcount1_0: 0.162
tmpcount1_100: 0.192
tmpcount1_125: 0.197
tmpcount1_20: 0.168
tmpcount1_40: 0.174
tmpcount1_60: 0.181
tmpcount1_80: 0.186
tmpcount2_-20: 0.121
tmpcount2_-40: 0.114
tmpcount2_0: 0.128
tmpcount2_100: 0.168
tmpcount2_125: 0.177
tmpcount2_20: 0.136
tmpcount2_40: 0.147
tmpcount2_60: 0.152
tmpcount2_80: 0.161
