caprst_fall_first_-20: 5.475152e-05
caprst_fall_first_-40: 5.505152e-05
caprst_fall_first_0: 5.455152e-05
caprst_fall_first_100: 5.480152e-05
caprst_fall_first_125: 5.495152e-05
caprst_fall_first_20: 5.455152e-05
caprst_fall_first_40: 5.455152e-05
caprst_fall_first_60: 5.465152e-05
caprst_fall_first_80: 5.470152e-05
caprst_fall_second_-20: 7.355152e-05
caprst_fall_second_-40: 7.385152e-05
caprst_fall_second_0: 7.335152e-05
caprst_fall_second_100: 7.360152e-05
caprst_fall_second_125: 7.375152e-05
caprst_fall_second_20: 7.335152e-05
caprst_fall_second_40: 7.335152e-05
caprst_fall_second_60: 7.345152e-05
caprst_fall_second_80: 7.350152e-05
caprst_rise_first_-20: 6.610152e-05
caprst_rise_first_-40: 6.640152e-05
caprst_rise_first_0: 6.590152e-05
caprst_rise_first_100: 6.615152e-05
caprst_rise_first_125: 6.630152e-05
caprst_rise_first_20: 6.590152e-05
caprst_rise_first_40: 6.590152e-05
caprst_rise_first_60: 6.600152e-05
caprst_rise_first_80: 6.605152e-05
caprst_rise_second_-20: 8.490152e-05
caprst_rise_second_-40: 8.520152e-05
caprst_rise_second_0: 8.470152e-05
caprst_rise_second_100: 8.495152e-05
caprst_rise_second_125: 8.510152e-05
caprst_rise_second_20: 8.485152e-05
caprst_rise_second_40: 8.470152e-05
caprst_rise_second_60: 8.480152e-05
caprst_rise_second_80: 8.485152e-05
ipc_setupincluded_-20: -9.365693e-05
ipc_setupincluded_-40: -9.119842e-05
ipc_setupincluded_0: -9.60971e-05
ipc_setupincluded_100: -0.000108902
ipc_setupincluded_125: -0.0001127989
ipc_setupincluded_20: -9.856201e-05
ipc_setupincluded_40: -0.0001010437
ipc_setupincluded_60: -0.0001037072
ipc_setupincluded_80: -0.000106224
iptat_first_-20: 6.428976e-06
iptat_first_-40: 5.998244e-06
iptat_first_0: 6.848863e-06
iptat_first_100: 8.656765e-06
iptat_first_125: 9.01804e-06
iptat_first_20: 7.250857e-06
iptat_first_40: 7.633508e-06
iptat_first_60: 7.998026e-06
iptat_first_80: 8.339986e-06
iptat_second_-20: 5.258782e-06
iptat_second_-40: 4.799479e-06
iptat_second_0: 5.70159e-06
iptat_second_100: 7.701062e-06
iptat_second_125: 8.135306e-06
iptat_second_20: 6.135512e-06
iptat_second_40: 6.551597e-06
iptat_second_60: 6.950984e-06
iptat_second_80: 7.337931e-06
pwrup_fall_-20: 8.495152e-05
pwrup_fall_-40: 8.525152e-05
pwrup_fall_0: 8.475152e-05
pwrup_fall_100: 8.500152e-05
pwrup_fall_125: 8.515152e-05
pwrup_fall_20: 8.490152e-05
pwrup_fall_40: 8.475152e-05
pwrup_fall_60: 8.485152e-05
pwrup_fall_80: 8.490152e-05
pwrup_rise_-20: 2.5152e-07
pwrup_rise_-40: 2.5152e-07
pwrup_rise_0: 2.5152e-07
pwrup_rise_100: 2.5152e-07
pwrup_rise_125: 2.5152e-07
pwrup_rise_20: 2.5152e-07
pwrup_rise_40: 2.5152e-07
pwrup_rise_60: 2.5152e-07
pwrup_rise_80: 2.5152e-07
tmpcount1_-20: 0.151
tmpcount1_-40: 0.144
tmpcount1_0: 0.156
tmpcount1_100: 0.189
tmpcount1_125: 0.196
tmpcount1_20: 0.163
tmpcount1_40: 0.17
tmpcount1_60: 0.177
tmpcount1_80: 0.183
tmpcount2_-20: 0.123
tmpcount2_-40: 0.114
tmpcount2_0: 0.129
tmpcount2_100: 0.17
tmpcount2_125: 0.178
tmpcount2_20: 0.141
tmpcount2_40: 0.147
tmpcount2_60: 0.155
tmpcount2_80: 0.162
