caprst_fall_first_-20: 5.465152e-05
caprst_fall_first_-40: 5.560152e-05
caprst_fall_first_0: 5.450152e-05
caprst_fall_first_100: 5.460152e-05
caprst_fall_first_125: 5.480152e-05
caprst_fall_first_20: 5.440152e-05
caprst_fall_first_40: 5.440152e-05
caprst_fall_first_60: 5.440152e-05
caprst_fall_first_80: 5.445152e-05
caprst_fall_second_-20: 7.350152e-05
caprst_fall_second_-40: 7.440152e-05
caprst_fall_second_0: 7.330152e-05
caprst_fall_second_100: 7.340152e-05
caprst_fall_second_125: 7.360152e-05
caprst_fall_second_20: 7.320152e-05
caprst_fall_second_40: 7.330152e-05
caprst_fall_second_60: 7.370152e-05
caprst_fall_second_80: 7.325152e-05
caprst_rise_first_-20: 6.605152e-05
caprst_rise_first_-40: 6.695152e-05
caprst_rise_first_0: 6.585152e-05
caprst_rise_first_100: 6.595152e-05
caprst_rise_first_125: 6.615152e-05
caprst_rise_first_20: 6.575152e-05
caprst_rise_first_40: 6.585152e-05
caprst_rise_first_60: 6.625152e-05
caprst_rise_first_80: 6.580152e-05
caprst_rise_second_-20: 8.485152e-05
caprst_rise_second_-40: 8.575152e-05
caprst_rise_second_0: 8.465152e-05
caprst_rise_second_100: 8.475152e-05
caprst_rise_second_125: 8.495152e-05
caprst_rise_second_20: 8.455152e-05
caprst_rise_second_40: 8.470152e-05
caprst_rise_second_60: 8.505152e-05
caprst_rise_second_80: 8.460152e-05
ipc_setupincluded_-20: -9.870574e-05
ipc_setupincluded_-40: -9.519136e-05
ipc_setupincluded_0: -0.000101281
ipc_setupincluded_100: -0.0001125409
ipc_setupincluded_125: -0.0001155466
ipc_setupincluded_20: -0.0001037376
ipc_setupincluded_40: -0.0001060769
ipc_setupincluded_60: -0.0001082558
ipc_setupincluded_80: -0.0001104168
iptat_first_-20: 6.213026e-06
iptat_first_-40: 5.709805e-06
iptat_first_0: 6.709866e-06
iptat_first_100: 9.032974e-06
iptat_first_125: 9.562042e-06
iptat_first_20: 7.197625e-06
iptat_first_40: 7.678352e-06
iptat_first_60: 8.139614e-06
iptat_first_80: 8.596654e-06
iptat_second_-20: 5.695137e-06
iptat_second_-40: 5.279471e-06
iptat_second_0: 6.091006e-06
iptat_second_100: 7.669152e-06
iptat_second_125: 7.945728e-06
iptat_second_20: 6.460403e-06
iptat_second_40: 6.809196e-06
iptat_second_60: 7.126843e-06
iptat_second_80: 7.41424e-06
pwrup_fall_-20: 8.490152e-05
pwrup_fall_-40: 8.580152e-05
pwrup_fall_0: 8.470152e-05
pwrup_fall_100: 8.480152e-05
pwrup_fall_125: 8.500152e-05
pwrup_fall_20: 8.460152e-05
pwrup_fall_40: 8.475152e-05
pwrup_fall_60: 8.510152e-05
pwrup_fall_80: 8.465152e-05
pwrup_rise_-20: 2.5152e-07
pwrup_rise_-40: 2.5152e-07
pwrup_rise_0: 2.5152e-07
pwrup_rise_100: 2.5152e-07
pwrup_rise_125: 2.5152e-07
pwrup_rise_20: 2.5152e-07
pwrup_rise_40: 2.5152e-07
pwrup_rise_60: 2.5152e-07
pwrup_rise_80: 2.5152e-07
tmpcount1_-20: 0.144
tmpcount1_-40: 0.137
tmpcount1_0: 0.151
tmpcount1_100: 0.194
tmpcount1_125: 0.204
tmpcount1_20: 0.16
tmpcount1_40: 0.17
tmpcount1_60: 0.185
tmpcount1_80: 0.186
tmpcount2_-20: 0.132
tmpcount2_-40: 0.127
tmpcount2_0: 0.138
tmpcount2_100: 0.167
tmpcount2_125: 0.172
tmpcount2_20: 0.144
tmpcount2_40: 0.152
tmpcount2_60: 0.157
tmpcount2_80: 0.162
