caprst_fall_first_-20: 5.340152e-05
caprst_fall_first_-40: 5.450152e-05
caprst_fall_first_0: 5.345152e-05
caprst_fall_first_100: 5.400152e-05
caprst_fall_first_125: 5.420152e-05
caprst_fall_first_20: 5.350152e-05
caprst_fall_first_40: 5.365152e-05
caprst_fall_first_60: 5.375152e-05
caprst_fall_first_80: 5.390152e-05
caprst_fall_second_-20: 7.220152e-05
caprst_fall_second_-40: 7.395152e-05
caprst_fall_second_0: 7.225152e-05
caprst_fall_second_100: 7.280152e-05
caprst_fall_second_125: 7.300152e-05
caprst_fall_second_20: 7.235152e-05
caprst_fall_second_40: 7.245152e-05
caprst_fall_second_60: 7.255152e-05
caprst_fall_second_80: 7.270152e-05
caprst_rise_first_-20: 6.475152e-05
caprst_rise_first_-40: 6.650152e-05
caprst_rise_first_0: 6.480152e-05
caprst_rise_first_100: 6.535152e-05
caprst_rise_first_125: 6.555152e-05
caprst_rise_first_20: 6.490152e-05
caprst_rise_first_40: 6.500152e-05
caprst_rise_first_60: 6.510152e-05
caprst_rise_first_80: 6.525152e-05
caprst_rise_second_-20: 8.360152e-05
caprst_rise_second_-40: 8.535152e-05
caprst_rise_second_0: 8.360152e-05
caprst_rise_second_100: 8.415152e-05
caprst_rise_second_125: 8.435152e-05
caprst_rise_second_20: 8.370152e-05
caprst_rise_second_40: 8.380152e-05
caprst_rise_second_60: 8.390152e-05
caprst_rise_second_80: 8.405152e-05
ipc_setupincluded_-20: -9.62412e-05
ipc_setupincluded_-40: -9.18331e-05
ipc_setupincluded_0: -9.849724e-05
ipc_setupincluded_100: -0.0001118832
ipc_setupincluded_125: -0.0001159096
ipc_setupincluded_20: -0.0001007937
ipc_setupincluded_40: -0.0001033876
ipc_setupincluded_60: -0.0001059456
ipc_setupincluded_80: -0.0001086833
iptat_first_-20: 6.098021e-06
iptat_first_-40: 5.641424e-06
iptat_first_0: 6.549589e-06
iptat_first_100: 8.587263e-06
iptat_first_125: 9.038451e-06
iptat_first_20: 6.984022e-06
iptat_first_40: 7.409598e-06
iptat_first_60: 7.816937e-06
iptat_first_80: 8.213017e-06
iptat_second_-20: 5.672604e-06
iptat_second_-40: 5.218257e-06
iptat_second_0: 6.107463e-06
iptat_second_100: 7.952944e-06
iptat_second_125: 8.31851e-06
iptat_second_20: 6.521849e-06
iptat_second_40: 6.917961e-06
iptat_second_60: 7.289328e-06
iptat_second_80: 7.634681e-06
pwrup_fall_-20: 8.365152e-05
pwrup_fall_-40: 8.540152e-05
pwrup_fall_0: 8.365152e-05
pwrup_fall_100: 8.420152e-05
pwrup_fall_125: 8.440152e-05
pwrup_fall_20: 8.375152e-05
pwrup_fall_40: 8.385152e-05
pwrup_fall_60: 8.395152e-05
pwrup_fall_80: 8.410152e-05
pwrup_rise_-20: 2.5152e-07
pwrup_rise_-40: 2.5152e-07
pwrup_rise_0: 2.5152e-07
pwrup_rise_100: 2.5152e-07
pwrup_rise_125: 2.5152e-07
pwrup_rise_20: 2.5152e-07
pwrup_rise_40: 2.5152e-07
pwrup_rise_60: 2.5152e-07
pwrup_rise_80: 2.5152e-07
tmpcount1_-20: 0.14
tmpcount1_-40: 0.141
tmpcount1_0: 0.147
tmpcount1_100: 0.185
tmpcount1_125: 0.194
tmpcount1_20: 0.155
tmpcount1_40: 0.163
tmpcount1_60: 0.17
tmpcount1_80: 0.177
tmpcount2_-20: 0.13
tmpcount2_-40: 0.124
tmpcount2_0: 0.138
tmpcount2_100: 0.173
tmpcount2_125: 0.181
tmpcount2_20: 0.146
tmpcount2_40: 0.153
tmpcount2_60: 0.16
tmpcount2_80: 0.167
