caprst_fall_first_-20: 5.310152e-05
caprst_fall_first_-40: 5.305152e-05
caprst_fall_first_0: 5.310152e-05
caprst_fall_first_100: 5.360152e-05
caprst_fall_first_125: 5.370152e-05
caprst_fall_first_20: 5.315152e-05
caprst_fall_first_40: 5.325152e-05
caprst_fall_first_60: 5.340152e-05
caprst_fall_first_80: 5.350152e-05
caprst_fall_second_-20: 7.195152e-05
caprst_fall_second_-40: 7.185152e-05
caprst_fall_second_0: 7.190152e-05
caprst_fall_second_100: 7.250152e-05
caprst_fall_second_125: 7.250152e-05
caprst_fall_second_20: 7.195152e-05
caprst_fall_second_40: 7.205152e-05
caprst_fall_second_60: 7.260152e-05
caprst_fall_second_80: 7.230152e-05
caprst_rise_first_-20: 6.450152e-05
caprst_rise_first_-40: 6.440152e-05
caprst_rise_first_0: 6.445152e-05
caprst_rise_first_100: 6.505152e-05
caprst_rise_first_125: 6.505152e-05
caprst_rise_first_20: 6.450152e-05
caprst_rise_first_40: 6.460152e-05
caprst_rise_first_60: 6.515152e-05
caprst_rise_first_80: 6.485152e-05
caprst_rise_second_-20: 8.330152e-05
caprst_rise_second_-40: 8.325152e-05
caprst_rise_second_0: 8.325152e-05
caprst_rise_second_100: 8.385152e-05
caprst_rise_second_125: 8.385152e-05
caprst_rise_second_20: 8.330152e-05
caprst_rise_second_40: 8.340152e-05
caprst_rise_second_60: 8.395152e-05
caprst_rise_second_80: 8.370152e-05
ipc_setupincluded_-20: -9.633998e-05
ipc_setupincluded_-40: -9.442449e-05
ipc_setupincluded_0: -9.812223e-05
ipc_setupincluded_100: -0.0001069671
ipc_setupincluded_125: -0.0001094791
ipc_setupincluded_20: -9.994445e-05
ipc_setupincluded_40: -0.0001016885
ipc_setupincluded_60: -0.0001034095
ipc_setupincluded_80: -0.0001052026
iptat_first_-20: 6.608203e-06
iptat_first_-40: 6.127542e-06
iptat_first_0: 7.092894e-06
iptat_first_100: 9.389359e-06
iptat_first_125: 9.914885e-06
iptat_first_20: 7.572878e-06
iptat_first_40: 8.044681e-06
iptat_first_60: 8.503644e-06
iptat_first_80: 8.951239e-06
iptat_second_-20: 5.231222e-06
iptat_second_-40: 4.807534e-06
iptat_second_0: 5.632516e-06
iptat_second_100: 7.216876e-06
iptat_second_125: 7.491601e-06
iptat_second_20: 6.00499e-06
iptat_second_40: 6.353001e-06
iptat_second_60: 6.675615e-06
iptat_second_80: 6.962436e-06
pwrup_fall_-20: 8.335152e-05
pwrup_fall_-40: 8.330152e-05
pwrup_fall_0: 8.330152e-05
pwrup_fall_100: 8.390152e-05
pwrup_fall_125: 8.390152e-05
pwrup_fall_20: 8.335152e-05
pwrup_fall_40: 8.345152e-05
pwrup_fall_60: 8.400152e-05
pwrup_fall_80: 8.375152e-05
pwrup_rise_-20: 2.5152e-07
pwrup_rise_-40: 2.5152e-07
pwrup_rise_0: 2.5152e-07
pwrup_rise_100: 2.5152e-07
pwrup_rise_125: 2.5152e-07
pwrup_rise_20: 2.5152e-07
pwrup_rise_40: 2.5152e-07
pwrup_rise_60: 2.5152e-07
pwrup_rise_80: 2.5152e-07
tmpcount1_-20: 0.156
tmpcount1_-40: 0.149
tmpcount1_0: 0.162
tmpcount1_100: 0.205
tmpcount1_125: 0.214
tmpcount1_20: 0.17
tmpcount1_40: 0.179
tmpcount1_60: 0.194
tmpcount1_80: 0.195
tmpcount2_-20: 0.123
tmpcount2_-40: 0.117
tmpcount2_0: 0.129
tmpcount2_100: 0.158
tmpcount2_125: 0.165
tmpcount2_20: 0.136
tmpcount2_40: 0.141
tmpcount2_60: 0.15
tmpcount2_80: 0.154
