caprst_fall_first_-20: 5.290152e-05
caprst_fall_first_-40: 5.290152e-05
caprst_fall_first_0: 5.290152e-05
caprst_fall_first_100: 5.345152e-05
caprst_fall_first_125: 5.360152e-05
caprst_fall_first_20: 5.290152e-05
caprst_fall_first_40: 5.305152e-05
caprst_fall_first_60: 5.315152e-05
caprst_fall_first_80: 5.330152e-05
caprst_fall_second_-20: 7.275152e-05
caprst_fall_second_-40: 7.280152e-05
caprst_fall_second_0: 7.275152e-05
caprst_fall_second_100: 7.330152e-05
caprst_fall_second_125: 7.345152e-05
caprst_fall_second_20: 7.275152e-05
caprst_fall_second_40: 7.290152e-05
caprst_fall_second_60: 7.320152e-05
caprst_fall_second_80: 7.315152e-05
caprst_rise_first_-20: 6.425152e-05
caprst_rise_first_-40: 6.430152e-05
caprst_rise_first_0: 6.425152e-05
caprst_rise_first_100: 6.480152e-05
caprst_rise_first_125: 6.495152e-05
caprst_rise_first_20: 6.425152e-05
caprst_rise_first_40: 6.440152e-05
caprst_rise_first_60: 6.470152e-05
caprst_rise_first_80: 6.465152e-05
caprst_rise_second_-20: 8.410152e-05
caprst_rise_second_-40: 8.415152e-05
caprst_rise_second_0: 8.410152e-05
caprst_rise_second_100: 8.465152e-05
caprst_rise_second_125: 8.500152e-05
caprst_rise_second_20: 8.415152e-05
caprst_rise_second_40: 8.425152e-05
caprst_rise_second_60: 8.455152e-05
caprst_rise_second_80: 8.450152e-05
ipc_setupincluded_-20: -0.0001002324
ipc_setupincluded_-40: -9.824387e-05
ipc_setupincluded_0: -0.0001024112
ipc_setupincluded_100: -0.0001138378
ipc_setupincluded_125: -0.0001171952
ipc_setupincluded_20: -0.0001043159
ipc_setupincluded_40: -0.0001065854
ipc_setupincluded_60: -0.0001088586
ipc_setupincluded_80: -0.0001114347
iptat_first_-20: 6.230801e-06
iptat_first_-40: 5.764695e-06
iptat_first_0: 6.696868e-06
iptat_first_100: 8.806847e-06
iptat_first_125: 9.268736e-06
iptat_first_20: 7.150956e-06
iptat_first_40: 7.586989e-06
iptat_first_60: 8.013465e-06
iptat_first_80: 8.420639e-06
iptat_second_-20: 5.44318e-06
iptat_second_-40: 5.011508e-06
iptat_second_0: 5.855475e-06
iptat_second_100: 7.598929e-06
iptat_second_125: 7.944168e-06
iptat_second_20: 6.248384e-06
iptat_second_40: 6.621019e-06
iptat_second_60: 6.972293e-06
iptat_second_80: 7.295414e-06
pwrup_fall_-20: 8.415152e-05
pwrup_fall_-40: 8.420152e-05
pwrup_fall_0: 8.415152e-05
pwrup_fall_100: 8.470152e-05
pwrup_fall_125: 8.505152e-05
pwrup_fall_20: 8.420152e-05
pwrup_fall_40: 8.430152e-05
pwrup_fall_60: 8.460152e-05
pwrup_fall_80: 8.455152e-05
pwrup_rise_-20: 2.5152e-07
pwrup_rise_-40: 2.5152e-07
pwrup_rise_0: 2.5152e-07
pwrup_rise_100: 2.5152e-07
pwrup_rise_125: 2.5152e-07
pwrup_rise_20: 2.5152e-07
pwrup_rise_40: 2.5152e-07
pwrup_rise_60: 2.5152e-07
pwrup_rise_80: 2.5152e-07
tmpcount1_-20: 0.141
tmpcount1_-40: 0.134
tmpcount1_0: 0.151
tmpcount1_100: 0.19
tmpcount1_125: 0.199
tmpcount1_20: 0.158
tmpcount1_40: 0.167
tmpcount1_60: 0.178
tmpcount1_80: 0.183
tmpcount2_-20: 0.126
tmpcount2_-40: 0.118
tmpcount2_0: 0.134
tmpcount2_100: 0.17
tmpcount2_125: 0.178
tmpcount2_20: 0.142
tmpcount2_40: 0.149
tmpcount2_60: 0.156
tmpcount2_80: 0.162
