caprst_fall_first_-20: 5.370152e-05
caprst_fall_first_-40: 5.390152e-05
caprst_fall_first_0: 5.365152e-05
caprst_fall_first_100: 5.540152e-05
caprst_fall_first_125: 5.550152e-05
caprst_fall_first_20: 5.365152e-05
caprst_fall_first_40: 5.365152e-05
caprst_fall_first_60: 5.510152e-05
caprst_fall_first_80: 5.520152e-05
caprst_fall_second_-20: 7.255152e-05
caprst_fall_second_-40: 7.270152e-05
caprst_fall_second_0: 7.275152e-05
caprst_fall_second_100: 7.420152e-05
caprst_fall_second_125: 7.430152e-05
caprst_fall_second_20: 7.250152e-05
caprst_fall_second_40: 7.250152e-05
caprst_fall_second_60: 7.390152e-05
caprst_fall_second_80: 7.400152e-05
caprst_rise_first_-20: 6.510152e-05
caprst_rise_first_-40: 6.525152e-05
caprst_rise_first_0: 6.530152e-05
caprst_rise_first_100: 6.675152e-05
caprst_rise_first_125: 6.685152e-05
caprst_rise_first_20: 6.505152e-05
caprst_rise_first_40: 6.505152e-05
caprst_rise_first_60: 6.645152e-05
caprst_rise_first_80: 6.655152e-05
caprst_rise_second_-20: 8.390152e-05
caprst_rise_second_-40: 8.405152e-05
caprst_rise_second_0: 8.410152e-05
caprst_rise_second_100: 8.555152e-05
caprst_rise_second_125: 8.565152e-05
caprst_rise_second_20: 8.385152e-05
caprst_rise_second_40: 8.385152e-05
caprst_rise_second_60: 8.525152e-05
caprst_rise_second_80: 8.555152e-05
ipc_setupincluded_-20: -9.352166e-05
ipc_setupincluded_-40: -9.105441e-05
ipc_setupincluded_0: -9.5913e-05
ipc_setupincluded_100: -0.0001090861
ipc_setupincluded_125: -0.0001130001
ipc_setupincluded_20: -9.838467e-05
ipc_setupincluded_40: -0.0001009426
ipc_setupincluded_60: -0.000103652
ipc_setupincluded_80: -0.0001062856
iptat_first_-20: 6.3544e-06
iptat_first_-40: 5.929306e-06
iptat_first_0: 6.772017e-06
iptat_first_100: 8.607765e-06
iptat_first_125: 8.992735e-06
iptat_first_20: 7.176015e-06
iptat_first_40: 7.560465e-06
iptat_first_60: 7.931667e-06
iptat_first_80: 8.282539e-06
iptat_second_-20: 5.410731e-06
iptat_second_-40: 4.948136e-06
iptat_second_0: 5.857082e-06
iptat_second_100: 7.853002e-06
iptat_second_125: 8.269602e-06
iptat_second_20: 6.295398e-06
iptat_second_40: 6.714195e-06
iptat_second_60: 7.113777e-06
iptat_second_80: 7.495812e-06
pwrup_fall_-20: 8.395152e-05
pwrup_fall_-40: 8.410152e-05
pwrup_fall_0: 8.415152e-05
pwrup_fall_100: 8.560152e-05
pwrup_fall_125: 8.570152e-05
pwrup_fall_20: 8.390152e-05
pwrup_fall_40: 8.390152e-05
pwrup_fall_60: 8.530152e-05
pwrup_fall_80: 8.560152e-05
pwrup_rise_-20: 2.5152e-07
pwrup_rise_-40: 2.5152e-07
pwrup_rise_0: 2.5152e-07
pwrup_rise_100: 2.5152e-07
pwrup_rise_125: 2.5152e-07
pwrup_rise_20: 2.5152e-07
pwrup_rise_40: 2.5152e-07
pwrup_rise_60: 2.5152e-07
pwrup_rise_80: 2.5152e-07
tmpcount1_-20: 0.151
tmpcount1_-40: 0.144
tmpcount1_0: 0.16
tmpcount1_100: 0.186
tmpcount1_125: 0.194
tmpcount1_20: 0.162
tmpcount1_40: 0.169
tmpcount1_60: 0.174
tmpcount1_80: 0.181
tmpcount2_-20: 0.128
tmpcount2_-40: 0.121
tmpcount2_0: 0.136
tmpcount2_100: 0.172
tmpcount2_125: 0.181
tmpcount2_20: 0.143
tmpcount2_40: 0.151
tmpcount2_60: 0.157
tmpcount2_80: 0.168
