caprst_fall_first_-20: 5.385152e-05
caprst_fall_first_-40: 5.250152e-05
caprst_fall_first_0: 5.385152e-05
caprst_fall_first_100: 5.410152e-05
caprst_fall_first_125: 5.435152e-05
caprst_fall_first_20: 5.385152e-05
caprst_fall_first_40: 5.390152e-05
caprst_fall_first_60: 5.390152e-05
caprst_fall_first_80: 5.400152e-05
caprst_fall_second_-20: 7.265152e-05
caprst_fall_second_-40: 7.130152e-05
caprst_fall_second_0: 7.265152e-05
caprst_fall_second_100: 7.290152e-05
caprst_fall_second_125: 7.315152e-05
caprst_fall_second_20: 7.270152e-05
caprst_fall_second_40: 7.275152e-05
caprst_fall_second_60: 7.270152e-05
caprst_fall_second_80: 7.280152e-05
caprst_rise_first_-20: 6.520152e-05
caprst_rise_first_-40: 6.385152e-05
caprst_rise_first_0: 6.520152e-05
caprst_rise_first_100: 6.545152e-05
caprst_rise_first_125: 6.570152e-05
caprst_rise_first_20: 6.525152e-05
caprst_rise_first_40: 6.530152e-05
caprst_rise_first_60: 6.525152e-05
caprst_rise_first_80: 6.535152e-05
caprst_rise_second_-20: 8.400152e-05
caprst_rise_second_-40: 8.285152e-05
caprst_rise_second_0: 8.400152e-05
caprst_rise_second_100: 8.425152e-05
caprst_rise_second_125: 8.450152e-05
caprst_rise_second_20: 8.405152e-05
caprst_rise_second_40: 8.410152e-05
caprst_rise_second_60: 8.405152e-05
caprst_rise_second_80: 8.415152e-05
ipc_setupincluded_-20: -9.788995e-05
ipc_setupincluded_-40: -9.525746e-05
ipc_setupincluded_0: -0.0001002003
ipc_setupincluded_100: -0.0001115955
ipc_setupincluded_125: -0.0001149347
ipc_setupincluded_20: -0.0001024213
ipc_setupincluded_40: -0.0001046518
ipc_setupincluded_60: -0.000106899
ipc_setupincluded_80: -0.00010919
iptat_first_-20: 6.628435e-06
iptat_first_-40: 6.192617e-06
iptat_first_0: 7.058347e-06
iptat_first_100: 9.021873e-06
iptat_first_125: 9.44362e-06
iptat_first_20: 7.482566e-06
iptat_first_40: 7.890208e-06
iptat_first_60: 8.283748e-06
iptat_first_80: 8.657956e-06
iptat_second_-20: 5.169819e-06
iptat_second_-40: 4.69865e-06
iptat_second_0: 5.619187e-06
iptat_second_100: 7.539616e-06
iptat_second_125: 7.924166e-06
iptat_second_20: 6.05051e-06
iptat_second_40: 6.455358e-06
iptat_second_60: 6.841445e-06
iptat_second_80: 7.206037e-06
pwrup_fall_-20: 8.405152e-05
pwrup_fall_-40: 8.290152e-05
pwrup_fall_0: 8.405152e-05
pwrup_fall_100: 8.430152e-05
pwrup_fall_125: 8.455152e-05
pwrup_fall_20: 8.410152e-05
pwrup_fall_40: 8.415152e-05
pwrup_fall_60: 8.410152e-05
pwrup_fall_80: 8.420152e-05
pwrup_rise_-20: 2.5152e-07
pwrup_rise_-40: 2.5152e-07
pwrup_rise_0: 2.5152e-07
pwrup_rise_100: 2.5152e-07
pwrup_rise_125: 2.5152e-07
pwrup_rise_20: 2.5152e-07
pwrup_rise_40: 2.5152e-07
pwrup_rise_60: 2.5152e-07
pwrup_rise_80: 2.5152e-07
tmpcount1_-20: 0.151
tmpcount1_-40: 0.145
tmpcount1_0: 0.159
tmpcount1_100: 0.194
tmpcount1_125: 0.202
tmpcount1_20: 0.165
tmpcount1_40: 0.173
tmpcount1_60: 0.181
tmpcount1_80: 0.188
tmpcount2_-20: 0.118
tmpcount2_-40: 0.112
tmpcount2_0: 0.127
tmpcount2_100: 0.165
tmpcount2_125: 0.172
tmpcount2_20: 0.135
tmpcount2_40: 0.143
tmpcount2_60: 0.151
tmpcount2_80: 0.157
