caprst_fall_first_-20: 5.580152e-05
caprst_fall_first_-40: 5.460152e-05
caprst_fall_first_0: 5.565152e-05
caprst_fall_first_100: 5.570152e-05
caprst_fall_first_125: 5.585152e-05
caprst_fall_first_20: 5.555152e-05
caprst_fall_first_40: 5.555152e-05
caprst_fall_first_60: 5.560152e-05
caprst_fall_first_80: 5.570152e-05
caprst_fall_second_-20: 7.565152e-05
caprst_fall_second_-40: 7.445152e-05
caprst_fall_second_0: 7.555152e-05
caprst_fall_second_100: 7.555152e-05
caprst_fall_second_125: 7.585152e-05
caprst_fall_second_20: 7.540152e-05
caprst_fall_second_40: 7.565152e-05
caprst_fall_second_60: 7.545152e-05
caprst_fall_second_80: 7.555152e-05
caprst_rise_first_-20: 6.715152e-05
caprst_rise_first_-40: 6.595152e-05
caprst_rise_first_0: 6.705152e-05
caprst_rise_first_100: 6.705152e-05
caprst_rise_first_125: 6.735152e-05
caprst_rise_first_20: 6.690152e-05
caprst_rise_first_40: 6.715152e-05
caprst_rise_first_60: 6.695152e-05
caprst_rise_first_80: 6.705152e-05
caprst_rise_second_-20: 8.700152e-05
caprst_rise_second_-40: 8.580152e-05
caprst_rise_second_0: 8.690152e-05
caprst_rise_second_100: 8.690152e-05
caprst_rise_second_125: 8.720152e-05
caprst_rise_second_20: 8.675152e-05
caprst_rise_second_40: 8.700152e-05
caprst_rise_second_60: 8.680152e-05
caprst_rise_second_80: 8.705152e-05
ipc_setupincluded_-20: -9.466744e-05
ipc_setupincluded_-40: -9.220949e-05
ipc_setupincluded_0: -9.677829e-05
ipc_setupincluded_100: -0.0001091165
ipc_setupincluded_125: -0.0001130484
ipc_setupincluded_20: -9.914425e-05
ipc_setupincluded_40: -0.0001014785
ipc_setupincluded_60: -0.000103846
ipc_setupincluded_80: -0.0001063075
iptat_first_-20: 6.236355e-06
iptat_first_-40: 5.812769e-06
iptat_first_0: 6.652383e-06
iptat_first_100: 8.496305e-06
iptat_first_125: 8.878817e-06
iptat_first_20: 7.062595e-06
iptat_first_40: 7.447989e-06
iptat_first_60: 7.818739e-06
iptat_first_80: 8.169285e-06
iptat_second_-20: 5.586137e-06
iptat_second_-40: 5.109191e-06
iptat_second_0: 6.04546e-06
iptat_second_100: 8.052414e-06
iptat_second_125: 8.473524e-06
iptat_second_20: 6.485362e-06
iptat_second_40: 6.907238e-06
iptat_second_60: 7.309627e-06
iptat_second_80: 7.692429e-06
pwrup_fall_-20: 8.705152e-05
pwrup_fall_-40: 8.585152e-05
pwrup_fall_0: 8.695152e-05
pwrup_fall_100: 8.695152e-05
pwrup_fall_125: 8.725152e-05
pwrup_fall_20: 8.680152e-05
pwrup_fall_40: 8.705152e-05
pwrup_fall_60: 8.685152e-05
pwrup_fall_80: 8.710152e-05
pwrup_rise_-20: 2.5152e-07
pwrup_rise_-40: 2.5152e-07
pwrup_rise_0: 2.5152e-07
pwrup_rise_100: 2.5152e-07
pwrup_rise_125: 2.5152e-07
pwrup_rise_20: 2.5152e-07
pwrup_rise_40: 2.5152e-07
pwrup_rise_60: 2.5152e-07
pwrup_rise_80: 2.5152e-07
tmpcount1_-20: 0.143
tmpcount1_-40: 0.137
tmpcount1_0: 0.15
tmpcount1_100: 0.183
tmpcount1_125: 0.192
tmpcount1_20: 0.156
tmpcount1_40: 0.167
tmpcount1_60: 0.17
tmpcount1_80: 0.177
tmpcount2_-20: 0.129
tmpcount2_-40: 0.123
tmpcount2_0: 0.138
tmpcount2_100: 0.176
tmpcount2_125: 0.183
tmpcount2_20: 0.146
tmpcount2_40: 0.154
tmpcount2_60: 0.161
tmpcount2_80: 0.171
