caprst_fall_first_-20: 5.300152e-05
caprst_fall_first_-40: 5.320152e-05
caprst_fall_first_0: 5.285152e-05
caprst_fall_first_100: 5.320152e-05
caprst_fall_first_125: 5.340152e-05
caprst_fall_first_20: 5.285152e-05
caprst_fall_first_40: 5.295152e-05
caprst_fall_first_60: 5.300152e-05
caprst_fall_first_80: 5.310152e-05
caprst_fall_second_-20: 7.325152e-05
caprst_fall_second_-40: 7.350152e-05
caprst_fall_second_0: 7.280152e-05
caprst_fall_second_100: 7.305152e-05
caprst_fall_second_125: 7.325152e-05
caprst_fall_second_20: 7.275152e-05
caprst_fall_second_40: 7.285152e-05
caprst_fall_second_60: 7.285152e-05
caprst_fall_second_80: 7.295152e-05
caprst_rise_first_-20: 6.460152e-05
caprst_rise_first_-40: 6.455152e-05
caprst_rise_first_0: 6.420152e-05
caprst_rise_first_100: 6.455152e-05
caprst_rise_first_125: 6.475152e-05
caprst_rise_first_20: 6.420152e-05
caprst_rise_first_40: 6.430152e-05
caprst_rise_first_60: 6.435152e-05
caprst_rise_first_80: 6.445152e-05
caprst_rise_second_-20: 8.460152e-05
caprst_rise_second_-40: 8.485152e-05
caprst_rise_second_0: 8.420152e-05
caprst_rise_second_100: 8.440152e-05
caprst_rise_second_125: 8.460152e-05
caprst_rise_second_20: 8.415152e-05
caprst_rise_second_40: 8.430152e-05
caprst_rise_second_60: 8.430152e-05
caprst_rise_second_80: 8.430152e-05
ipc_setupincluded_-20: -9.814568e-05
ipc_setupincluded_-40: -9.601254e-05
ipc_setupincluded_0: -0.0001002594
ipc_setupincluded_100: -0.000111447
ipc_setupincluded_125: -0.000114968
ipc_setupincluded_20: -0.0001023587
ipc_setupincluded_40: -0.0001043759
ipc_setupincluded_60: -0.0001065789
ipc_setupincluded_80: -0.0001089058
iptat_first_-20: 6.815766e-06
iptat_first_-40: 6.379938e-06
iptat_first_0: 7.244867e-06
iptat_first_100: 9.191312e-06
iptat_first_125: 9.622857e-06
iptat_first_20: 7.666213e-06
iptat_first_40: 8.069517e-06
iptat_first_60: 8.460395e-06
iptat_first_80: 8.833765e-06
iptat_second_-20: 4.841848e-06
iptat_second_-40: 4.386901e-06
iptat_second_0: 5.279055e-06
iptat_second_100: 7.154719e-06
iptat_second_125: 7.51627e-06
iptat_second_20: 5.702726e-06
iptat_second_40: 6.100676e-06
iptat_second_60: 6.480828e-06
iptat_second_80: 6.831672e-06
pwrup_fall_-20: 8.465152e-05
pwrup_fall_-40: 8.490152e-05
pwrup_fall_0: 8.425152e-05
pwrup_fall_100: 8.445152e-05
pwrup_fall_125: 8.465152e-05
pwrup_fall_20: 8.420152e-05
pwrup_fall_40: 8.435152e-05
pwrup_fall_60: 8.435152e-05
pwrup_fall_80: 8.435152e-05
pwrup_rise_-20: 2.5152e-07
pwrup_rise_-40: 2.5152e-07
pwrup_rise_0: 2.5152e-07
pwrup_rise_100: 2.5152e-07
pwrup_rise_125: 2.5152e-07
pwrup_rise_20: 2.5152e-07
pwrup_rise_40: 2.5152e-07
pwrup_rise_60: 2.5152e-07
pwrup_rise_80: 2.5152e-07
tmpcount1_-20: 0.159
tmpcount1_-40: 0.151
tmpcount1_0: 0.162
tmpcount1_100: 0.196
tmpcount1_125: 0.204
tmpcount1_20: 0.169
tmpcount1_40: 0.176
tmpcount1_60: 0.183
tmpcount1_80: 0.189
tmpcount2_-20: 0.113
tmpcount2_-40: 0.108
tmpcount2_0: 0.123
tmpcount2_100: 0.16
tmpcount2_125: 0.167
tmpcount2_20: 0.13
tmpcount2_40: 0.14
tmpcount2_60: 0.148
tmpcount2_80: 0.153
