caprst_fall_first_-20: 5.225152e-05
caprst_fall_first_-40: 5.250152e-05
caprst_fall_first_0: 5.210152e-05
caprst_fall_first_100: 5.235152e-05
caprst_fall_first_125: 5.255152e-05
caprst_fall_first_20: 5.210152e-05
caprst_fall_first_40: 5.205152e-05
caprst_fall_first_60: 5.215152e-05
caprst_fall_first_80: 5.220152e-05
caprst_fall_second_-20: 7.130152e-05
caprst_fall_second_-40: 7.170152e-05
caprst_fall_second_0: 7.100152e-05
caprst_fall_second_100: 7.120152e-05
caprst_fall_second_125: 7.140152e-05
caprst_fall_second_20: 7.095152e-05
caprst_fall_second_40: 7.085152e-05
caprst_fall_second_60: 7.095152e-05
caprst_fall_second_80: 7.100152e-05
caprst_rise_first_-20: 6.365152e-05
caprst_rise_first_-40: 6.395152e-05
caprst_rise_first_0: 6.345152e-05
caprst_rise_first_100: 6.375152e-05
caprst_rise_first_125: 6.395152e-05
caprst_rise_first_20: 6.350152e-05
caprst_rise_first_40: 6.340152e-05
caprst_rise_first_60: 6.350152e-05
caprst_rise_first_80: 6.355152e-05
caprst_rise_second_-20: 8.265152e-05
caprst_rise_second_-40: 8.395152e-05
caprst_rise_second_0: 8.235152e-05
caprst_rise_second_100: 8.265152e-05
caprst_rise_second_125: 8.275152e-05
caprst_rise_second_20: 8.230152e-05
caprst_rise_second_40: 8.220152e-05
caprst_rise_second_60: 8.230152e-05
caprst_rise_second_80: 8.235152e-05
ipc_setupincluded_-20: -9.689914e-05
ipc_setupincluded_-40: -9.44157e-05
ipc_setupincluded_0: -9.907769e-05
ipc_setupincluded_100: -0.0001089604
ipc_setupincluded_125: -0.000111859
ipc_setupincluded_20: -0.0001011098
ipc_setupincluded_40: -0.0001030892
ipc_setupincluded_60: -0.0001050435
ipc_setupincluded_80: -0.0001069859
iptat_first_-20: 6.846562e-06
iptat_first_-40: 6.407562e-06
iptat_first_0: 7.278359e-06
iptat_first_100: 9.176404e-06
iptat_first_125: 9.571416e-06
iptat_first_20: 7.698988e-06
iptat_first_40: 8.097015e-06
iptat_first_60: 8.473855e-06
iptat_first_80: 8.83316e-06
iptat_second_-20: 4.770108e-06
iptat_second_-40: 4.327512e-06
iptat_second_0: 5.200795e-06
iptat_second_100: 7.114331e-06
iptat_second_125: 7.515583e-06
iptat_second_20: 5.615294e-06
iptat_second_40: 6.016486e-06
iptat_second_60: 6.4007e-06
iptat_second_80: 6.769433e-06
pwrup_fall_-20: 8.270152e-05
pwrup_fall_-40: 8.400152e-05
pwrup_fall_0: 8.240152e-05
pwrup_fall_100: 8.270152e-05
pwrup_fall_125: 8.280152e-05
pwrup_fall_20: 8.235152e-05
pwrup_fall_40: 8.225152e-05
pwrup_fall_60: 8.235152e-05
pwrup_fall_80: 8.240152e-05
pwrup_rise_-20: 2.5152e-07
pwrup_rise_-40: 2.5152e-07
pwrup_rise_0: 2.5152e-07
pwrup_rise_100: 2.5152e-07
pwrup_rise_125: 2.5152e-07
pwrup_rise_20: 2.5152e-07
pwrup_rise_40: 2.5152e-07
pwrup_rise_60: 2.5152e-07
pwrup_rise_80: 2.5152e-07
tmpcount1_-20: 0.162
tmpcount1_-40: 0.156
tmpcount1_0: 0.168
tmpcount1_100: 0.202
tmpcount1_125: 0.21
tmpcount1_20: 0.176
tmpcount1_40: 0.181
tmpcount1_60: 0.189
tmpcount1_80: 0.196
tmpcount2_-20: 0.112
tmpcount2_-40: 0.113
tmpcount2_0: 0.12
tmpcount2_100: 0.159
tmpcount2_125: 0.165
tmpcount2_20: 0.128
tmpcount2_40: 0.136
tmpcount2_60: 0.143
tmpcount2_80: 0.151
