caprst_fall_first_-20: 5.385152e-05
caprst_fall_first_-40: 5.395152e-05
caprst_fall_first_0: 5.380152e-05
caprst_fall_first_100: 5.395152e-05
caprst_fall_first_125: 5.415152e-05
caprst_fall_first_20: 5.380152e-05
caprst_fall_first_40: 5.385152e-05
caprst_fall_first_60: 5.380152e-05
caprst_fall_first_80: 5.385152e-05
caprst_fall_second_-20: 7.265152e-05
caprst_fall_second_-40: 7.275152e-05
caprst_fall_second_0: 7.260152e-05
caprst_fall_second_100: 7.275152e-05
caprst_fall_second_125: 7.295152e-05
caprst_fall_second_20: 7.260152e-05
caprst_fall_second_40: 7.265152e-05
caprst_fall_second_60: 7.260152e-05
caprst_fall_second_80: 7.265152e-05
caprst_rise_first_-20: 6.520152e-05
caprst_rise_first_-40: 6.530152e-05
caprst_rise_first_0: 6.515152e-05
caprst_rise_first_100: 6.530152e-05
caprst_rise_first_125: 6.550152e-05
caprst_rise_first_20: 6.515152e-05
caprst_rise_first_40: 6.520152e-05
caprst_rise_first_60: 6.515152e-05
caprst_rise_first_80: 6.520152e-05
caprst_rise_second_-20: 8.400152e-05
caprst_rise_second_-40: 8.415152e-05
caprst_rise_second_0: 8.395152e-05
caprst_rise_second_100: 8.410152e-05
caprst_rise_second_125: 8.455152e-05
caprst_rise_second_20: 8.395152e-05
caprst_rise_second_40: 8.400152e-05
caprst_rise_second_60: 8.395152e-05
caprst_rise_second_80: 8.400152e-05
ipc_setupincluded_-20: -9.951514e-05
ipc_setupincluded_-40: -9.776308e-05
ipc_setupincluded_0: -0.0001013914
ipc_setupincluded_100: -0.0001109356
ipc_setupincluded_125: -0.00011406
ipc_setupincluded_20: -0.0001032123
ipc_setupincluded_40: -0.0001050561
ipc_setupincluded_60: -0.0001068724
ipc_setupincluded_80: -0.0001088294
iptat_first_-20: 6.302419e-06
iptat_first_-40: 5.834056e-06
iptat_first_0: 6.757375e-06
iptat_first_100: 8.8142e-06
iptat_first_125: 9.251893e-06
iptat_first_20: 7.203994e-06
iptat_first_40: 7.634091e-06
iptat_first_60: 8.046146e-06
iptat_first_80: 8.436793e-06
iptat_second_-20: 5.394762e-06
iptat_second_-40: 4.961489e-06
iptat_second_0: 5.812678e-06
iptat_second_100: 7.603964e-06
iptat_second_125: 7.965571e-06
iptat_second_20: 6.209197e-06
iptat_second_40: 6.589617e-06
iptat_second_60: 6.947165e-06
iptat_second_80: 7.285472e-06
pwrup_fall_-20: 8.405152e-05
pwrup_fall_-40: 8.420152e-05
pwrup_fall_0: 8.400152e-05
pwrup_fall_100: 8.415152e-05
pwrup_fall_125: 8.460152e-05
pwrup_fall_20: 8.400152e-05
pwrup_fall_40: 8.405152e-05
pwrup_fall_60: 8.400152e-05
pwrup_fall_80: 8.405152e-05
pwrup_rise_-20: 2.5152e-07
pwrup_rise_-40: 2.5152e-07
pwrup_rise_0: 2.5152e-07
pwrup_rise_100: 2.5152e-07
pwrup_rise_125: 2.5152e-07
pwrup_rise_20: 2.5152e-07
pwrup_rise_40: 2.5152e-07
pwrup_rise_60: 2.5152e-07
pwrup_rise_80: 2.5152e-07
tmpcount1_-20: 0.151
tmpcount1_-40: 0.145
tmpcount1_0: 0.158
tmpcount1_100: 0.194
tmpcount1_125: 0.203
tmpcount1_20: 0.165
tmpcount1_40: 0.173
tmpcount1_60: 0.181
tmpcount1_80: 0.187
tmpcount2_-20: 0.129
tmpcount2_-40: 0.124
tmpcount2_0: 0.136
tmpcount2_100: 0.17
tmpcount2_125: 0.18
tmpcount2_20: 0.142
tmpcount2_40: 0.15
tmpcount2_60: 0.156
tmpcount2_80: 0.163
