caprst_fall_first_-20: 5.235152e-05
caprst_fall_first_-40: 5.245152e-05
caprst_fall_first_0: 5.235152e-05
caprst_fall_first_100: 5.270152e-05
caprst_fall_first_125: 5.285152e-05
caprst_fall_first_20: 5.240152e-05
caprst_fall_first_40: 5.245152e-05
caprst_fall_first_60: 5.250152e-05
caprst_fall_first_80: 5.260152e-05
caprst_fall_second_-20: 7.115152e-05
caprst_fall_second_-40: 7.135152e-05
caprst_fall_second_0: 7.115152e-05
caprst_fall_second_100: 7.150152e-05
caprst_fall_second_125: 7.165152e-05
caprst_fall_second_20: 7.120152e-05
caprst_fall_second_40: 7.125152e-05
caprst_fall_second_60: 7.130152e-05
caprst_fall_second_80: 7.140152e-05
caprst_rise_first_-20: 6.370152e-05
caprst_rise_first_-40: 6.390152e-05
caprst_rise_first_0: 6.370152e-05
caprst_rise_first_100: 6.405152e-05
caprst_rise_first_125: 6.420152e-05
caprst_rise_first_20: 6.375152e-05
caprst_rise_first_40: 6.380152e-05
caprst_rise_first_60: 6.385152e-05
caprst_rise_first_80: 6.395152e-05
caprst_rise_second_-20: 8.250152e-05
caprst_rise_second_-40: 8.270152e-05
caprst_rise_second_0: 8.255152e-05
caprst_rise_second_100: 8.285152e-05
caprst_rise_second_125: 8.300152e-05
caprst_rise_second_20: 8.255152e-05
caprst_rise_second_40: 8.260152e-05
caprst_rise_second_60: 8.265152e-05
caprst_rise_second_80: 8.275152e-05
ipc_setupincluded_-20: -9.760745e-05
ipc_setupincluded_-40: -9.548302e-05
ipc_setupincluded_0: -9.970831e-05
ipc_setupincluded_100: -0.0001116986
ipc_setupincluded_125: -0.0001156124
ipc_setupincluded_20: -0.0001018592
ipc_setupincluded_40: -0.0001041197
ipc_setupincluded_60: -0.0001065177
ipc_setupincluded_80: -0.0001090498
iptat_first_-20: 6.187405e-06
iptat_first_-40: 5.745608e-06
iptat_first_0: 6.618664e-06
iptat_first_100: 8.604829e-06
iptat_first_125: 9.034934e-06
iptat_first_20: 7.050415e-06
iptat_first_40: 7.461285e-06
iptat_first_60: 7.859003e-06
iptat_first_80: 8.238952e-06
iptat_second_-20: 5.479921e-06
iptat_second_-40: 5.018229e-06
iptat_second_0: 5.92369e-06
iptat_second_100: 7.810988e-06
iptat_second_125: 8.188835e-06
iptat_second_20: 6.343435e-06
iptat_second_40: 6.744191e-06
iptat_second_60: 7.123716e-06
iptat_second_80: 7.479348e-06
pwrup_fall_-20: 8.255152e-05
pwrup_fall_-40: 8.275152e-05
pwrup_fall_0: 8.260152e-05
pwrup_fall_100: 8.290152e-05
pwrup_fall_125: 8.305152e-05
pwrup_fall_20: 8.260152e-05
pwrup_fall_40: 8.265152e-05
pwrup_fall_60: 8.270152e-05
pwrup_fall_80: 8.280152e-05
pwrup_rise_-20: 2.5152e-07
pwrup_rise_-40: 2.5152e-07
pwrup_rise_0: 2.5152e-07
pwrup_rise_100: 2.5152e-07
pwrup_rise_125: 2.5152e-07
pwrup_rise_20: 2.5152e-07
pwrup_rise_40: 2.5152e-07
pwrup_rise_60: 2.5152e-07
pwrup_rise_80: 2.5152e-07
tmpcount1_-20: 0.144
tmpcount1_-40: 0.139
tmpcount1_0: 0.151
tmpcount1_100: 0.187
tmpcount1_125: 0.196
tmpcount1_20: 0.158
tmpcount1_40: 0.166
tmpcount1_60: 0.174
tmpcount1_80: 0.181
tmpcount2_-20: 0.128
tmpcount2_-40: 0.12
tmpcount2_0: 0.136
tmpcount2_100: 0.172
tmpcount2_125: 0.181
tmpcount2_20: 0.143
tmpcount2_40: 0.151
tmpcount2_60: 0.158
tmpcount2_80: 0.165
