caprst_fall_first_-20: 6.680152e-05
caprst_fall_first_-40: 6.780152e-05
caprst_fall_first_0: 6.580152e-05
caprst_fall_first_100: 6.530152e-05
caprst_fall_first_125: 6.550152e-05
caprst_fall_first_20: 6.555152e-05
caprst_fall_first_40: 6.540152e-05
caprst_fall_first_60: 6.530152e-05
caprst_fall_first_80: 6.530152e-05
caprst_fall_second_-20: 8.845152e-05
caprst_fall_second_-40: 9.015152e-05
caprst_fall_second_0: 8.700152e-05
caprst_fall_second_100: 8.525152e-05
caprst_fall_second_125: 8.545152e-05
caprst_fall_second_20: 8.635152e-05
caprst_fall_second_40: 8.590152e-05
caprst_fall_second_60: 8.560152e-05
caprst_fall_second_80: 8.535152e-05
caprst_rise_first_-20: 7.815152e-05
caprst_rise_first_-40: 7.935152e-05
caprst_rise_first_0: 7.715152e-05
caprst_rise_first_100: 7.665152e-05
caprst_rise_first_125: 7.685152e-05
caprst_rise_first_20: 7.690152e-05
caprst_rise_first_40: 7.675152e-05
caprst_rise_first_60: 7.665152e-05
caprst_rise_first_80: 7.665152e-05
caprst_rise_second_-20: 9.980152e-05
caprst_rise_second_-40: 0.0001019015
caprst_rise_second_0: 9.835152e-05
caprst_rise_second_100: 9.660152e-05
caprst_rise_second_125: 9.680152e-05
caprst_rise_second_20: 9.770152e-05
caprst_rise_second_40: 9.750152e-05
caprst_rise_second_60: 9.695152e-05
caprst_rise_second_80: 9.670152e-05
ipc_setupincluded_-20: -9.3068e-05
ipc_setupincluded_-40: -9.050296e-05
ipc_setupincluded_0: -9.540409e-05
ipc_setupincluded_100: -0.0001072111
ipc_setupincluded_125: -0.0001105515
ipc_setupincluded_20: -9.782199e-05
ipc_setupincluded_40: -0.0001000854
ipc_setupincluded_60: -0.0001024073
ipc_setupincluded_80: -0.0001047858
iptat_first_-20: 7.340877e-06
iptat_first_-40: 6.903559e-06
iptat_first_0: 7.783526e-06
iptat_first_100: 9.738219e-06
iptat_first_125: 1.016926e-05
iptat_first_20: 8.206995e-06
iptat_first_40: 8.611621e-06
iptat_first_60: 8.998674e-06
iptat_first_80: 9.378516e-06
iptat_second_-20: 4.51861e-06
iptat_second_-40: 4.076714e-06
iptat_second_0: 4.951119e-06
iptat_second_100: 6.825358e-06
iptat_second_125: 7.187914e-06
iptat_second_20: 5.37436e-06
iptat_second_40: 5.773664e-06
iptat_second_60: 6.152282e-06
iptat_second_80: 6.504193e-06
ivdd_-20: -0.0001030561
ivdd_-40: -9.550109e-05
ivdd_0: -0.0001046579
ivdd_100: -0.000110422
ivdd_125: -0.000112225
ivdd_20: -0.0001064935
ivdd_40: -0.0001070803
ivdd_60: -0.0001079798
ivdd_80: -0.00010928
pwrup_fall_-20: 9.985152e-05
pwrup_fall_-40: 0.0001019515
pwrup_fall_0: 9.840152e-05
pwrup_fall_100: 9.665152e-05
pwrup_fall_125: 9.685152e-05
pwrup_fall_20: 9.775152e-05
pwrup_fall_40: 9.755152e-05
pwrup_fall_60: 9.700152e-05
pwrup_fall_80: 9.675152e-05
pwrup_rise_-20: 2.5152e-07
pwrup_rise_-40: 2.5152e-07
pwrup_rise_0: 2.5152e-07
pwrup_rise_100: 2.5152e-07
pwrup_rise_125: 2.5152e-07
pwrup_rise_20: 2.5152e-07
pwrup_rise_40: 2.5152e-07
pwrup_rise_60: 2.5152e-07
pwrup_rise_80: 2.5152e-07
tmpcount1_-20: 0.17
tmpcount1_-40: 0.165
tmpcount1_0: 0.175
tmpcount1_100: 0.21
tmpcount1_125: 0.219
tmpcount1_20: 0.181
tmpcount1_40: 0.189
tmpcount1_60: 0.196
tmpcount1_80: 0.203
tmpcount2_-20: 0.102
tmpcount2_-40: 0.097
tmpcount2_0: 0.11
tmpcount2_100: 0.151
tmpcount2_125: 0.155
tmpcount2_20: 0.119
tmpcount2_40: 0.13
tmpcount2_60: 0.136
tmpcount2_80: 0.141
