caprst_fall_first_-20: 5.120152e-05
caprst_fall_first_-40: 5.135152e-05
caprst_fall_first_0: 5.110152e-05
caprst_fall_first_100: 5.275152e-05
caprst_fall_first_125: 5.290152e-05
caprst_fall_first_20: 5.115152e-05
caprst_fall_first_40: 5.115152e-05
caprst_fall_first_60: 5.265152e-05
caprst_fall_first_80: 5.275152e-05
caprst_fall_second_-20: 7.010152e-05
caprst_fall_second_-40: 7.535152e-05
caprst_fall_second_0: 6.990152e-05
caprst_fall_second_100: 7.155152e-05
caprst_fall_second_125: 7.170152e-05
caprst_fall_second_20: 6.995152e-05
caprst_fall_second_40: 6.995152e-05
caprst_fall_second_60: 7.145152e-05
caprst_fall_second_80: 7.310152e-05
caprst_rise_first_-20: 6.255152e-05
caprst_rise_first_-40: 6.765152e-05
caprst_rise_first_0: 6.245152e-05
caprst_rise_first_100: 6.410152e-05
caprst_rise_first_125: 6.425152e-05
caprst_rise_first_20: 6.250152e-05
caprst_rise_first_40: 6.250152e-05
caprst_rise_first_60: 6.400152e-05
caprst_rise_first_80: 6.565152e-05
caprst_rise_second_-20: 8.145152e-05
caprst_rise_second_-40: 8.670152e-05
caprst_rise_second_0: 8.125152e-05
caprst_rise_second_100: 8.305152e-05
caprst_rise_second_125: 8.305152e-05
caprst_rise_second_20: 8.130152e-05
caprst_rise_second_40: 8.130152e-05
caprst_rise_second_60: 8.280152e-05
caprst_rise_second_80: 8.445152e-05
ipc_setupincluded_-20: -9.978185e-05
ipc_setupincluded_-40: -9.690234e-05
ipc_setupincluded_0: -0.0001017145
ipc_setupincluded_100: -0.0001114374
ipc_setupincluded_125: -0.0001148298
ipc_setupincluded_20: -0.0001035427
ipc_setupincluded_40: -0.0001053893
ipc_setupincluded_60: -0.0001072811
ipc_setupincluded_80: -0.000109037
iptat_first_-20: 6.750812e-06
iptat_first_-40: 6.309249e-06
iptat_first_0: 7.167926e-06
iptat_first_100: 8.978294e-06
iptat_first_125: 9.362872e-06
iptat_first_20: 7.566609e-06
iptat_first_40: 7.942631e-06
iptat_first_60: 8.305624e-06
iptat_first_80: 8.648971e-06
iptat_second_-20: 4.821901e-06
iptat_second_-40: 4.370693e-06
iptat_second_0: 5.266966e-06
iptat_second_100: 7.261186e-06
iptat_second_125: 7.678665e-06
iptat_second_20: 5.701159e-06
iptat_second_40: 6.125277e-06
iptat_second_60: 6.525753e-06
iptat_second_80: 6.906568e-06
pwrup_fall_-20: 8.150152e-05
pwrup_fall_-40: 8.675152e-05
pwrup_fall_0: 8.130152e-05
pwrup_fall_100: 8.310152e-05
pwrup_fall_125: 8.310152e-05
pwrup_fall_20: 8.135152e-05
pwrup_fall_40: 8.135152e-05
pwrup_fall_60: 8.285152e-05
pwrup_fall_80: 8.450152e-05
pwrup_rise_-20: 2.5152e-07
pwrup_rise_-40: 2.5152e-07
pwrup_rise_0: 2.5152e-07
pwrup_rise_100: 2.5152e-07
pwrup_rise_125: 2.5152e-07
pwrup_rise_20: 2.5152e-07
pwrup_rise_40: 2.5152e-07
pwrup_rise_60: 2.5152e-07
pwrup_rise_80: 2.5152e-07
tmpcount1_-20: 0.162
tmpcount1_-40: 0.217
tmpcount1_0: 0.168
tmpcount1_100: 0.199
tmpcount1_125: 0.206
tmpcount1_20: 0.174
tmpcount1_40: 0.181
tmpcount1_60: 0.187
tmpcount1_80: 0.22
tmpcount2_-20: 0.113
tmpcount2_-40: 0.108
tmpcount2_0: 0.123
tmpcount2_100: 0.164
tmpcount2_125: 0.172
tmpcount2_20: 0.131
tmpcount2_40: 0.139
tmpcount2_60: 0.15
tmpcount2_80: 0.155
