caprst_fall_first_-20: 5.315152e-05
caprst_fall_first_-40: 5.350152e-05
caprst_fall_first_0: 5.300152e-05
caprst_fall_first_100: 5.480152e-05
caprst_fall_first_125: 5.550152e-05
caprst_fall_first_20: 5.295152e-05
caprst_fall_first_40: 5.285152e-05
caprst_fall_first_60: 5.280152e-05
caprst_fall_first_80: 5.465152e-05
caprst_fall_second_-20: 7.295152e-05
caprst_fall_second_-40: 7.325152e-05
caprst_fall_second_0: 7.225152e-05
caprst_fall_second_100: 7.400152e-05
caprst_fall_second_125: 7.490152e-05
caprst_fall_second_20: 7.215152e-05
caprst_fall_second_40: 7.205152e-05
caprst_fall_second_60: 7.205152e-05
caprst_fall_second_80: 7.385152e-05
caprst_rise_first_-20: 6.480152e-05
caprst_rise_first_-40: 6.485152e-05
caprst_rise_first_0: 6.435152e-05
caprst_rise_first_100: 6.615152e-05
caprst_rise_first_125: 6.690152e-05
caprst_rise_first_20: 6.430152e-05
caprst_rise_first_40: 6.420152e-05
caprst_rise_first_60: 6.420152e-05
caprst_rise_first_80: 6.600152e-05
caprst_rise_second_-20: 8.430152e-05
caprst_rise_second_-40: 8.460152e-05
caprst_rise_second_0: 8.360152e-05
caprst_rise_second_100: 8.535152e-05
caprst_rise_second_125: 8.630152e-05
caprst_rise_second_20: 8.350152e-05
caprst_rise_second_40: 8.340152e-05
caprst_rise_second_60: 8.420152e-05
caprst_rise_second_80: 8.520152e-05
ipc_setupincluded_-20: -9.796189e-05
ipc_setupincluded_-40: -9.59324e-05
ipc_setupincluded_0: -9.99915e-05
ipc_setupincluded_100: -0.0001084284
ipc_setupincluded_125: -0.000110868
ipc_setupincluded_20: -0.0001017609
ipc_setupincluded_40: -0.0001034565
ipc_setupincluded_60: -0.0001050605
ipc_setupincluded_80: -0.0001067543
iptat_first_-20: 7.026933e-06
iptat_first_-40: 6.554798e-06
iptat_first_0: 7.496618e-06
iptat_first_100: 9.699236e-06
iptat_first_125: 1.019757e-05
iptat_first_20: 7.960139e-06
iptat_first_40: 8.413335e-06
iptat_first_60: 8.851396e-06
iptat_first_80: 9.281177e-06
iptat_second_-20: 4.829149e-06
iptat_second_-40: 4.405175e-06
iptat_second_0: 5.233414e-06
iptat_second_100: 6.877645e-06
iptat_second_125: 7.171457e-06
iptat_second_20: 5.616961e-06
iptat_second_40: 5.979949e-06
iptat_second_60: 6.309537e-06
iptat_second_80: 6.609983e-06
pwrup_fall_-20: 8.435152e-05
pwrup_fall_-40: 8.465152e-05
pwrup_fall_0: 8.365152e-05
pwrup_fall_100: 8.540152e-05
pwrup_fall_125: 8.635152e-05
pwrup_fall_20: 8.355152e-05
pwrup_fall_40: 8.345152e-05
pwrup_fall_60: 8.425152e-05
pwrup_fall_80: 8.525152e-05
pwrup_rise_-20: 2.5152e-07
pwrup_rise_-40: 2.5152e-07
pwrup_rise_0: 2.5152e-07
pwrup_rise_100: 2.5152e-07
pwrup_rise_125: 2.5152e-07
pwrup_rise_20: 2.5152e-07
pwrup_rise_40: 2.5152e-07
pwrup_rise_60: 2.5152e-07
pwrup_rise_80: 2.5152e-07
tmpcount1_-20: 0.168
tmpcount1_-40: 0.157
tmpcount1_0: 0.171
tmpcount1_100: 0.21
tmpcount1_125: 0.22
tmpcount1_20: 0.178
tmpcount1_40: 0.186
tmpcount1_60: 0.195
tmpcount1_80: 0.203
tmpcount2_-20: 0.111
tmpcount2_-40: 0.104
tmpcount2_0: 0.118
tmpcount2_100: 0.151
tmpcount2_125: 0.157
tmpcount2_20: 0.126
tmpcount2_40: 0.133
tmpcount2_60: 0.149
tmpcount2_80: 0.145
