caprst_fall_first_-20: 5.280152e-05
caprst_fall_first_-40: 5.295152e-05
caprst_fall_first_0: 5.270152e-05
caprst_fall_first_100: 5.290152e-05
caprst_fall_first_125: 5.305152e-05
caprst_fall_first_20: 5.270152e-05
caprst_fall_first_40: 5.265152e-05
caprst_fall_first_60: 5.280152e-05
caprst_fall_first_80: 5.280152e-05
caprst_fall_second_-20: 7.160152e-05
caprst_fall_second_-40: 7.175152e-05
caprst_fall_second_0: 7.150152e-05
caprst_fall_second_100: 7.170152e-05
caprst_fall_second_125: 7.185152e-05
caprst_fall_second_20: 7.150152e-05
caprst_fall_second_40: 7.145152e-05
caprst_fall_second_60: 7.160152e-05
caprst_fall_second_80: 7.160152e-05
caprst_rise_first_-20: 6.415152e-05
caprst_rise_first_-40: 6.430152e-05
caprst_rise_first_0: 6.405152e-05
caprst_rise_first_100: 6.425152e-05
caprst_rise_first_125: 6.440152e-05
caprst_rise_first_20: 6.405152e-05
caprst_rise_first_40: 6.400152e-05
caprst_rise_first_60: 6.415152e-05
caprst_rise_first_80: 6.415152e-05
caprst_rise_second_-20: 8.350152e-05
caprst_rise_second_-40: 8.310152e-05
caprst_rise_second_0: 8.285152e-05
caprst_rise_second_100: 8.305152e-05
caprst_rise_second_125: 8.335152e-05
caprst_rise_second_20: 8.285152e-05
caprst_rise_second_40: 8.280152e-05
caprst_rise_second_60: 8.300152e-05
caprst_rise_second_80: 8.295152e-05
ipc_setupincluded_-20: -9.045766e-05
ipc_setupincluded_-40: -8.855046e-05
ipc_setupincluded_0: -9.260064e-05
ipc_setupincluded_100: -0.0001043089
ipc_setupincluded_125: -0.0001084285
ipc_setupincluded_20: -9.460004e-05
ipc_setupincluded_40: -9.66993e-05
ipc_setupincluded_60: -9.893547e-05
ipc_setupincluded_80: -0.000101431
iptat_first_-20: 6.600529e-06
iptat_first_-40: 6.137536e-06
iptat_first_0: 7.057207e-06
iptat_first_100: 8.969633e-06
iptat_first_125: 9.326337e-06
iptat_first_20: 7.491911e-06
iptat_first_40: 7.909906e-06
iptat_first_60: 8.298551e-06
iptat_first_80: 8.648722e-06
iptat_second_-20: 5.226735e-06
iptat_second_-40: 4.789023e-06
iptat_second_0: 5.648296e-06
iptat_second_100: 7.616702e-06
iptat_second_125: 8.072535e-06
iptat_second_20: 6.062797e-06
iptat_second_40: 6.462741e-06
iptat_second_60: 6.855953e-06
iptat_second_80: 7.241294e-06
pwrup_fall_-20: 8.355152e-05
pwrup_fall_-40: 8.315152e-05
pwrup_fall_0: 8.290152e-05
pwrup_fall_100: 8.310152e-05
pwrup_fall_125: 8.340152e-05
pwrup_fall_20: 8.290152e-05
pwrup_fall_40: 8.285152e-05
pwrup_fall_60: 8.305152e-05
pwrup_fall_80: 8.300152e-05
pwrup_rise_-20: 2.5152e-07
pwrup_rise_-40: 2.5152e-07
pwrup_rise_0: 2.5152e-07
pwrup_rise_100: 2.5152e-07
pwrup_rise_125: 2.5152e-07
pwrup_rise_20: 2.5152e-07
pwrup_rise_40: 2.5152e-07
pwrup_rise_60: 2.5152e-07
pwrup_rise_80: 2.5152e-07
tmpcount1_-20: 0.151
tmpcount1_-40: 0.145
tmpcount1_0: 0.16
tmpcount1_100: 0.194
tmpcount1_125: 0.199
tmpcount1_20: 0.166
tmpcount1_40: 0.174
tmpcount1_60: 0.181
tmpcount1_80: 0.186
tmpcount2_-20: 0.125
tmpcount2_-40: 0.112
tmpcount2_0: 0.127
tmpcount2_100: 0.165
tmpcount2_125: 0.175
tmpcount2_20: 0.134
tmpcount2_40: 0.141
tmpcount2_60: 0.152
tmpcount2_80: 0.157
