ivdd_-20: -0.0001128521
ivdd_-40: -0.0001116658
ivdd_0: -0.0001150327
ivdd_100: -0.0001141105
ivdd_125: -0.0001126931
ivdd_20: -0.0001167766
ivdd_40: -0.0001185434
ivdd_60: -0.0001163487
ivdd_80: -0.0001142389
vn_-20: 0.8068721
vn_-40: 0.8384621
vn_0: 0.7746287
vn_100: 0.6045538
vn_125: 0.5599883
vn_20: 0.7418243
vn_40: 0.7083477
vn_60: 0.6742131
vn_80: 0.6396313
vp_-20: 0.8067162
vp_-40: 0.8381308
vp_0: 0.7744243
vp_100: 0.6038889
vp_125: 0.5592587
vp_20: 0.741604
vp_40: 0.7081416
vp_60: 0.673798
vp_80: 0.6390731
vref_-20: 0.6146813
vref_-40: 0.6149232
vref_0: 0.6150622
vref_100: 0.6146408
vref_125: 0.6136567
vref_20: 0.6154231
vref_40: 0.6155944
vref_60: 0.6155155
vref_80: 0.6151055
