ivdd_-20: -0.0001239456
ivdd_-40: -0.0001249092
ivdd_0: -0.0001245945
ivdd_100: -0.0001259048
ivdd_125: -0.0001417407
ivdd_20: -0.000124903
ivdd_40: -0.0001251272
ivdd_60: -0.0001254933
ivdd_80: -0.0001255282
vn_-20: 0.8063537
vn_-40: 0.8380833
vn_0: 0.7739929
vn_100: 0.6034366
vn_125: 0.5591845
vn_20: 0.7409718
vn_40: 0.7073938
vn_60: 0.6732857
vn_80: 0.6386026
vp_-20: 0.8060798
vp_-40: 0.8379139
vp_0: 0.7736582
vp_100: 0.6029424
vp_125: 0.5592515
vp_20: 0.7405196
vp_40: 0.7068451
vp_60: 0.6726588
vp_80: 0.6378196
vref_-20: 0.6118969
vref_-40: 0.6112171
vref_0: 0.6126126
vref_100: 0.611372
vref_125: 0.6150293
vref_20: 0.6127554
vref_40: 0.6127208
vref_60: 0.6127385
vref_80: 0.612091
