ivdd_-20: -0.0001169619
ivdd_-40: -0.0001158397
ivdd_0: -0.0001183448
ivdd_100: -0.0001323787
ivdd_125: -0.0001356058
ivdd_20: -0.0001206052
ivdd_40: -0.0001226709
ivdd_60: -0.0001261319
ivdd_80: -0.0001281727
vn_-20: 0.8070704
vn_-40: 0.8384946
vn_0: 0.7747018
vn_100: 0.6047338
vn_125: 0.5601563
vn_20: 0.7418435
vn_40: 0.7083929
vn_60: 0.6743254
vn_80: 0.6397416
vp_-20: 0.8069229
vp_-40: 0.8380712
vp_0: 0.7745227
vp_100: 0.6041774
vp_125: 0.5595856
vp_20: 0.7416365
vp_40: 0.7081696
vp_60: 0.6740109
vp_80: 0.6393334
vref_-20: 0.6168034
vref_-40: 0.6158386
vref_0: 0.617081
vref_100: 0.6164818
vref_125: 0.6154396
vref_20: 0.6173426
vref_40: 0.6175679
vref_60: 0.617314
vref_80: 0.6170264
