ivdd_-20: -0.0001203356
ivdd_-40: -0.0001194745
ivdd_0: -0.0001214594
ivdd_100: -0.0001218655
ivdd_125: -0.000120089
ivdd_20: -0.0001216377
ivdd_40: -0.0001237412
ivdd_60: -0.000125544
ivdd_80: -0.0001225742
vn_-20: 0.806825
vn_-40: 0.8383752
vn_0: 0.7745621
vn_100: 0.6045897
vn_125: 0.5599339
vn_20: 0.7417453
vn_40: 0.7082921
vn_60: 0.674266
vn_80: 0.6396856
vp_-20: 0.8063274
vp_-40: 0.8378814
vp_0: 0.7739746
vp_100: 0.6040035
vp_125: 0.559427
vp_20: 0.7411992
vp_40: 0.7077247
vp_60: 0.6736819
vp_80: 0.6390721
vref_-20: 0.612797
vref_-40: 0.611896
vref_0: 0.6130387
vref_100: 0.6126387
vref_125: 0.6116798
vref_20: 0.6136566
vref_40: 0.6137257
vref_60: 0.613483
vref_80: 0.6131187
