ivdd_-20: -0.0001059856
ivdd_-40: -0.0001040567
ivdd_0: -0.0001081086
ivdd_100: -0.0001091312
ivdd_125: -0.000111872
ivdd_20: -0.0001082285
ivdd_40: -0.0001080649
ivdd_60: -0.0001078993
ivdd_80: -0.000108251
vn_-20: 0.8070351
vn_-40: 0.8385308
vn_0: 0.7746861
vn_100: 0.6047312
vn_125: 0.5600411
vn_20: 0.7418258
vn_40: 0.7083855
vn_60: 0.6744366
vn_80: 0.6398667
vp_-20: 0.8068116
vp_-40: 0.8381932
vp_0: 0.7745113
vp_100: 0.6044723
vp_125: 0.5597025
vp_20: 0.7415643
vp_40: 0.7080151
vp_60: 0.6740734
vp_80: 0.6394844
vref_-20: 0.6171617
vref_-40: 0.6164179
vref_0: 0.6175011
vref_100: 0.6160405
vref_125: 0.6149411
vref_20: 0.6175138
vref_40: 0.6174653
vref_60: 0.6172319
vref_80: 0.6167692
