ivdd_-20: -9.227978e-05
ivdd_-40: -9.135818e-05
ivdd_0: -9.313503e-05
ivdd_100: -9.329693e-05
ivdd_125: -9.241366e-05
ivdd_20: -9.365053e-05
ivdd_40: -9.401413e-05
ivdd_60: -9.363521e-05
ivdd_80: -9.368482e-05
vn_-20: 0.8071841
vn_-40: 0.8383779
vn_0: 0.7752591
vn_100: 0.6066441
vn_125: 0.5624332
vn_20: 0.7427066
vn_40: 0.7095485
vn_60: 0.6758598
vn_80: 0.6415141
vp_-20: 0.8068368
vp_-40: 0.8382373
vp_0: 0.7751046
vp_100: 0.6063217
vp_125: 0.5618662
vp_20: 0.7425062
vp_40: 0.7093345
vp_60: 0.6755775
vp_80: 0.6412759
vref_-20: 0.6209379
vref_-40: 0.6233499
vref_0: 0.6186193
vref_100: 0.6170048
vref_125: 0.6160927
vref_20: 0.617787
vref_40: 0.6177848
vref_60: 0.617687
vref_80: 0.6174247
