ivdd_-20: -0.000138169
ivdd_-40: -0.000136945
ivdd_0: -0.000142468
ivdd_100: -0.0001482553
ivdd_125: -0.0001447879
ivdd_20: -0.0001483887
ivdd_40: -0.0001499887
ivdd_60: -0.0001476621
ivdd_80: -0.0001441782
vn_-20: 0.8064604
vn_-40: 0.8381094
vn_0: 0.7739711
vn_100: 0.6033965
vn_125: 0.558618
vn_20: 0.7410463
vn_40: 0.7074469
vn_60: 0.6732931
vn_80: 0.63859
vp_-20: 0.8060355
vp_-40: 0.8376596
vp_0: 0.773512
vp_100: 0.6028822
vp_125: 0.5579255
vp_20: 0.7408049
vp_40: 0.7071199
vp_60: 0.6728852
vp_80: 0.6380941
vref_-20: 0.6120473
vref_-40: 0.6109142
vref_0: 0.6124124
vref_100: 0.6121394
vref_125: 0.6107614
vref_20: 0.6127968
vref_40: 0.6129283
vref_60: 0.612675
vref_80: 0.6122566
