ivdd_-20: -8.294787e-05
ivdd_-40: -7.687999e-05
ivdd_0: -8.963205e-05
ivdd_100: -0.0001153782
ivdd_125: -0.0001144407
ivdd_20: -9.721795e-05
ivdd_40: -0.0001037449
ivdd_60: -0.0001083123
ivdd_80: -0.0001121203
vn_-20: 0.8056887
vn_-40: 0.8365129
vn_0: 0.7740337
vn_100: 0.6043343
vn_125: 0.5597312
vn_20: 0.7412814
vn_40: 0.7079202
vn_60: 0.6739638
vn_80: 0.6394115
vp_-20: 0.8039217
vp_-40: 0.8338804
vp_0: 0.7738439
vp_100: 0.6029503
vp_125: 0.5584193
vp_20: 0.7411375
vp_40: 0.707731
vp_60: 0.6722191
vp_80: 0.6378903
vref_-20: 0.6078025
vref_-40: 0.6058025
vref_0: 0.6097227
vref_100: 0.6108021
vref_125: 0.6096842
vref_20: 0.6104214
vref_40: 0.6110821
vref_60: 0.6113937
vref_80: 0.6111848
