ivdd_-20: -8.176847e-05
ivdd_-40: -7.73073e-05
ivdd_0: -8.55783e-05
ivdd_100: -0.0001062652
ivdd_125: -0.0001068872
ivdd_20: -9.318706e-05
ivdd_40: -9.852543e-05
ivdd_60: -0.0001013444
ivdd_80: -0.0001041289
vn_-20: 0.8032045
vn_-40: 0.8341454
vn_0: 0.769179
vn_100: 0.6027185
vn_125: 0.5583964
vn_20: 0.7390355
vn_40: 0.7060102
vn_60: 0.6699264
vn_80: 0.635578
vp_-20: 0.8052483
vp_-40: 0.8352149
vp_0: 0.7681063
vp_100: 0.6026074
vp_125: 0.5585149
vp_20: 0.7402966
vp_40: 0.7070686
vp_60: 0.6697761
vp_80: 0.6350467
vref_-20: 0.6040388
vref_-40: 0.6013617
vref_0: 0.605666
vref_100: 0.6107442
vref_125: 0.6111532
vref_20: 0.6073992
vref_40: 0.6081997
vref_60: 0.6099327
vref_80: 0.6104683
