ivdd_-20: -8.129588e-05
ivdd_-40: -7.679748e-05
ivdd_0: -8.777291e-05
ivdd_100: -0.0001070628
ivdd_125: -0.0001078444
ivdd_20: -9.431444e-05
ivdd_40: -9.923068e-05
ivdd_60: -0.0001035914
ivdd_80: -0.000105522
vn_-20: 0.8067496
vn_-40: 0.8382332
vn_0: 0.7746319
vn_100: 0.6043167
vn_125: 0.5597396
vn_20: 0.7417778
vn_40: 0.7082742
vn_60: 0.6742634
vn_80: 0.6393931
vp_-20: 0.8073491
vp_-40: 0.8388338
vp_0: 0.7751703
vp_100: 0.6047911
vp_125: 0.5601614
vp_20: 0.7421959
vp_40: 0.7071591
vp_60: 0.6732683
vp_80: 0.639973
vref_-20: 0.6213886
vref_-40: 0.6210637
vref_0: 0.622477
vref_100: 0.6229281
vref_125: 0.6221163
vref_20: 0.6227475
vref_40: 0.6234075
vref_60: 0.6234657
vref_80: 0.6231922
