ivdd_-20: -8.057575e-05
ivdd_-40: -7.489323e-05
ivdd_0: -8.513826e-05
ivdd_100: -0.0001049317
ivdd_125: -0.0001051714
ivdd_20: -9.102021e-05
ivdd_40: -9.595336e-05
ivdd_60: -0.0001014303
ivdd_80: -0.0001039163
vn_-20: 0.7991671
vn_-40: 0.8248975
vn_0: 0.7651216
vn_100: 0.6005176
vn_125: 0.556072
vn_20: 0.7330828
vn_40: 0.700256
vn_60: 0.6700575
vn_80: 0.635525
vp_-20: 0.8016219
vp_-40: 0.8260642
vp_0: 0.764465
vp_100: 0.6027831
vp_125: 0.5585487
vp_20: 0.7323799
vp_40: 0.6993068
vp_60: 0.6712681
vp_80: 0.6375259
vref_-20: 0.5953637
vref_-40: 0.5859182
vref_0: 0.5991639
vref_100: 0.6068374
vref_125: 0.6071137
vref_20: 0.6017094
vref_40: 0.6041248
vref_60: 0.6049987
vref_80: 0.6065275
