ivdd_-20: -8.456232e-05
ivdd_-40: -8.027672e-05
ivdd_0: -8.97822e-05
ivdd_100: -0.0001058648
ivdd_125: -0.0001055897
ivdd_20: -9.569941e-05
ivdd_40: -0.0001005046
ivdd_60: -0.0001039584
ivdd_80: -0.0001052919
vn_-20: 0.8050913
vn_-40: 0.8374571
vn_0: 0.7735303
vn_100: 0.603774
vn_125: 0.5593036
vn_20: 0.7409033
vn_40: 0.7075483
vn_60: 0.6736432
vn_80: 0.6394958
vp_-20: 0.806406
vp_-40: 0.8368188
vp_0: 0.7719715
vp_100: 0.6044225
vp_125: 0.5596964
vp_20: 0.7411533
vp_40: 0.7075114
vp_60: 0.6735191
vp_80: 0.6380589
vref_-20: 0.6123179
vref_-40: 0.6106861
vref_0: 0.6128589
vref_100: 0.613865
vref_125: 0.6137265
vref_20: 0.6136714
vref_40: 0.6138804
vref_60: 0.6143372
vref_80: 0.6143222
