ivdd_-20: -8.497337e-05
ivdd_-40: -7.987044e-05
ivdd_0: -9.09566e-05
ivdd_100: -0.000112096
ivdd_125: -0.0001124406
ivdd_20: -9.763914e-05
ivdd_40: -0.0001034683
ivdd_60: -0.0001078547
ivdd_80: -0.0001109288
vn_-20: 0.8079145
vn_-40: 0.8394262
vn_0: 0.7757061
vn_100: 0.6056684
vn_125: 0.561038
vn_20: 0.7429078
vn_40: 0.7094714
vn_60: 0.6754285
vn_80: 0.6407473
vp_-20: 0.8085618
vp_-40: 0.8384456
vp_0: 0.7748938
vp_100: 0.6061339
vp_125: 0.5613506
vp_20: 0.7422121
vp_40: 0.7087903
vp_60: 0.674383
vp_80: 0.6412718
vref_-20: 0.6183937
vref_-40: 0.6169365
vref_0: 0.6190394
vref_100: 0.6205183
vref_125: 0.6195523
vref_20: 0.6200748
vref_40: 0.6205832
vref_60: 0.6204688
vref_80: 0.6205528
