ivdd_-20: -8.455684e-05
ivdd_-40: -7.844427e-05
ivdd_0: -8.990651e-05
ivdd_100: -0.0001068423
ivdd_125: -0.0001054318
ivdd_20: -9.581722e-05
ivdd_40: -0.0001004635
ivdd_60: -0.0001040965
ivdd_80: -0.0001061963
vn_-20: 0.8062158
vn_-40: 0.8358125
vn_0: 0.7742097
vn_100: 0.6043936
vn_125: 0.5586079
vn_20: 0.7414391
vn_40: 0.7078291
vn_60: 0.6740411
vn_80: 0.6394915
vp_-20: 0.8094835
vp_-40: 0.8343532
vp_0: 0.7763849
vp_100: 0.6045563
vp_125: 0.558766
vp_20: 0.7433451
vp_40: 0.7088669
vp_60: 0.6742763
vp_80: 0.6396887
vref_-20: 0.6308677
vref_-40: 0.6318162
vref_0: 0.6298565
vref_100: 0.6274592
vref_125: 0.6257119
vref_20: 0.6297477
vref_40: 0.6293819
vref_60: 0.628779
vref_80: 0.6282707
