ivdd_-20: -8.336588e-05
ivdd_-40: -7.880213e-05
ivdd_0: -8.962222e-05
ivdd_100: -0.0001082162
ivdd_125: -0.000108618
ivdd_20: -9.526469e-05
ivdd_40: -0.0001006813
ivdd_60: -0.0001046674
ivdd_80: -0.0001071711
vn_-20: 0.8056312
vn_-40: 0.8366382
vn_0: 0.7738837
vn_100: 0.6038144
vn_125: 0.5591939
vn_20: 0.7408243
vn_40: 0.7074431
vn_60: 0.67344
vn_80: 0.6389194
vp_-20: 0.8053916
vp_-40: 0.8359655
vp_0: 0.7729007
vp_100: 0.6043811
vp_125: 0.5597416
vp_20: 0.7418613
vp_40: 0.7081053
vp_60: 0.6741037
vp_80: 0.6394406
vref_-20: 0.6027699
vref_-40: 0.6010384
vref_0: 0.6042904
vref_100: 0.6055179
vref_125: 0.6045731
vref_20: 0.6053284
vref_40: 0.6053277
vref_60: 0.6058641
vref_80: 0.6056878
