ivdd_-20: -8.312207e-05
ivdd_-40: -7.7619e-05
ivdd_0: -9.008997e-05
ivdd_100: -0.0001109581
ivdd_125: -0.0001114487
ivdd_20: -9.793347e-05
ivdd_40: -0.0001038498
ivdd_60: -0.0001082183
ivdd_80: -0.0001103976
vn_-20: 0.8047865
vn_-40: 0.8365351
vn_0: 0.7730129
vn_100: 0.6029333
vn_125: 0.558718
vn_20: 0.7405371
vn_40: 0.707172
vn_60: 0.6728925
vn_80: 0.6383652
vp_-20: 0.8055937
vp_-40: 0.8368463
vp_0: 0.7718172
vp_100: 0.6029327
vp_125: 0.5597588
vp_20: 0.741811
vp_40: 0.7081548
vp_60: 0.6725868
vp_80: 0.6381613
vref_-20: 0.6180397
vref_-40: 0.617602
vref_0: 0.618649
vref_100: 0.6206251
vref_125: 0.6199603
vref_20: 0.619587
vref_40: 0.6200964
vref_60: 0.6201184
vref_80: 0.6204866
