ivdd_-20: -8.424123e-05
ivdd_-40: -7.850264e-05
ivdd_0: -9.168059e-05
ivdd_100: -0.0001127665
ivdd_125: -0.0001125038
ivdd_20: -9.832263e-05
ivdd_40: -0.0001044016
ivdd_60: -0.0001089773
ivdd_80: -0.0001115948
vn_-20: 0.807405
vn_-40: 0.838796
vn_0: 0.7750566
vn_100: 0.6048088
vn_125: 0.5600852
vn_20: 0.7421594
vn_40: 0.7086466
vn_60: 0.6746129
vn_80: 0.6399931
vp_-20: 0.8066707
vp_-40: 0.8396623
vp_0: 0.7755254
vp_100: 0.6046353
vp_125: 0.5597885
vp_20: 0.7424455
vp_40: 0.7087405
vp_60: 0.6746407
vp_80: 0.6399042
vref_-20: 0.6160377
vref_-40: 0.6158522
vref_0: 0.6150337
vref_100: 0.6125195
vref_125: 0.610761
vref_20: 0.6149356
vref_40: 0.6144324
vref_60: 0.6142614
vref_80: 0.6135187
