ivdd_-20: -8.439373e-05
ivdd_-40: -7.821416e-05
ivdd_0: -8.873562e-05
ivdd_100: -0.0001050202
ivdd_125: -0.0001054695
ivdd_20: -9.500094e-05
ivdd_40: -9.976324e-05
ivdd_60: -0.0001030933
ivdd_80: -0.0001042052
vn_-20: 0.8061579
vn_-40: 0.8353337
vn_0: 0.7724733
vn_100: 0.6034451
vn_125: 0.5594027
vn_20: 0.7410652
vn_40: 0.7077509
vn_60: 0.673829
vn_80: 0.6385004
vp_-20: 0.8084226
vp_-40: 0.8331561
vp_0: 0.7705167
vp_100: 0.6015331
vp_125: 0.5600435
vp_20: 0.7422907
vp_40: 0.7088838
vp_60: 0.6746397
vp_80: 0.6366674
vref_-20: 0.6069381
vref_-40: 0.6067181
vref_0: 0.607173
vref_100: 0.6088624
vref_125: 0.6088751
vref_20: 0.6079745
vref_40: 0.608697
vref_60: 0.6090666
vref_80: 0.6092647
