ivdd_-20: -8.682992e-05
ivdd_-40: -8.161319e-05
ivdd_0: -9.208992e-05
ivdd_100: -0.0001055114
ivdd_125: -0.0001050797
ivdd_20: -9.754302e-05
ivdd_40: -0.0001015713
ivdd_60: -0.0001042749
ivdd_80: -0.0001053282
vn_-20: 0.8048338
vn_-40: 0.835277
vn_0: 0.7731685
vn_100: 0.6036954
vn_125: 0.5590811
vn_20: 0.7404236
vn_40: 0.7073689
vn_60: 0.6733572
vn_80: 0.6387814
vp_-20: 0.8064339
vp_-40: 0.835824
vp_0: 0.773985
vp_100: 0.6022993
vp_125: 0.5574328
vp_20: 0.7408368
vp_40: 0.7060602
vp_60: 0.6720455
vp_80: 0.6374794
vref_-20: 0.6088859
vref_-40: 0.6085505
vref_0: 0.6092756
vref_100: 0.6090989
vref_125: 0.6081691
vref_20: 0.609673
vref_40: 0.6097529
vref_60: 0.6096803
vref_80: 0.6093611
