caprst_fall_first_-20: 4.615152e-05
caprst_fall_first_-40: 4.630152e-05
caprst_fall_first_0: 4.755152e-05
caprst_fall_first_100: 4.800152e-05
caprst_fall_first_125: 5.175152e-05
caprst_fall_first_20: 4.755152e-05
caprst_fall_first_40: 4.760152e-05
caprst_fall_first_60: 4.770152e-05
caprst_fall_first_80: 4.790152e-05
caprst_fall_second_-20: 0.0001032515
caprst_fall_second_-40: 0.0001034015
caprst_fall_second_0: 0.0001045015
caprst_fall_second_100: 0.0001051515
caprst_fall_second_125: 0.0001087015
caprst_fall_second_20: 0.0001049515
caprst_fall_second_40: 0.0001045515
caprst_fall_second_60: 0.0001046515
caprst_fall_second_80: 0.0001048515
caprst_rise_first_-20: 6.635152e-05
caprst_rise_first_-40: 6.650152e-05
caprst_rise_first_0: 6.760152e-05
caprst_rise_first_100: 6.825152e-05
caprst_rise_first_125: 7.180152e-05
caprst_rise_first_20: 6.805152e-05
caprst_rise_first_40: 6.765152e-05
caprst_rise_first_60: 6.775152e-05
caprst_rise_first_80: 6.795152e-05
caprst_rise_second_-20: 0.0001238015
caprst_rise_second_-40: 0.0001237015
caprst_rise_second_0: 0.0001246515
caprst_rise_second_100: 0.0001256515
caprst_rise_second_125: 0.0001287515
caprst_rise_second_20: 0.0001250515
caprst_rise_second_40: 0.0001246015
caprst_rise_second_60: 0.0001250515
caprst_rise_second_80: 0.0001249015
iptat_first_-20: 6.331619e-06
iptat_first_-40: 5.900734e-06
iptat_first_0: 6.761413e-06
iptat_first_100: 8.432272e-06
iptat_first_125: 8.75549e-06
iptat_first_20: 7.171297e-06
iptat_first_40: 7.542154e-06
iptat_first_60: 7.870309e-06
iptat_first_80: 8.167475e-06
iptat_second_-20: 5.528331e-06
iptat_second_-40: 5.033895e-06
iptat_second_0: 5.956085e-06
iptat_second_100: 8.053168e-06
iptat_second_125: 8.50504e-06
iptat_second_20: 6.411769e-06
iptat_second_40: 6.841049e-06
iptat_second_60: 7.281258e-06
iptat_second_80: 7.665615e-06
tmpcount1_-20: 0.064
tmpcount1_-40: 0.062
tmpcount1_0: 0.068
tmpcount1_100: 0.082
tmpcount1_125: 0.085
tmpcount1_20: 0.072
tmpcount1_40: 0.074
tmpcount1_60: 0.076
tmpcount1_80: 0.08
tmpcount2_-20: 0.057
tmpcount2_-40: 0.053
tmpcount2_0: 0.031
tmpcount2_100: 0.079
tmpcount2_125: 0.082
tmpcount2_20: 0.063
tmpcount2_40: 0.066
tmpcount2_60: 0.072
tmpcount2_80: 0.074
