caprst_fall_first_-20: 4.860152e-05
caprst_fall_first_-40: 4.870152e-05
caprst_fall_first_0: 4.860152e-05
caprst_fall_first_100: 4.915152e-05
caprst_fall_first_125: 5.360152e-05
caprst_fall_first_20: 4.870152e-05
caprst_fall_first_40: 4.875152e-05
caprst_fall_first_60: 4.885152e-05
caprst_fall_first_80: 4.900152e-05
caprst_fall_second_-20: 0.0001055515
caprst_fall_second_-40: 0.0001058015
caprst_fall_second_0: 0.0001057515
caprst_fall_second_100: 0.0001061015
caprst_fall_second_125: 0.0001105515
caprst_fall_second_20: 0.0001056515
caprst_fall_second_40: 0.0001060015
caprst_fall_second_60: 0.0001060015
caprst_fall_second_80: 0.0001063015
caprst_rise_first_-20: 6.865152e-05
caprst_rise_first_-40: 6.890152e-05
caprst_rise_first_0: 6.885152e-05
caprst_rise_first_100: 6.920152e-05
caprst_rise_first_125: 7.365152e-05
caprst_rise_first_20: 6.875152e-05
caprst_rise_first_40: 6.910152e-05
caprst_rise_first_60: 6.910152e-05
caprst_rise_first_80: 6.940152e-05
caprst_rise_second_-20: 0.0001256015
caprst_rise_second_-40: 0.0001261015
caprst_rise_second_0: 0.0001258515
caprst_rise_second_100: 0.0001263515
caprst_rise_second_125: 0.0001310015
caprst_rise_second_20: 0.0001257015
caprst_rise_second_40: 0.0001260515
caprst_rise_second_60: 0.0001263015
caprst_rise_second_80: 0.0001268515
iptat_first_-20: 6.09055e-06
iptat_first_-40: 5.642272e-06
iptat_first_0: 6.521804e-06
iptat_first_100: 8.163256e-06
iptat_first_125: 8.740605e-06
iptat_first_20: 6.946778e-06
iptat_first_40: 7.324873e-06
iptat_first_60: 7.710302e-06
iptat_first_80: 8.020225e-06
iptat_second_-20: 5.663907e-06
iptat_second_-40: 5.198069e-06
iptat_second_0: 6.084066e-06
iptat_second_100: 8.026507e-06
iptat_second_125: 8.469665e-06
iptat_second_20: 6.522898e-06
iptat_second_40: 6.915066e-06
iptat_second_60: 7.32177e-06
iptat_second_80: 7.656678e-06
tmpcount1_-20: 0.064
tmpcount1_-40: 0.061
tmpcount1_0: 0.066
tmpcount1_100: 0.081
tmpcount1_125: 0.085
tmpcount1_20: 0.069
tmpcount1_40: 0.074
tmpcount1_60: 0.076
tmpcount1_80: 0.079
tmpcount2_-20: 0.059
tmpcount2_-40: 0.057
tmpcount2_0: 0.031
tmpcount2_100: 0.081
tmpcount2_125: 0.086
tmpcount2_20: 0.066
tmpcount2_40: 0.068
tmpcount2_60: 0.073
tmpcount2_80: 0.078
