caprst_fall_first_-20: 4.520152e-05
caprst_fall_first_-40: 4.520152e-05
caprst_fall_first_0: 4.525152e-05
caprst_fall_first_100: 4.585152e-05
caprst_fall_first_125: 4.655152e-05
caprst_fall_first_20: 4.530152e-05
caprst_fall_first_40: 4.540152e-05
caprst_fall_first_60: 4.555152e-05
caprst_fall_first_80: 4.570152e-05
caprst_fall_second_-20: 0.0001021515
caprst_fall_second_-40: 0.0001021515
caprst_fall_second_0: 0.0001023515
caprst_fall_second_100: 0.0001029515
caprst_fall_second_125: 0.0001042015
caprst_fall_second_20: 0.0001025015
caprst_fall_second_40: 0.0001025015
caprst_fall_second_60: 0.0001025515
caprst_fall_second_80: 0.0001028515
caprst_rise_first_-20: 6.525152e-05
caprst_rise_first_-40: 6.525152e-05
caprst_rise_first_0: 6.545152e-05
caprst_rise_first_100: 6.590152e-05
caprst_rise_first_125: 6.660152e-05
caprst_rise_first_20: 6.560152e-05
caprst_rise_first_40: 6.560152e-05
caprst_rise_first_60: 6.560152e-05
caprst_rise_first_80: 6.575152e-05
caprst_rise_second_-20: 0.0001225015
caprst_rise_second_-40: 0.0001222015
caprst_rise_second_0: 0.0001226515
caprst_rise_second_100: 0.0001231515
caprst_rise_second_125: 0.0001242515
caprst_rise_second_20: 0.0001230015
caprst_rise_second_40: 0.0001228515
caprst_rise_second_60: 0.0001226015
caprst_rise_second_80: 0.0001229015
iptat_first_-20: 6.499191e-06
iptat_first_-40: 6.030621e-06
iptat_first_0: 6.963695e-06
iptat_first_100: 9.160013e-06
iptat_first_125: 9.665168e-06
iptat_first_20: 7.427665e-06
iptat_first_40: 7.896621e-06
iptat_first_60: 8.330419e-06
iptat_first_80: 8.734367e-06
iptat_second_-20: 5.320347e-06
iptat_second_-40: 4.882856e-06
iptat_second_0: 5.707979e-06
iptat_second_100: 7.359727e-06
iptat_second_125: 7.664227e-06
iptat_second_20: 6.107301e-06
iptat_second_40: 6.433655e-06
iptat_second_60: 6.812941e-06
iptat_second_80: 7.102013e-06
tmpcount1_-20: 0.069
tmpcount1_-40: 0.066
tmpcount1_0: 0.072
tmpcount1_100: 0.089
tmpcount1_125: 0.094
tmpcount1_20: 0.075
tmpcount1_40: 0.078
tmpcount1_60: 0.082
tmpcount1_80: 0.086
tmpcount2_-20: 0.058
tmpcount2_-40: 0.053
tmpcount2_0: 0.031
tmpcount2_100: 0.074
tmpcount2_125: 0.075
tmpcount2_20: 0.064
tmpcount2_40: 0.064
tmpcount2_60: 0.066
tmpcount2_80: 0.069
