ivdd_-10: -3.27957e-05
ivdd_-20: -3.056688e-05
ivdd_-30: -2.794475e-05
ivdd_-40: -2.53345e-05
ivdd_0: -3.491435e-05
ivdd_10: -3.629335e-05
ivdd_100: -4.233669e-05
ivdd_110: -4.268897e-05
ivdd_120: -4.335865e-05
ivdd_125: -4.377451e-05
ivdd_20: -3.737371e-05
ivdd_30: -3.833694e-05
ivdd_40: -3.84062e-05
ivdd_50: -4.005912e-05
ivdd_60: -4.002046e-05
ivdd_70: -4.067782e-05
ivdd_80: -4.096546e-05
ivdd_90: -4.19081e-05
vref_-10: 0.525176
vref_-20: 0.5242013
vref_-30: 0.5230142
vref_-40: 0.5192903
vref_0: 0.5249186
vref_10: 0.5250203
vref_100: 0.5187076
vref_110: 0.5164453
vref_120: 0.515782
vref_125: 0.5155392
vref_20: 0.5249016
vref_30: 0.5240762
vref_40: 0.5240427
vref_50: 0.5233978
vref_60: 0.5223684
vref_70: 0.5211255
vref_80: 0.5202393
vref_90: 0.5196224
