ivdd_-10: -3.155759e-05
ivdd_-20: -2.947595e-05
ivdd_-30: -2.640012e-05
ivdd_-40: -2.333892e-05
ivdd_0: -3.384755e-05
ivdd_10: -3.549877e-05
ivdd_100: -4.308626e-05
ivdd_110: -4.386517e-05
ivdd_120: -4.441832e-05
ivdd_125: -4.461284e-05
ivdd_20: -3.734469e-05
ivdd_30: -3.81213e-05
ivdd_40: -3.929279e-05
ivdd_50: -4.002448e-05
ivdd_60: -4.080561e-05
ivdd_70: -4.118752e-05
ivdd_80: -4.181004e-05
ivdd_90: -4.266157e-05
vref_-10: 0.6057366
vref_-20: 0.604981
vref_-30: 0.6031973
vref_-40: 0.6042711
vref_0: 0.6054917
vref_10: 0.6057106
vref_100: 0.6056182
vref_110: 0.6044982
vref_120: 0.603456
vref_125: 0.6032526
vref_20: 0.6056535
vref_30: 0.6052694
vref_40: 0.6060587
vref_50: 0.6062086
vref_60: 0.6063778
vref_70: 0.6042577
vref_80: 0.6046702
vref_90: 0.6050604
