ivdd_-10: -3.107421e-05
ivdd_-20: -2.887738e-05
ivdd_-30: -2.633942e-05
ivdd_-40: -2.369435e-05
ivdd_0: -3.353655e-05
ivdd_10: -3.492946e-05
ivdd_100: -4.248261e-05
ivdd_110: -4.435483e-05
ivdd_120: -4.358786e-05
ivdd_125: -4.396552e-05
ivdd_20: -3.667321e-05
ivdd_30: -3.763312e-05
ivdd_40: -3.798918e-05
ivdd_50: -3.872274e-05
ivdd_60: -4.104985e-05
ivdd_70: -4.086601e-05
ivdd_80: -4.145232e-05
ivdd_90: -4.139619e-05
vref_-10: 0.5656653
vref_-20: 0.5647738
vref_-30: 0.5638584
vref_-40: 0.5623592
vref_0: 0.5662482
vref_10: 0.5658886
vref_100: 0.5599152
vref_110: 0.5616845
vref_120: 0.5591708
vref_125: 0.5587774
vref_20: 0.5663983
vref_30: 0.5659176
vref_40: 0.5651077
vref_50: 0.5648279
vref_60: 0.5645802
vref_70: 0.5630404
vref_80: 0.5626992
vref_90: 0.5612034
