ivdd_-10: -3.260036e-05
ivdd_-20: -3.064609e-05
ivdd_-30: -2.810211e-05
ivdd_-40: -2.485609e-05
ivdd_0: -3.48546e-05
ivdd_10: -3.625475e-05
ivdd_100: -4.454265e-05
ivdd_110: -4.475578e-05
ivdd_120: -4.501504e-05
ivdd_125: -4.538896e-05
ivdd_20: -3.782568e-05
ivdd_30: -3.987644e-05
ivdd_40: -4.03843e-05
ivdd_50: -4.171301e-05
ivdd_60: -4.174983e-05
ivdd_70: -4.22815e-05
ivdd_80: -4.343033e-05
ivdd_90: -4.389565e-05
vref_-10: 0.5721098
vref_-20: 0.5714205
vref_-30: 0.5696781
vref_-40: 0.5693928
vref_0: 0.5733184
vref_10: 0.5734533
vref_100: 0.5766433
vref_110: 0.5767993
vref_120: 0.5766171
vref_125: 0.5768585
vref_20: 0.5737088
vref_30: 0.5749619
vref_40: 0.5754915
vref_50: 0.5760644
vref_60: 0.5760886
vref_70: 0.5764602
vref_80: 0.5768451
vref_90: 0.5767602
