ivdd_-10: -3.187335e-05
ivdd_-20: -2.886824e-05
ivdd_-30: -2.620796e-05
ivdd_-40: -2.332946e-05
ivdd_0: -3.355936e-05
ivdd_10: -3.537473e-05
ivdd_100: -4.411388e-05
ivdd_110: -4.458229e-05
ivdd_120: -4.49667e-05
ivdd_125: -4.568275e-05
ivdd_20: -3.68301e-05
ivdd_30: -3.806707e-05
ivdd_40: -3.905815e-05
ivdd_50: -3.986395e-05
ivdd_60: -4.055984e-05
ivdd_70: -4.180721e-05
ivdd_80: -4.238067e-05
ivdd_90: -4.311465e-05
vref_-10: 0.6491847
vref_-20: 0.6489346
vref_-30: 0.6477133
vref_-40: 0.6478404
vref_0: 0.6470843
vref_10: 0.6486421
vref_100: 0.6460567
vref_110: 0.6450495
vref_120: 0.6438455
vref_125: 0.6437238
vref_20: 0.6480404
vref_30: 0.6477591
vref_40: 0.6471744
vref_50: 0.6471111
vref_60: 0.6465413
vref_70: 0.6482317
vref_80: 0.6467958
vref_90: 0.6460226
