ivdd_-10: -3.074551e-05
ivdd_-20: -2.833118e-05
ivdd_-30: -2.593042e-05
ivdd_-40: -2.349252e-05
ivdd_0: -3.224906e-05
ivdd_10: -3.37558e-05
ivdd_100: -4.07998e-05
ivdd_110: -4.118316e-05
ivdd_120: -4.112314e-05
ivdd_125: -4.270053e-05
ivdd_20: -3.537103e-05
ivdd_30: -3.569011e-05
ivdd_40: -3.636184e-05
ivdd_50: -3.726071e-05
ivdd_60: -3.788765e-05
ivdd_70: -3.881048e-05
ivdd_80: -4.076702e-05
ivdd_90: -3.985438e-05
vref_-10: 0.5858957
vref_-20: 0.5832022
vref_-30: 0.5846271
vref_-40: 0.5859032
vref_0: 0.5837603
vref_10: 0.5831217
vref_100: 0.5796433
vref_110: 0.5786744
vref_120: 0.5752994
vref_125: 0.5780425
vref_20: 0.5843078
vref_30: 0.5819119
vref_40: 0.5821218
vref_50: 0.5816735
vref_60: 0.5811206
vref_70: 0.5812479
vref_80: 0.5821807
vref_90: 0.5797988
