ivdd_-10: -3.384706e-05
ivdd_-20: -3.107566e-05
ivdd_-30: -2.855328e-05
ivdd_-40: -2.492927e-05
ivdd_0: -3.641467e-05
ivdd_10: -3.880813e-05
ivdd_100: -4.759591e-05
ivdd_110: -4.793954e-05
ivdd_120: -4.867678e-05
ivdd_125: -4.939192e-05
ivdd_20: -4.033931e-05
ivdd_30: -4.182258e-05
ivdd_40: -4.282998e-05
ivdd_50: -4.486612e-05
ivdd_60: -4.466766e-05
ivdd_70: -4.572052e-05
ivdd_80: -4.7358e-05
ivdd_90: -4.677393e-05
vref_-10: 0.6242053
vref_-20: 0.6240119
vref_-30: 0.6272555
vref_-40: 0.6255991
vref_0: 0.6239078
vref_10: 0.6233969
vref_100: 0.6178071
vref_110: 0.6177155
vref_120: 0.6152681
vref_125: 0.6160766
vref_20: 0.6221538
vref_30: 0.6226983
vref_40: 0.6221266
vref_50: 0.6221809
vref_60: 0.6207418
vref_70: 0.6208314
vref_80: 0.6204002
vref_90: 0.6188611
