ivdd_-10: -3.398192e-05
ivdd_-20: -3.084235e-05
ivdd_-30: -2.764935e-05
ivdd_-40: -2.448363e-05
ivdd_0: -3.699691e-05
ivdd_10: -3.858557e-05
ivdd_100: -5.602229e-05
ivdd_110: -5.869428e-05
ivdd_120: -6.019069e-05
ivdd_125: -6.128332e-05
ivdd_20: -4.102738e-05
ivdd_30: -4.33483e-05
ivdd_40: -4.541854e-05
ivdd_50: -4.643396e-05
ivdd_60: -4.997634e-05
ivdd_70: -5.057322e-05
ivdd_80: -5.209027e-05
ivdd_90: -5.423268e-05
vref_-10: 0.5947197
vref_-20: 0.5942545
vref_-30: 0.5933826
vref_-40: 0.5930767
vref_0: 0.5958533
vref_10: 0.5951875
vref_100: 0.594491
vref_110: 0.5914085
vref_120: 0.5935774
vref_125: 0.5936377
vref_20: 0.5945498
vref_30: 0.5943463
vref_40: 0.5951786
vref_50: 0.5942786
vref_60: 0.5956316
vref_70: 0.5939039
vref_80: 0.5940272
vref_90: 0.5941273
