ivdd_-10: -3.338561e-05
ivdd_-20: -3.088553e-05
ivdd_-30: -2.81807e-05
ivdd_-40: -2.547083e-05
ivdd_0: -3.584247e-05
ivdd_10: -3.782435e-05
ivdd_100: -5.204632e-05
ivdd_110: -5.435073e-05
ivdd_120: -5.641123e-05
ivdd_125: -5.729663e-05
ivdd_20: -3.954148e-05
ivdd_30: -4.103768e-05
ivdd_40: -4.293949e-05
ivdd_50: -4.440048e-05
ivdd_60: -4.546181e-05
ivdd_70: -4.752327e-05
ivdd_80: -4.91023e-05
ivdd_90: -5.057537e-05
vref_-10: 0.5941418
vref_-20: 0.593398
vref_-30: 0.5930417
vref_-40: 0.5927198
vref_0: 0.5934575
vref_10: 0.5937408
vref_100: 0.5923867
vref_110: 0.5917094
vref_120: 0.5908157
vref_125: 0.5902166
vref_20: 0.5933674
vref_30: 0.5931867
vref_40: 0.5941698
vref_50: 0.5932931
vref_60: 0.5942557
vref_70: 0.5931354
vref_80: 0.5927298
vref_90: 0.5931625
