ivdd_-10: -3.426444e-05
ivdd_-20: -3.125317e-05
ivdd_-30: -2.827397e-05
ivdd_-40: -2.504525e-05
ivdd_0: -3.736479e-05
ivdd_10: -4.013991e-05
ivdd_100: -5.923461e-05
ivdd_110: -6.147975e-05
ivdd_120: -6.439039e-05
ivdd_125: -6.633469e-05
ivdd_20: -4.238043e-05
ivdd_30: -4.471524e-05
ivdd_40: -4.636999e-05
ivdd_50: -4.8557e-05
ivdd_60: -5.036171e-05
ivdd_70: -5.242946e-05
ivdd_80: -5.496476e-05
ivdd_90: -5.703614e-05
vref_-10: 0.5924262
vref_-20: 0.5913461
vref_-30: 0.5892755
vref_-40: 0.5889246
vref_0: 0.5907192
vref_10: 0.5909462
vref_100: 0.5870013
vref_110: 0.5867183
vref_120: 0.5862188
vref_125: 0.586478
vref_20: 0.5902205
vref_30: 0.5900884
vref_40: 0.5927145
vref_50: 0.5913165
vref_60: 0.5908144
vref_70: 0.5897427
vref_80: 0.589713
vref_90: 0.5885719
