ivdd_-10: -3.403523e-05
ivdd_-20: -3.166996e-05
ivdd_-30: -2.916272e-05
ivdd_-40: -2.635859e-05
ivdd_0: -3.62963e-05
ivdd_10: -3.809189e-05
ivdd_100: -5.087638e-05
ivdd_110: -5.151984e-05
ivdd_120: -5.300942e-05
ivdd_125: -5.380806e-05
ivdd_20: -3.972491e-05
ivdd_30: -4.128812e-05
ivdd_40: -4.216073e-05
ivdd_50: -4.330603e-05
ivdd_60: -4.455948e-05
ivdd_70: -4.588176e-05
ivdd_80: -4.683225e-05
ivdd_90: -4.813108e-05
vref_-10: 0.6097398
vref_-20: 0.6094662
vref_-30: 0.6087253
vref_-40: 0.609524
vref_0: 0.611382
vref_10: 0.6119391
vref_100: 0.6157527
vref_110: 0.6161287
vref_120: 0.6169991
vref_125: 0.6161966
vref_20: 0.6123466
vref_30: 0.6129976
vref_40: 0.6124368
vref_50: 0.6148571
vref_60: 0.6136165
vref_70: 0.6145652
vref_80: 0.6138672
vref_90: 0.6163829
