ivdd_-10: -3.310717e-05
ivdd_-20: -3.058745e-05
ivdd_-30: -2.775451e-05
ivdd_-40: -2.493936e-05
ivdd_0: -3.599489e-05
ivdd_10: -3.752525e-05
ivdd_100: -5.254756e-05
ivdd_110: -5.516285e-05
ivdd_120: -5.842774e-05
ivdd_125: -5.962528e-05
ivdd_20: -3.911883e-05
ivdd_30: -4.044096e-05
ivdd_40: -4.249171e-05
ivdd_50: -4.381896e-05
ivdd_60: -4.499783e-05
ivdd_70: -4.705179e-05
ivdd_80: -4.853005e-05
ivdd_90: -5.045754e-05
vref_-10: 0.5971246
vref_-20: 0.5966288
vref_-30: 0.5971132
vref_-40: 0.5984895
vref_0: 0.5980466
vref_10: 0.5987471
vref_100: 0.5971788
vref_110: 0.5958064
vref_120: 0.5971661
vref_125: 0.5956688
vref_20: 0.5971252
vref_30: 0.5981284
vref_40: 0.5976539
vref_50: 0.5975208
vref_60: 0.5982505
vref_70: 0.5985935
vref_80: 0.5987427
vref_90: 0.5969971
