ivdd_-10: -3.409179e-05
ivdd_-20: -3.150022e-05
ivdd_-30: -2.82827e-05
ivdd_-40: -2.468376e-05
ivdd_0: -3.673233e-05
ivdd_10: -3.91187e-05
ivdd_100: -5.464797e-05
ivdd_110: -5.637816e-05
ivdd_120: -5.824206e-05
ivdd_125: -5.954474e-05
ivdd_20: -4.121153e-05
ivdd_30: -4.296776e-05
ivdd_40: -4.444568e-05
ivdd_50: -4.678222e-05
ivdd_60: -4.839684e-05
ivdd_70: -4.842432e-05
ivdd_80: -5.125592e-05
ivdd_90: -5.273662e-05
vref_-10: 0.5975137
vref_-20: 0.5963729
vref_-30: 0.5963629
vref_-40: 0.5953751
vref_0: 0.5969021
vref_10: 0.5966822
vref_100: 0.5950849
vref_110: 0.594354
vref_120: 0.594292
vref_125: 0.5931798
vref_20: 0.5965033
vref_30: 0.5969307
vref_40: 0.5972123
vref_50: 0.596832
vref_60: 0.5964026
vref_70: 0.5953296
vref_80: 0.5959222
vref_90: 0.5956752
