ivdd_-10: -3.474096e-05
ivdd_-20: -3.224108e-05
ivdd_-30: -2.935182e-05
ivdd_-40: -2.631674e-05
ivdd_0: -3.722821e-05
ivdd_10: -3.93541e-05
ivdd_100: -5.652621e-05
ivdd_110: -5.864133e-05
ivdd_120: -6.091599e-05
ivdd_125: -6.242329e-05
ivdd_20: -4.138821e-05
ivdd_30: -4.296105e-05
ivdd_40: -4.489243e-05
ivdd_50: -4.631101e-05
ivdd_60: -4.809358e-05
ivdd_70: -4.989976e-05
ivdd_80: -5.154667e-05
ivdd_90: -5.398952e-05
vref_-10: 0.5967799
vref_-20: 0.5966377
vref_-30: 0.5955308
vref_-40: 0.5968618
vref_0: 0.5971987
vref_10: 0.5975508
vref_100: 0.5985531
vref_110: 0.5991283
vref_120: 0.5979871
vref_125: 0.5984962
vref_20: 0.597723
vref_30: 0.5989599
vref_40: 0.5987027
vref_50: 0.5987386
vref_60: 0.5992677
vref_70: 0.5985042
vref_80: 0.5981719
vref_90: 0.5986752
