ivdd_-10: -3.333176e-05
ivdd_-20: -3.076866e-05
ivdd_-30: -2.779251e-05
ivdd_-40: -2.469254e-05
ivdd_0: -3.574746e-05
ivdd_10: -3.781463e-05
ivdd_100: -5.470511e-05
ivdd_110: -5.74911e-05
ivdd_120: -6.080952e-05
ivdd_125: -6.138693e-05
ivdd_20: -3.978322e-05
ivdd_30: -4.130843e-05
ivdd_40: -4.263276e-05
ivdd_50: -4.416725e-05
ivdd_60: -4.568962e-05
ivdd_70: -4.787226e-05
ivdd_80: -5.010441e-05
ivdd_90: -5.231093e-05
vref_-10: 0.6036491
vref_-20: 0.6032471
vref_-30: 0.5998906
vref_-40: 0.6013585
vref_0: 0.6053075
vref_10: 0.6045689
vref_100: 0.6013967
vref_110: 0.6010878
vref_120: 0.6015724
vref_125: 0.6003012
vref_20: 0.6046148
vref_30: 0.6045889
vref_40: 0.6060338
vref_50: 0.6032598
vref_60: 0.6016449
vref_70: 0.6018854
vref_80: 0.601914
vref_90: 0.6015815
