ivdd_-10: -3.295706e-05
ivdd_-20: -3.016384e-05
ivdd_-30: -2.723313e-05
ivdd_-40: -2.419687e-05
ivdd_0: -3.531368e-05
ivdd_10: -3.769301e-05
ivdd_100: -5.582021e-05
ivdd_110: -5.695464e-05
ivdd_120: -5.974038e-05
ivdd_125: -6.117805e-05
ivdd_20: -3.974549e-05
ivdd_30: -4.161408e-05
ivdd_40: -4.315493e-05
ivdd_50: -4.475293e-05
ivdd_60: -4.769278e-05
ivdd_70: -4.849344e-05
ivdd_80: -5.074583e-05
ivdd_90: -5.348048e-05
vref_-10: 0.6010268
vref_-20: 0.6019803
vref_-30: 0.6003593
vref_-40: 0.5999749
vref_0: 0.6014649
vref_10: 0.6017922
vref_100: 0.6011782
vref_110: 0.6006837
vref_120: 0.6012402
vref_125: 0.6007245
vref_20: 0.6014737
vref_30: 0.6020669
vref_40: 0.6011807
vref_50: 0.6021318
vref_60: 0.6019241
vref_70: 0.6029106
vref_80: 0.6022978
vref_90: 0.6018469
