ivdd_-10: -3.404012e-05
ivdd_-20: -3.144616e-05
ivdd_-30: -2.877255e-05
ivdd_-40: -2.576313e-05
ivdd_0: -3.646891e-05
ivdd_10: -3.877432e-05
ivdd_100: -5.329703e-05
ivdd_110: -5.455816e-05
ivdd_120: -5.664169e-05
ivdd_125: -5.798024e-05
ivdd_20: -4.047347e-05
ivdd_30: -4.204275e-05
ivdd_40: -4.356418e-05
ivdd_50: -4.508088e-05
ivdd_60: -4.662777e-05
ivdd_70: -4.817094e-05
ivdd_80: -4.940427e-05
ivdd_90: -5.126782e-05
vref_-10: 0.5948617
vref_-20: 0.5941943
vref_-30: 0.5949444
vref_-40: 0.5943008
vref_0: 0.5955522
vref_10: 0.5955156
vref_100: 0.5948683
vref_110: 0.595775
vref_120: 0.5954348
vref_125: 0.5958948
vref_20: 0.596218
vref_30: 0.596066
vref_40: 0.5962863
vref_50: 0.5951826
vref_60: 0.5950559
vref_70: 0.5967918
vref_80: 0.5960791
vref_90: 0.5957498
