ivdd_-20: -3.213461e-05
ivdd_-40: -2.638881e-05
ivdd_0: -3.835227e-05
ivdd_100: -4.925951e-05
ivdd_125: -5.01586e-05
ivdd_20: -4.087901e-05
ivdd_40: -4.342685e-05
ivdd_60: -4.479301e-05
ivdd_80: -4.746934e-05
vref_-20: 0.5752691
vref_-40: 0.5740587
vref_0: 0.5768786
vref_100: 0.5802767
vref_125: 0.5788629
vref_20: 0.5775118
vref_40: 0.5781299
vref_60: 0.5786096
vref_80: 0.5802093
