ivdd_-20: -3.181695e-05
ivdd_-40: -2.497662e-05
ivdd_0: -3.795453e-05
ivdd_100: -4.933784e-05
ivdd_125: -5.169496e-05
ivdd_20: -4.155991e-05
ivdd_40: -4.469217e-05
ivdd_60: -4.643267e-05
ivdd_80: -4.755981e-05
vref_-20: 0.5996562
vref_-40: 0.595116
vref_0: 0.5994105
vref_100: 0.5985741
vref_125: 0.5978155
vref_20: 0.5996984
vref_40: 0.599891
vref_60: 0.6002999
vref_80: 0.5990252
