ivdd_-20: -0.0001035944
ivdd_-40: -0.0001026228
ivdd_0: -0.000102996
ivdd_100: -0.0001031445
ivdd_125: -0.0001017226
ivdd_20: -0.0001031501
ivdd_40: -0.0001034127
ivdd_60: -0.0001036295
ivdd_80: -0.0001036371
vn_-20: 0.8077398
vn_-40: 0.839352
vn_0: 0.7749275
vn_100: 0.6041894
vn_125: 0.5603319
vn_20: 0.7421795
vn_40: 0.7089023
vn_60: 0.6750056
vn_80: 0.6396308
vp_-20: 0.8079981
vp_-40: 0.8393584
vp_0: 0.7735503
vp_100: 0.6047099
vp_125: 0.5587009
vp_20: 0.7407284
vp_40: 0.7075979
vp_60: 0.6741045
vp_80: 0.6405839
vref_-20: 0.6338081
vref_-40: 0.6343132
vref_0: 0.6335431
vref_100: 0.6311129
vref_125: 0.629048
vref_20: 0.6336453
vref_40: 0.6335326
vref_60: 0.633203
vref_80: 0.6322381
