ivdd_-20: -0.0001097133
ivdd_-40: -0.0001088629
ivdd_0: -0.0001101156
ivdd_100: -0.0001099688
ivdd_125: -0.0001109455
ivdd_20: -0.0001102835
ivdd_40: -0.0001104465
ivdd_60: -0.0001104683
ivdd_80: -0.0001102495
vn_-20: 0.8068165
vn_-40: 0.8384067
vn_0: 0.7747053
vn_100: 0.6045788
vn_125: 0.5598649
vn_20: 0.7418441
vn_40: 0.7081963
vn_60: 0.6742322
vn_80: 0.6397197
vp_-20: 0.8069575
vp_-40: 0.8381443
vp_0: 0.7742416
vp_100: 0.6039365
vp_125: 0.5594729
vp_20: 0.7415159
vp_40: 0.7077051
vp_60: 0.6736486
vp_80: 0.6390978
vref_-20: 0.6095444
vref_-40: 0.6094174
vref_0: 0.6099901
vref_100: 0.6088799
vref_125: 0.606641
vref_20: 0.6102639
vref_40: 0.6101055
vref_60: 0.609957
vref_80: 0.6096602
