ivdd_-20: -0.0001036763
ivdd_-40: -0.0001021361
ivdd_0: -0.0001048637
ivdd_100: -0.0001047792
ivdd_125: -0.0001046284
ivdd_20: -0.0001054811
ivdd_40: -0.0001055558
ivdd_60: -0.0001058721
ivdd_80: -0.0001059218
vn_-20: 0.8060714
vn_-40: 0.8359905
vn_0: 0.7727315
vn_100: 0.6035805
vn_125: 0.559205
vn_20: 0.741084
vn_40: 0.7065128
vn_60: 0.6725195
vn_80: 0.6379918
vp_-20: 0.805414
vp_-40: 0.8351266
vp_0: 0.7738882
vp_100: 0.6021878
vp_125: 0.5578261
vp_20: 0.7409501
vp_40: 0.7070789
vp_60: 0.6729872
vp_80: 0.6382177
vref_-20: 0.604724
vref_-40: 0.6043905
vref_0: 0.6054457
vref_100: 0.6067305
vref_125: 0.6056823
vref_20: 0.6064363
vref_40: 0.6069906
vref_60: 0.6070612
vref_80: 0.6069702
