ivdd_-20: -0.0001183105
ivdd_-40: -0.0001175551
ivdd_0: -0.0001187042
ivdd_100: -0.0001226303
ivdd_125: -0.0001204399
ivdd_20: -0.0001190342
ivdd_40: -0.0001193799
ivdd_60: -0.0001200073
ivdd_80: -0.0001211328
vn_-20: 0.8068238
vn_-40: 0.8384656
vn_0: 0.7746421
vn_100: 0.6046598
vn_125: 0.5600992
vn_20: 0.7418294
vn_40: 0.708394
vn_60: 0.6744634
vn_80: 0.6399544
vp_-20: 0.8066222
vp_-40: 0.8384004
vp_0: 0.7743366
vp_100: 0.6045005
vp_125: 0.5596621
vp_20: 0.7414859
vp_40: 0.70794
vp_60: 0.6739291
vp_80: 0.6393384
vref_-20: 0.6231156
vref_-40: 0.6230949
vref_0: 0.6238792
vref_100: 0.6243149
vref_125: 0.6237496
vref_20: 0.6244603
vref_40: 0.6245643
vref_60: 0.6247793
vref_80: 0.6245918
