ivdd_-20: -0.0001131004
ivdd_-40: -0.0001123787
ivdd_0: -0.0001136993
ivdd_100: -0.0001123148
ivdd_125: -0.0001113566
ivdd_20: -0.0001136635
ivdd_40: -0.0001136561
ivdd_60: -0.0001134364
ivdd_80: -0.0001129521
vn_-20: 0.807712
vn_-40: 0.8395853
vn_0: 0.775614
vn_100: 0.6052551
vn_125: 0.5605747
vn_20: 0.7426659
vn_40: 0.7092264
vn_60: 0.6750289
vn_80: 0.6404029
vp_-20: 0.8074094
vp_-40: 0.8392963
vp_0: 0.7757895
vp_100: 0.6050604
vp_125: 0.5603244
vp_20: 0.7424222
vp_40: 0.7088467
vp_60: 0.6749174
vp_80: 0.6402233
vref_-20: 0.6250723
vref_-40: 0.6253704
vref_0: 0.6252962
vref_100: 0.6233811
vref_125: 0.6217812
vref_20: 0.6256421
vref_40: 0.6253905
vref_60: 0.6248002
vref_80: 0.6241662
