ivdd_-20: -0.0001029292
ivdd_-40: -9.805383e-05
ivdd_0: -0.0001048015
ivdd_100: -0.0001046458
ivdd_125: -0.0001002466
ivdd_20: -0.0001045799
ivdd_40: -0.0001051155
ivdd_60: -0.0001041539
ivdd_80: -0.0001049764
vn_-20: 0.8006464
vn_-40: 0.8334087
vn_0: 0.7703967
vn_100: 0.5994954
vn_125: 0.5518913
vn_20: 0.7407941
vn_40: 0.7072432
vn_60: 0.6742618
vn_80: 0.6386201
vp_-20: 0.8069882
vp_-40: 0.8277055
vp_0: 0.7783379
vp_100: 0.6075013
vp_125: 0.5532575
vp_20: 0.7445388
vp_40: 0.7116397
vp_60: 0.6758275
vp_80: 0.6432893
vref_-20: 0.6167746
vref_-40: 0.6153906
vref_0: 0.6175074
vref_100: 0.6183517
vref_125: 0.6162993
vref_20: 0.6180823
vref_40: 0.6189737
vref_60: 0.6191446
vref_80: 0.618758
