ivdd_-20: -0.0001135647
ivdd_-40: -0.0001131835
ivdd_0: -0.0001139056
ivdd_100: -0.0001124514
ivdd_125: -0.0001128006
ivdd_20: -0.0001140024
ivdd_40: -0.0001138349
ivdd_60: -0.0001135114
ivdd_80: -0.0001129254
vn_-20: 0.8066151
vn_-40: 0.838135
vn_0: 0.7744485
vn_100: 0.6043355
vn_125: 0.559736
vn_20: 0.7415566
vn_40: 0.7081645
vn_60: 0.6740175
vn_80: 0.6394254
vp_-20: 0.8064262
vp_-40: 0.8378986
vp_0: 0.7742058
vp_100: 0.6038539
vp_125: 0.5591611
vp_20: 0.741444
vp_40: 0.7077164
vp_60: 0.6736807
vp_80: 0.6389694
vref_-20: 0.6087854
vref_-40: 0.6091896
vref_0: 0.6089009
vref_100: 0.6086483
vref_125: 0.6076854
vref_20: 0.609279
vref_40: 0.6090847
vref_60: 0.6093806
vref_80: 0.6089853
