ivdd_-20: -0.0001130493
ivdd_-40: -0.0001113382
ivdd_0: -0.0001168488
ivdd_100: -0.0001126084
ivdd_125: -0.00011557
ivdd_20: -0.0001165577
ivdd_40: -0.0001146449
ivdd_60: -0.0001128885
ivdd_80: -0.0001128065
vn_-20: 0.7971246
vn_-40: 0.8367545
vn_0: 0.7697342
vn_100: 0.604354
vn_125: 0.5559152
vn_20: 0.7397779
vn_40: 0.7084021
vn_60: 0.6730297
vn_80: 0.6389842
vp_-20: 0.8017595
vp_-40: 0.8322233
vp_0: 0.778963
vp_100: 0.5990172
vp_125: 0.5646264
vp_20: 0.7446474
vp_40: 0.7060292
vp_60: 0.6669491
vp_80: 0.6332832
vref_-20: 0.6102512
vref_-40: 0.6095408
vref_0: 0.6109299
vref_100: 0.6105592
vref_125: 0.6084753
vref_20: 0.6114905
vref_40: 0.6119324
vref_60: 0.612056
vref_80: 0.611658
