ivdd_-20: -0.0001194689
ivdd_-40: -0.0001190625
ivdd_0: -0.0001200474
ivdd_100: -0.0001235561
ivdd_125: -0.0001214036
ivdd_20: -0.0001205041
ivdd_40: -0.0001220809
ivdd_60: -0.0001227935
ivdd_80: -0.0001239999
vn_-20: 0.8079096
vn_-40: 0.839488
vn_0: 0.7756861
vn_100: 0.6054051
vn_125: 0.5606113
vn_20: 0.7428077
vn_40: 0.7092884
vn_60: 0.6752664
vn_80: 0.6406414
vp_-20: 0.8079515
vp_-40: 0.8395181
vp_0: 0.7755418
vp_100: 0.6054846
vp_125: 0.5605671
vp_20: 0.7427082
vp_40: 0.7088708
vp_60: 0.6749394
vp_80: 0.640411
vref_-20: 0.6224961
vref_-40: 0.6231455
vref_0: 0.6230822
vref_100: 0.6212628
vref_125: 0.6198198
vref_20: 0.6231892
vref_40: 0.6230182
vref_60: 0.6226741
vref_80: 0.6219729
