vref_-40: 0.60035
vref_125: 0.5958373
vref_20: 0.5976095
vref_80: 0.5967947
