'-20': 0.5932454
vref_-40: 0.5932454
vref_0: 0.5943255
vref_100: 0.5902734
vref_120: 0.4537801
vref_20: 0.5943255
vref_40: 0.5941311
vref_60: 0.5941311
vref_80: 0.5902734
