vref_-20: 0.5947505
vref_-40: 0.5947505
vref_0: 0.5947505
vref_100: 0.5947505
vref_120: 0.5947505
vref_20: 0.5947505
vref_40: 0.5947505
vref_60: 0.5947505
vref_80: 0.5947505
