vref_-40: 0.5930205
vref_125: 0.5931129
vref_20: 0.5965926
vref_80: 0.5962377
