vref_-40: 0.5977438
vref_125: 0.0001645145
vref_20: 0.5974978
vref_80: -0.0008921721
