vref_-40: 0.5945305
vref_125: 0.0004002342
vref_20: 0.5932225
vref_80: 0.5900157
