icmptail_-20: 2.501773e-05
icmptail_-40: 2.492048e-05
icmptail_0: 2.506173e-05
icmptail_100: 2.472371e-05
icmptail_125: 2.456673e-05
icmptail_20: 2.50595e-05
icmptail_40: 2.501791e-05
icmptail_60: 2.494337e-05
icmptail_80: 2.484253e-05
tmpcount_-20: 0.091
tmpcount_-40: 0.088
tmpcount_0: 0.096
tmpcount_100: 0.121
tmpcount_125: 0.128
tmpcount_20: 0.1
tmpcount_40: 0.106
tmpcount_60: 0.111
tmpcount_80: 0.116
