icmptail_-20: 2.335262e-05
icmptail_-40: 2.305576e-05
icmptail_0: 2.359969e-05
icmptail_100: 2.409821e-05
icmptail_125: 2.406796e-05
icmptail_20: 2.379531e-05
icmptail_40: 2.394068e-05
icmptail_60: 2.403713e-05
icmptail_80: 2.408794e-05
tmpcount_-20: 0.102
tmpcount_-40: 0.099
tmpcount_0: 0.107
tmpcount_100: 0.131
tmpcount_125: 0.137
tmpcount_20: 0.111
tmpcount_40: 0.116
tmpcount_60: 0.121
tmpcount_80: 0.126
