icmptail_-20: 2.200538e-05
icmptail_-40: 2.15987e-05
icmptail_0: 2.236115e-05
icmptail_100: 2.334868e-05
icmptail_125: 2.342816e-05
icmptail_20: 2.266362e-05
icmptail_40: 2.291163e-05
icmptail_60: 2.31058e-05
icmptail_80: 2.324931e-05
tmpcount_-20: 0.095
tmpcount_-40: 0.092
tmpcount_0: 0.099
tmpcount_100: 0.123
tmpcount_125: 0.129
tmpcount_20: 0.104
tmpcount_40: 0.109
tmpcount_60: 0.114
tmpcount_80: 0.119
