icmptail_-20: 2.276869e-05
icmptail_-40: 2.242922e-05
icmptail_0: 2.306623e-05
icmptail_100: 2.385706e-05
icmptail_125: 2.389924e-05
icmptail_20: 2.331799e-05
icmptail_40: 2.352208e-05
icmptail_60: 2.367825e-05
icmptail_80: 2.378826e-05
tmpcount_-20: 0.094
tmpcount_-40: 0.09
tmpcount_0: 0.098
tmpcount_100: 0.12
tmpcount_125: 0.124
tmpcount_20: 0.103
tmpcount_40: 0.107
tmpcount_60: 0.112
tmpcount_80: 0.116
