ivdd_-20: -3.05279e-05
ivdd_-40: -4.942999e-05
ivdd_0: -3.613162e-05
ivdd_100: -4.800751e-05
ivdd_125: -4.942999e-05
ivdd_20: -3.996553e-05
ivdd_40: -4.225885e-05
ivdd_60: -4.408704e-05
ivdd_80: -4.558527e-05
vref_-20: 0.6264148
vref_-40: 0.6256205
vref_0: 0.6252257
vref_100: 0.6267867
vref_125: 0.6256205
vref_20: 0.6261849
vref_40: 0.6261897
vref_60: 0.6258027
vref_80: 0.6256813
