ivdd_-20: -2.800906e-05
ivdd_-40: -2.257572e-05
ivdd_0: -3.226009e-05
ivdd_100: -4.040682e-05
ivdd_125: -4.190204e-05
ivdd_20: -3.54182e-05
ivdd_40: -3.653385e-05
ivdd_60: -3.780434e-05
ivdd_80: -3.935999e-05
vref_-20: 0.6146318
vref_-40: 0.6144259
vref_0: 0.6108703
vref_100: 0.5980543
vref_125: 0.5950919
vref_20: 0.6089565
vref_40: 0.6066312
vref_60: 0.6038476
vref_80: 0.6013457
