ivdd_-20: -2.966357e-05
ivdd_-40: -2.391663e-05
ivdd_0: -3.543848e-05
ivdd_100: -4.491702e-05
ivdd_125: -4.690099e-05
ivdd_20: -3.888844e-05
ivdd_40: -4.077759e-05
ivdd_60: -4.238538e-05
ivdd_80: -4.346779e-05
vref_-20: 0.6170888
vref_-40: 0.6161305
vref_0: 0.6178746
vref_100: 0.6126458
vref_125: 0.6114179
vref_20: 0.6164932
vref_40: 0.6154983
vref_60: 0.6147096
vref_80: 0.6133291
