ivdd_-20: -2.897e-05
ivdd_-40: -4.158813e-05
ivdd_0: -3.272603e-05
ivdd_100: -4.046004e-05
ivdd_125: -4.158813e-05
ivdd_20: -3.489161e-05
ivdd_40: -3.709544e-05
ivdd_60: -3.777821e-05
ivdd_80: -3.906506e-05
vref_-20: 0.6262333
vref_-40: 0.6307745
vref_0: 0.6273328
vref_100: 0.6305649
vref_125: 0.6307745
vref_20: 0.6276497
vref_40: 0.6291027
vref_60: 0.6300968
vref_80: 0.6303363
