ivdd_-20: -3.02569e-05
ivdd_-40: -4.764717e-05
ivdd_0: -3.560518e-05
ivdd_100: -4.530654e-05
ivdd_125: -4.764717e-05
ivdd_20: -3.902354e-05
ivdd_40: -4.081708e-05
ivdd_60: -4.201047e-05
ivdd_80: -4.463499e-05
vref_-20: 0.6090934
vref_-40: 0.6098956
vref_0: 0.6100624
vref_100: 0.6103843
vref_125: 0.6098956
vref_20: 0.6102936
vref_40: 0.6103388
vref_60: 0.6108069
vref_80: 0.6108451
