ivdd_-20: -3.264296e-05
ivdd_-40: -2.611611e-05
ivdd_0: -3.780983e-05
ivdd_100: -4.91721e-05
ivdd_125: -5.140824e-05
ivdd_20: -4.151952e-05
ivdd_40: -4.414398e-05
ivdd_60: -4.578254e-05
ivdd_80: -4.678729e-05
vref_-20: 0.585484
vref_-40: 0.5861556
vref_0: 0.5872546
vref_100: 0.5865908
vref_125: 0.5863879
vref_20: 0.5870073
vref_40: 0.5870249
vref_60: 0.5860389
vref_80: 0.5859085
