ivdd_-20: -3.125778e-05
ivdd_-40: -2.470276e-05
ivdd_0: -3.67915e-05
ivdd_100: -4.888183e-05
ivdd_125: -5.094005e-05
ivdd_20: -4.067726e-05
ivdd_40: -4.383131e-05
ivdd_60: -4.533777e-05
ivdd_80: -4.648714e-05
vref_-20: 0.6461044
vref_-40: 0.646528
vref_0: 0.64683
vref_100: 0.6472599
vref_125: 0.6464065
vref_20: 0.646974
vref_40: 0.6475048
vref_60: 0.6473429
vref_80: 0.6465808
