ivdd_-20: -3.167468e-05
ivdd_-40: -5.048526e-05
ivdd_0: -3.782295e-05
ivdd_100: -4.784835e-05
ivdd_125: -5.048526e-05
ivdd_20: -4.154248e-05
ivdd_40: -4.368497e-05
ivdd_60: -4.574635e-05
ivdd_80: -4.702994e-05
vref_-20: 0.5720316
vref_-40: 0.571204
vref_0: 0.572422
vref_100: 0.5713868
vref_125: 0.571204
vref_20: 0.5726022
vref_40: 0.5725097
vref_60: 0.5737489
vref_80: 0.5722684
