ivdd_-20: -3.192756e-05
ivdd_-40: -5.091031e-05
ivdd_0: -3.714483e-05
ivdd_100: -4.811164e-05
ivdd_125: -5.091031e-05
ivdd_20: -4.084743e-05
ivdd_40: -4.381077e-05
ivdd_60: -4.536094e-05
ivdd_80: -4.687061e-05
vref_-20: 0.5849554
vref_-40: 0.5914531
vref_0: 0.5868594
vref_100: 0.5903741
vref_125: 0.5914531
vref_20: 0.5886605
vref_40: 0.5892806
vref_60: 0.5894349
vref_80: 0.5903149
