ivdd_-20: -2.869306e-05
ivdd_-40: -2.254213e-05
ivdd_0: -3.353466e-05
ivdd_100: -4.259772e-05
ivdd_125: -4.313888e-05
ivdd_20: -3.667237e-05
ivdd_40: -3.88308e-05
ivdd_60: -3.981702e-05
ivdd_80: -4.135439e-05
vref_-20: 0.6006267
vref_-40: 0.6007338
vref_0: 0.601405
vref_100: 0.6024385
vref_125: 0.6010114
vref_20: 0.6013979
vref_40: 0.6028676
vref_60: 0.6026375
vref_80: 0.602903
