ivdd_-20: -2.917256e-05
ivdd_-40: -2.30631e-05
ivdd_0: -3.436884e-05
ivdd_100: -4.466039e-05
ivdd_125: -4.637116e-05
ivdd_20: -3.76621e-05
ivdd_40: -3.975074e-05
ivdd_60: -4.222392e-05
ivdd_80: -4.430878e-05
vref_-20: 0.6093756
vref_-40: 0.6084639
vref_0: 0.6101414
vref_100: 0.613819
vref_125: 0.6140836
vref_20: 0.6112208
vref_40: 0.611706
vref_60: 0.6132747
vref_80: 0.6145948
