ivdd_-20: -3.044665e-05
ivdd_-40: -2.404115e-05
ivdd_0: -3.541942e-05
ivdd_100: -4.544235e-05
ivdd_125: -4.796557e-05
ivdd_20: -3.89851e-05
ivdd_40: -4.138287e-05
ivdd_60: -4.280018e-05
ivdd_80: -4.438403e-05
vref_-20: 0.5600794
vref_-40: 0.5592829
vref_0: 0.5619641
vref_100: 0.5641746
vref_125: 0.5630527
vref_20: 0.5627914
vref_40: 0.5631084
vref_60: 0.5633319
vref_80: 0.5639308
