ivdd_-20: -3.023108e-05
ivdd_-40: -2.450462e-05
ivdd_0: -3.56225e-05
ivdd_100: -4.46515e-05
ivdd_125: -4.759915e-05
ivdd_20: -3.881369e-05
ivdd_40: -4.091949e-05
ivdd_60: -4.213594e-05
ivdd_80: -4.335146e-05
vref_-20: 0.5998216
vref_-40: 0.5982796
vref_0: 0.6007292
vref_100: 0.5983271
vref_125: 0.5984969
vref_20: 0.6009975
vref_40: 0.6007103
vref_60: 0.5998635
vref_80: 0.5993089
