ivdd_-20: -2.689237e-05
ivdd_-40: -3.997065e-05
ivdd_0: -3.100368e-05
ivdd_100: -3.814358e-05
ivdd_125: -3.997065e-05
ivdd_20: -3.319734e-05
ivdd_40: -3.464677e-05
ivdd_60: -3.604255e-05
ivdd_80: -3.785704e-05
vref_-20: 0.6229459
vref_-40: 0.626698
vref_0: 0.6239029
vref_100: 0.626462
vref_125: 0.626698
vref_20: 0.624648
vref_40: 0.625667
vref_60: 0.6266558
vref_80: 0.6277208
