ivdd_-20: -3.11874e-05
ivdd_-40: -2.556488e-05
ivdd_0: -3.680177e-05
ivdd_100: -4.90099e-05
ivdd_125: -5.066571e-05
ivdd_20: -4.176688e-05
ivdd_40: -4.383882e-05
ivdd_60: -4.584915e-05
ivdd_80: -4.740321e-05
vref_-20: 0.573891
vref_-40: 0.570803
vref_0: 0.5744996
vref_100: 0.5740145
vref_125: 0.5728586
vref_20: 0.5735609
vref_40: 0.5744049
vref_60: 0.5749618
vref_80: 0.5738078
