ivdd_-20: -2.784761e-05
ivdd_-40: -4.167686e-05
ivdd_0: -3.220556e-05
ivdd_100: -4.017619e-05
ivdd_125: -4.167686e-05
ivdd_20: -3.468761e-05
ivdd_40: -3.615644e-05
ivdd_60: -3.748522e-05
ivdd_80: -3.889854e-05
vref_-20: 0.644267
vref_-40: 0.6474644
vref_0: 0.6451798
vref_100: 0.6480942
vref_125: 0.6474644
vref_20: 0.6460619
vref_40: 0.6465887
vref_60: 0.6470546
vref_80: 0.6478949
