ivdd_-20: -3.111305e-05
ivdd_-40: -2.526712e-05
ivdd_0: -3.698132e-05
ivdd_100: -4.925649e-05
ivdd_125: -5.098219e-05
ivdd_20: -4.262621e-05
ivdd_40: -4.520273e-05
ivdd_60: -4.668668e-05
ivdd_80: -4.789807e-05
vref_-20: 0.6610113
vref_-40: 0.6615837
vref_0: 0.6592468
vref_100: 0.6574111
vref_125: 0.6572886
vref_20: 0.6570294
vref_40: 0.6572177
vref_60: 0.658327
vref_80: 0.6577239
