ivdd_-20: -3.074695e-05
ivdd_-40: -2.420904e-05
ivdd_0: -3.586585e-05
ivdd_100: -4.4305e-05
ivdd_125: -4.62413e-05
ivdd_20: -3.892787e-05
ivdd_40: -4.07947e-05
ivdd_60: -4.350941e-05
ivdd_80: -4.4865e-05
vref_-20: 0.6032515
vref_-40: 0.6018427
vref_0: 0.6048297
vref_100: 0.6075868
vref_125: 0.6077275
vref_20: 0.6059503
vref_40: 0.6066675
vref_60: 0.6087069
vref_80: 0.6090849
