ivdd_-20: -3.179736e-05
ivdd_-40: -5.057327e-05
ivdd_0: -3.775306e-05
ivdd_100: -4.904817e-05
ivdd_125: -5.057327e-05
ivdd_20: -4.197423e-05
ivdd_40: -4.494651e-05
ivdd_60: -4.656989e-05
ivdd_80: -4.792695e-05
vref_-20: 0.6022392
vref_-40: 0.6030757
vref_0: 0.6023902
vref_100: 0.6032342
vref_125: 0.6030757
vref_20: 0.6023702
vref_40: 0.6032345
vref_60: 0.6032525
vref_80: 0.6036249
