ivdd_-20: -2.791867e-05
ivdd_-40: -2.300397e-05
ivdd_0: -3.157959e-05
ivdd_100: -3.838171e-05
ivdd_125: -4.119993e-05
ivdd_20: -3.41396e-05
ivdd_40: -3.587114e-05
ivdd_60: -4.356601e-05
ivdd_80: -3.780123e-05
vref_-20: 0.5822812
vref_-40: 0.5825361
vref_0: 0.5820546
vref_100: 0.5740708
vref_125: 0.5725229
vref_20: 0.5813346
vref_40: 0.5798584
vref_60: 0.5849534
vref_80: 0.576622
