ivdd_-20: -3.01737e-05
ivdd_-40: -2.411249e-05
ivdd_0: -3.450955e-05
ivdd_100: -4.37884e-05
ivdd_125: -4.565311e-05
ivdd_20: -3.739023e-05
ivdd_40: -3.985612e-05
ivdd_60: -4.138361e-05
ivdd_80: -4.248075e-05
vref_-20: 0.5945335
vref_-40: 0.5953794
vref_0: 0.5943037
vref_100: 0.593592
vref_125: 0.5929238
vref_20: 0.5932609
vref_40: 0.5940415
vref_60: 0.5943017
vref_80: 0.5942193
