ivdd_-10: -2.911084e-05
ivdd_-20: -2.779953e-05
ivdd_-30: -2.627332e-05
ivdd_-40: -2.439663e-05
ivdd_0: -3.033877e-05
ivdd_10: -3.114829e-05
ivdd_100: -3.558541e-05
ivdd_110: -3.585213e-05
ivdd_120: -3.653672e-05
ivdd_125: -3.665458e-05
ivdd_20: -3.184188e-05
ivdd_30: -3.223074e-05
ivdd_40: -3.291707e-05
ivdd_50: -3.339793e-05
ivdd_60: -3.409328e-05
ivdd_70: -3.433108e-05
ivdd_80: -3.473358e-05
ivdd_90: -3.503229e-05
vref_-10: 0.5995453
vref_-20: 0.5986946
vref_-30: 0.5989709
vref_-40: 0.5987151
vref_0: 0.6011666
vref_10: 0.6006165
vref_100: 0.5988055
vref_110: 0.5983201
vref_120: 0.5976919
vref_125: 0.597216
vref_20: 0.6000126
vref_30: 0.600278
vref_40: 0.6009434
vref_50: 0.5996597
vref_60: 0.5995143
vref_70: 0.5986326
vref_80: 0.5993248
vref_90: 0.5979782
