ivdd_-10: -5.397011e-05
ivdd_-20: -5.328285e-05
ivdd_-30: -5.001096e-05
ivdd_-40: -4.626841e-05
ivdd_0: -5.632775e-05
ivdd_10: -5.834737e-05
ivdd_100: -7.071344e-05
ivdd_110: -7.104565e-05
ivdd_120: -7.458072e-05
ivdd_125: -7.497478e-05
ivdd_20: -5.828056e-05
ivdd_30: -6.04134e-05
ivdd_40: -6.194282e-05
ivdd_50: -6.294583e-05
ivdd_60: -6.66549e-05
ivdd_70: -6.681135e-05
ivdd_80: -6.815091e-05
ivdd_90: -6.917596e-05
vref_-10: 0.5987915
vref_-20: 0.60011
vref_-30: 0.5991231
vref_-40: 0.5984542
vref_0: 0.5978374
vref_10: 0.5985852
vref_100: 0.5984343
vref_110: 0.5965313
vref_120: 0.5976498
vref_125: 0.596184
vref_20: 0.5987649
vref_30: 0.5990022
vref_40: 0.5992672
vref_50: 0.5989289
vref_60: 0.5985425
vref_70: 0.5992451
vref_80: 0.5998125
vref_90: 0.5978098
