ivdd_-10: -5.690152e-05
ivdd_-20: -5.388838e-05
ivdd_-30: -5.246085e-05
ivdd_-40: -4.970545e-05
ivdd_0: -6.018708e-05
ivdd_10: -6.075157e-05
ivdd_100: -7.089906e-05
ivdd_110: -7.455004e-05
ivdd_120: -7.3987e-05
ivdd_125: -7.486364e-05
ivdd_20: -6.388736e-05
ivdd_30: -6.209257e-05
ivdd_40: -6.519599e-05
ivdd_50: -6.327082e-05
ivdd_60: -6.866626e-05
ivdd_70: -6.947886e-05
ivdd_80: -7.058049e-05
ivdd_90: -6.897343e-05
vref_-10: 0.5955838
vref_-20: 0.5937859
vref_-30: 0.5946185
vref_-40: 0.5940605
vref_0: 0.595698
vref_10: 0.5960605
vref_100: 0.5945774
vref_110: 0.5948917
vref_120: 0.593244
vref_125: 0.5944234
vref_20: 0.5961266
vref_30: 0.5935767
vref_40: 0.5967678
vref_50: 0.5945533
vref_60: 0.595831
vref_70: 0.5956732
vref_80: 0.5961038
vref_90: 0.5946615
