ivdd_-10: -2.946468e-05
ivdd_-20: -2.772597e-05
ivdd_-30: -2.600534e-05
ivdd_-40: -2.429606e-05
ivdd_0: -3.032942e-05
ivdd_10: -3.114331e-05
ivdd_100: -3.538787e-05
ivdd_110: -3.583943e-05
ivdd_120: -3.699922e-05
ivdd_125: -3.64113e-05
ivdd_20: -3.200145e-05
ivdd_30: -3.222836e-05
ivdd_40: -3.269863e-05
ivdd_50: -3.336324e-05
ivdd_60: -3.40021e-05
ivdd_70: -3.41805e-05
ivdd_80: -3.442585e-05
ivdd_90: -3.513354e-05
vref_-10: 0.605829
vref_-20: 0.5998431
vref_-30: 0.5977811
vref_-40: 0.5987154
vref_0: 0.6012415
vref_10: 0.6027748
vref_100: 0.5982232
vref_110: 0.5984179
vref_120: 0.6000309
vref_125: 0.5971367
vref_20: 0.5999236
vref_30: 0.6003323
vref_40: 0.6021621
vref_50: 0.5996656
vref_60: 0.5997103
vref_70: 0.5985588
vref_80: 0.5993041
vref_90: 0.5992164
