ivdd_-10: -3.27931e-05
ivdd_-20: -3.021689e-05
ivdd_-30: -2.759858e-05
ivdd_-40: -2.46686e-05
ivdd_0: -3.491242e-05
ivdd_10: -3.491242e-05
ivdd_100: -4.329119e-05
ivdd_110: -4.329119e-05
ivdd_120: -4.329119e-05
ivdd_125: -4.329119e-05
ivdd_20: -3.491242e-05
ivdd_30: -3.491242e-05
ivdd_40: -3.491242e-05
ivdd_50: -4.102324e-05
ivdd_60: -4.106298e-05
ivdd_70: -4.261363e-05
ivdd_80: -4.259218e-05
ivdd_90: -4.329119e-05
vref_-10: 0.5501431
vref_-20: 0.5486553
vref_-30: 0.5435975
vref_-40: 0.5417604
vref_0: 0.5510127
vref_10: 0.5510127
vref_100: 0.5521656
vref_110: 0.5521656
vref_120: 0.5521656
vref_125: 0.5521656
vref_20: 0.5510127
vref_30: 0.5510127
vref_40: 0.5510127
vref_50: 0.5526232
vref_60: 0.5519691
vref_70: 0.5531875
vref_80: 0.5519054
vref_90: 0.5521656
