vref_-10: 0.5900921
vref_-20: 0.5907031
vref_-30: 0.5919829
vref_-40: 0.5681932
vref_0: 0.5896211
vref_10: 0.5896846
vref_100: 0.5847266
vref_110: 0.5838053
vref_120: 0.5820632
vref_125: 0.5835107
vref_20: 0.5897954
vref_30: 0.5901936
vref_40: 0.5887358
vref_50: 0.5884728
vref_60: 0.5875748
vref_70: 0.5875646
vref_80: 0.5863264
vref_90: 0.5856698
