vref_-10: 0.5315178
vref_-20: 0.5300107
vref_-30: 0.5256703
vref_-40: 0.5241608
vref_0: 0.5312617
vref_10: 0.532886
vref_100: 0.5390586
vref_110: 0.5390101
vref_120: 0.5391865
vref_125: 0.5387918
vref_20: 0.5347449
vref_30: 0.5356485
vref_40: 0.5358451
vref_50: 0.5367594
vref_60: 0.5375619
vref_70: 0.5382272
vref_80: 0.5388341
vref_90: 0.5392338
