ivdd_-10: -3.425567e-05
ivdd_-20: -3.159162e-05
ivdd_-30: -2.889399e-05
ivdd_-40: -2.586127e-05
ivdd_0: -3.738209e-05
ivdd_10: -3.89895e-05
ivdd_100: -4.739909e-05
ivdd_110: -4.808188e-05
ivdd_120: -4.840641e-05
ivdd_125: -4.964402e-05
ivdd_20: -4.034756e-05
ivdd_30: -4.1811e-05
ivdd_40: -4.292733e-05
ivdd_50: -4.443141e-05
ivdd_60: -4.510405e-05
ivdd_70: -4.505472e-05
ivdd_80: -4.718365e-05
ivdd_90: -4.653283e-05
vref_-10: 0.5413138
vref_-20: 0.5403084
vref_-30: 0.5399972
vref_-40: 0.5364188
vref_0: 0.5442546
vref_10: 0.5448082
vref_100: 0.5429696
vref_110: 0.5435093
vref_120: 0.5429148
vref_125: 0.5429709
vref_20: 0.5447969
vref_30: 0.5451038
vref_40: 0.5447718
vref_50: 0.5452195
vref_60: 0.5461829
vref_70: 0.5448924
vref_80: 0.5450769
vref_90: 0.5444352
