ivdd_-10: -1.88234e-05
ivdd_-20: -1.701319e-05
ivdd_-30: -1.535597e-05
ivdd_-40: -1.411557e-05
ivdd_0: -2.061665e-05
ivdd_10: -2.247884e-05
ivdd_100: -3.189701e-05
ivdd_110: -3.261538e-05
ivdd_120: -3.31406e-05
ivdd_125: -3.331351e-05
ivdd_20: -2.436575e-05
ivdd_30: -2.579812e-05
ivdd_40: -2.735022e-05
ivdd_50: -2.854643e-05
ivdd_60: -2.953221e-05
ivdd_70: -3.030927e-05
ivdd_80: -3.094998e-05
ivdd_90: -3.145099e-05
vref_-10: 0.5933603
vref_-20: 0.5957868
vref_-30: 0.5937478
vref_-40: 0.5951338
vref_0: 0.5927502
vref_10: 0.5936005
vref_100: 0.5925329
vref_110: 0.5943234
vref_120: 0.5935198
vref_125: 0.5925341
vref_20: 0.5939036
vref_30: 0.5966182
vref_40: 0.5952772
vref_50: 0.5962111
vref_60: 0.5951125
vref_70: 0.595673
vref_80: 0.594585
vref_90: 0.5943197
