ivdd_-10: -1.81689e-05
ivdd_-20: -1.622263e-05
ivdd_-30: -1.454189e-05
ivdd_-40: -1.319339e-05
ivdd_0: -1.982558e-05
ivdd_10: -2.165994e-05
ivdd_100: -2.993547e-05
ivdd_110: -3.036665e-05
ivdd_120: -3.099226e-05
ivdd_125: -3.105359e-05
ivdd_20: -2.336965e-05
ivdd_30: -2.47896e-05
ivdd_40: -2.593518e-05
ivdd_50: -2.706704e-05
ivdd_60: -2.779878e-05
ivdd_70: -2.842634e-05
ivdd_80: -2.896987e-05
ivdd_90: -2.95001e-05
vref_-10: 0.5969698
vref_-20: 0.5974408
vref_-30: 0.5975904
vref_-40: 0.6005821
vref_0: 0.5997465
vref_10: 0.5964796
vref_100: 0.596378
vref_110: 0.5958519
vref_120: 0.5963703
vref_125: 0.5948633
vref_20: 0.596524
vref_30: 0.5967618
vref_40: 0.5979351
vref_50: 0.5977263
vref_60: 0.5972744
vref_70: 0.5963016
vref_80: 0.596607
vref_90: 0.5962315
