ivdd_-10: -3.313895e-05
ivdd_-20: -3.013001e-05
ivdd_-30: -2.752067e-05
ivdd_-40: -2.460779e-05
ivdd_0: -3.52072e-05
ivdd_10: -3.703505e-05
ivdd_100: -4.594544e-05
ivdd_110: -4.63479e-05
ivdd_120: -4.5554e-05
ivdd_125: -4.657934e-05
ivdd_20: -3.901942e-05
ivdd_30: -4.034292e-05
ivdd_40: -4.199447e-05
ivdd_50: -4.21898e-05
ivdd_60: -4.250254e-05
ivdd_70: -4.326343e-05
ivdd_80: -4.415189e-05
ivdd_90: -4.468676e-05
vref_-10: 0.597254
vref_-20: 0.5956917
vref_-30: 0.5962183
vref_-40: 0.5968132
vref_0: 0.5969897
vref_10: 0.5970248
vref_100: 0.5966976
vref_110: 0.5959398
vref_120: 0.5949694
vref_125: 0.5950505
vref_20: 0.5973271
vref_30: 0.5979058
vref_40: 0.5979433
vref_50: 0.5974114
vref_60: 0.5973825
vref_70: 0.5970819
vref_80: 0.5968979
vref_90: 0.5967076
