ivdd_-10: -3.076525e-05
ivdd_-20: -2.952435e-05
ivdd_-30: -2.743186e-05
ivdd_-40: -2.532616e-05
ivdd_0: -3.188291e-05
ivdd_10: -3.312414e-05
ivdd_100: -3.804087e-05
ivdd_110: -3.863305e-05
ivdd_120: -3.932184e-05
ivdd_125: -3.967407e-05
ivdd_20: -3.377074e-05
ivdd_30: -3.499571e-05
ivdd_40: -3.521901e-05
ivdd_50: -3.544352e-05
ivdd_60: -3.598763e-05
ivdd_70: -3.678399e-05
ivdd_80: -3.748491e-05
ivdd_90: -3.715729e-05
vref_-10: 0.5954743
vref_-20: 0.5979333
vref_-30: 0.597253
vref_-40: 0.596524
vref_0: 0.5947465
vref_10: 0.5971528
vref_100: 0.5968769
vref_110: 0.5969959
vref_120: 0.5959194
vref_125: 0.5962807
vref_20: 0.5981417
vref_30: 0.5978543
vref_40: 0.5993454
vref_50: 0.595797
vref_60: 0.5977118
vref_70: 0.5967654
vref_80: 0.5969877
vref_90: 0.5966767
