vref_-10: 0.5880616
vref_-20: 0.5885639
vref_-30: 0.592631
vref_-40: 0.587512
vref_0: 0.589349
vref_10: 0.5893594
vref_100: 0.5892184
vref_110: 0.5889688
vref_120: 0.5885165
vref_125: 0.5882423
vref_20: 0.5898577
vref_30: 0.5899271
vref_40: 0.5896022
vref_50: 0.5901458
vref_60: 0.5900241
vref_70: 0.5895191
vref_80: 0.5895692
vref_90: 0.5893557
