vref_-0.002: 0.6152287
vref_-0.004: 0.6153022
vref_-0.006: 0.6152186
vref_-0.008: 0.6151568
vref_-0.01: 0.6149584
vref_-0.012: 0.6149988
vref_-0.014: 0.6147475
vref_-0.016: 0.6145083
vref_-0.018: 0.6142629
vref_-0.02: 0.6141811
vref_0: 0.6152345
vref_0.002: 0.6152656
vref_0.004: 0.6154113
vref_0.006: 0.6153353
vref_0.008: 0.6152477
vref_0.01: 0.6151669
vref_0.012: 0.6150601
vref_0.014: 0.6148858
vref_0.016: 0.6146668
vref_0.018: 0.6144339
vref_0.02: 0.6141979
