ivdd_-10: -1.810778e-05
ivdd_-20: -1.618756e-05
ivdd_-30: -1.450844e-05
ivdd_-40: -1.318397e-05
ivdd_0: -1.983706e-05
ivdd_10: -2.163729e-05
ivdd_100: -2.998585e-05
ivdd_110: -3.029171e-05
ivdd_120: -3.131618e-05
ivdd_125: -3.102789e-05
ivdd_20: -2.32905e-05
ivdd_30: -2.487695e-05
ivdd_40: -2.610286e-05
ivdd_50: -2.715276e-05
ivdd_60: -2.775403e-05
ivdd_70: -2.842676e-05
ivdd_80: -2.906157e-05
ivdd_90: -2.959642e-05
vref_-10: 0.5971479
vref_-20: 0.5979851
vref_-30: 0.5973018
vref_-40: 0.6006376
vref_0: 0.5996252
vref_10: 0.5963279
vref_100: 0.5964199
vref_110: 0.5960866
vref_120: 0.597897
vref_125: 0.5948422
vref_20: 0.5960804
vref_30: 0.5955673
vref_40: 0.5974142
vref_50: 0.5971892
vref_60: 0.5973091
vref_70: 0.5964733
vref_80: 0.5965839
vref_90: 0.5968373
