ivdd_-20: -8.156542e-05
ivdd_-40: -7.774776e-05
ivdd_0: -8.457191e-05
ivdd_100: -9.968322e-05
ivdd_125: -0.0001040532
ivdd_20: -8.725811e-05
ivdd_40: -8.999269e-05
ivdd_60: -9.280696e-05
ivdd_80: -9.594589e-05
vref_-20: 0.618605
vref_-40: 0.6180135
vref_0: 0.618266
vref_100: 0.6188469
vref_125: 0.6186651
vref_20: 0.6182921
vref_40: 0.6187231
vref_60: 0.6190749
vref_80: 0.6190664
