ivdd_-20: -7.478796e-05
ivdd_-40: -7.266093e-05
ivdd_0: -7.848238e-05
ivdd_100: -9.808205e-05
ivdd_125: -0.0001026448
ivdd_20: -8.252667e-05
ivdd_40: -8.638466e-05
ivdd_60: -9.036003e-05
ivdd_80: -9.425159e-05
vref_-20: 0.6149107
vref_-40: 0.6149099
vref_0: 0.6151981
vref_100: 0.6155905
vref_125: 0.6150244
vref_20: 0.6157217
vref_40: 0.6158843
vref_60: 0.615884
vref_80: 0.6159581
