ivdd_-20: -9.959327e-05
ivdd_-40: -9.385701e-05
ivdd_0: -0.0001054361
ivdd_100: -0.0001192904
ivdd_125: -0.0001202445
ivdd_20: -0.0001098384
ivdd_40: -0.000113787
ivdd_60: -0.0001167423
ivdd_80: -0.0001186839
vref_-20: 0.6136797
vref_-40: 0.6128413
vref_0: 0.614683
vref_100: 0.6159176
vref_125: 0.6154911
vref_20: 0.6153639
vref_40: 0.615915
vref_60: 0.6158187
vref_80: 0.6159203
