ivdd_-20: -0.0001125026
ivdd_-40: -0.000106022
ivdd_0: -0.0001179068
ivdd_100: -0.0001413079
ivdd_125: -0.0001504152
ivdd_20: -0.0001217119
ivdd_40: -0.0001254095
ivdd_60: -0.000130473
ivdd_80: -0.0001353815
vref_-20: 0.6164995
vref_-40: 0.6155357
vref_0: 0.6172832
vref_100: 0.6178263
vref_125: 0.6171926
vref_20: 0.6176327
vref_40: 0.6177937
vref_60: 0.6181711
vref_80: 0.6180807
