ivdd_-20: -2.914862e-05
ivdd_-40: -2.355801e-05
ivdd_0: -3.386613e-05
ivdd_100: -5.373031e-05
ivdd_125: -6.111922e-05
ivdd_20: -3.769116e-05
ivdd_40: -4.123103e-05
ivdd_60: -4.51381e-05
ivdd_80: -4.934776e-05
vref_-20: 0.6018476
vref_-40: 0.6021056
vref_0: 0.6024241
vref_100: 0.6028011
vref_125: 0.6029223
vref_20: 0.6030294
vref_40: 0.6032072
vref_60: 0.6032944
vref_80: 0.6032211
