ivdd_-20: -2.912863e-05
ivdd_-40: -2.354145e-05
ivdd_0: -3.384625e-05
ivdd_100: -5.503755e-05
ivdd_125: -6.186046e-05
ivdd_20: -3.731239e-05
ivdd_40: -4.275541e-05
ivdd_60: -4.602875e-05
ivdd_80: -4.988592e-05
vref_-20: 0.5895953
vref_-40: 0.589374
vref_0: 0.5902128
vref_100: 0.5888868
vref_125: 0.5876735
vref_20: 0.5910259
vref_40: 0.589679
vref_60: 0.5895929
vref_80: 0.5895987
