ivdd_-20: -3.046269e-05
ivdd_-40: -2.488595e-05
ivdd_0: -3.576736e-05
ivdd_100: -5.426161e-05
ivdd_125: -5.96549e-05
ivdd_20: -3.969716e-05
ivdd_40: -4.316541e-05
ivdd_60: -4.624477e-05
ivdd_80: -4.959193e-05
vref_-20: 0.5994344
vref_-40: 0.5984095
vref_0: 0.6000119
vref_100: 0.6009043
vref_125: 0.6003106
vref_20: 0.6003212
vref_40: 0.600219
vref_60: 0.6009044
vref_80: 0.6007125
