ivdd_-20: -2.931334e-05
ivdd_-40: -2.333771e-05
ivdd_0: -3.487148e-05
ivdd_100: -5.344538e-05
ivdd_125: -6.028648e-05
ivdd_20: -3.897085e-05
ivdd_40: -4.258174e-05
ivdd_60: -4.610021e-05
ivdd_80: -4.984078e-05
vref_-20: 0.5982442
vref_-40: 0.5972118
vref_0: 0.5964246
vref_100: 0.5981712
vref_125: 0.5960003
vref_20: 0.5983949
vref_40: 0.5982519
vref_60: 0.5988927
vref_80: 0.5988648
