ivdd_-20: -3.018313e-05
ivdd_-40: -2.406794e-05
ivdd_0: -3.549344e-05
ivdd_100: -5.466202e-05
ivdd_125: -6.037604e-05
ivdd_20: -3.958042e-05
ivdd_40: -4.327612e-05
ivdd_60: -4.638025e-05
ivdd_80: -4.969179e-05
vref_-20: 0.5982447
vref_-40: 0.5973727
vref_0: 0.5999717
vref_100: 0.6014046
vref_125: 0.6006056
vref_20: 0.5994543
vref_40: 0.6001099
vref_60: 0.6012069
vref_80: 0.601462
