ivdd_-20: -2.91009e-05
ivdd_-40: -2.38631e-05
ivdd_0: -3.385599e-05
ivdd_100: -5.217985e-05
ivdd_125: -5.921654e-05
ivdd_20: -3.735641e-05
ivdd_40: -4.045796e-05
ivdd_60: -4.362362e-05
ivdd_80: -4.757787e-05
vref_-20: 0.6042702
vref_-40: 0.6043515
vref_0: 0.6042442
vref_100: 0.603418
vref_125: 0.600424
vref_20: 0.6040004
vref_40: 0.6047059
vref_60: 0.6053623
vref_80: 0.6042461
