ivdd_-20: -3.066699e-05
ivdd_-40: -2.424308e-05
ivdd_0: -3.654254e-05
ivdd_100: -5.77872e-05
ivdd_125: -6.469603e-05
ivdd_20: -4.107011e-05
ivdd_40: -4.505184e-05
ivdd_60: -4.890459e-05
ivdd_80: -5.224463e-05
vref_-20: 0.5951186
vref_-40: 0.5962023
vref_0: 0.5951724
vref_100: 0.5950938
vref_125: 0.5943057
vref_20: 0.5957983
vref_40: 0.5962299
vref_60: 0.5964349
vref_80: 0.5984526
