ivdd_-20: -3.062854e-05
ivdd_-40: -2.532923e-05
ivdd_0: -3.5075e-05
ivdd_100: -5.10238e-05
ivdd_125: -5.626136e-05
ivdd_20: -3.867e-05
ivdd_40: -4.164115e-05
ivdd_60: -4.421888e-05
ivdd_80: -4.748806e-05
vref_-20: 0.6038452
vref_-40: 0.6025237
vref_0: 0.603718
vref_100: 0.6026
vref_125: 0.6013816
vref_20: 0.6051092
vref_40: 0.6036832
vref_60: 0.6028281
vref_80: 0.6033373
