ivdd_-20: -3.201659e-05
ivdd_-40: -2.617679e-05
ivdd_0: -3.737521e-05
ivdd_100: -5.416454e-05
ivdd_125: -5.867826e-05
ivdd_20: -4.138659e-05
ivdd_40: -4.513158e-05
ivdd_60: -4.758748e-05
ivdd_80: -5.108237e-05
vref_-20: 0.5920401
vref_-40: 0.590718
vref_0: 0.5920652
vref_100: 0.592476
vref_125: 0.591084
vref_20: 0.5927069
vref_40: 0.5931086
vref_60: 0.5932999
vref_80: 0.5927058
