ivdd_-20: -3.222652e-05
ivdd_-40: -2.624601e-05
ivdd_0: -3.729027e-05
ivdd_100: -5.511155e-05
ivdd_125: -5.939418e-05
ivdd_20: -4.181485e-05
ivdd_40: -4.498111e-05
ivdd_60: -4.757984e-05
ivdd_80: -5.180911e-05
vref_-20: 0.597801
vref_-40: 0.5968109
vref_0: 0.5982813
vref_100: 0.5995676
vref_125: 0.5985989
vref_20: 0.5988751
vref_40: 0.5994613
vref_60: 0.5997647
vref_80: 0.6006008
