ivdd_-20: -3.194139e-05
ivdd_-40: -2.633058e-05
ivdd_0: -3.689432e-05
ivdd_100: -5.363552e-05
ivdd_125: -5.876038e-05
ivdd_20: -4.106134e-05
ivdd_40: -4.362164e-05
ivdd_60: -4.661043e-05
ivdd_80: -4.991587e-05
vref_-20: 0.6027069
vref_-40: 0.6017604
vref_0: 0.6031595
vref_100: 0.6053634
vref_125: 0.6041791
vref_20: 0.603689
vref_40: 0.6050795
vref_60: 0.6052705
vref_80: 0.605404
