ivdd_-20: -3.171693e-05
ivdd_-40: -2.600029e-05
ivdd_0: -3.670241e-05
ivdd_100: -5.25621e-05
ivdd_125: -5.749855e-05
ivdd_20: -4.08138e-05
ivdd_40: -4.367179e-05
ivdd_60: -4.690985e-05
ivdd_80: -5.003354e-05
vref_-20: 0.5917464
vref_-40: 0.5909088
vref_0: 0.5925262
vref_100: 0.5923133
vref_125: 0.5919573
vref_20: 0.5928245
vref_40: 0.5929734
vref_60: 0.5938279
vref_80: 0.5931158
