ivdd_-20: -2.996939e-05
ivdd_-40: -2.473091e-05
ivdd_0: -3.448161e-05
ivdd_100: -5.1864e-05
ivdd_125: -5.740725e-05
ivdd_20: -3.800842e-05
ivdd_40: -4.114667e-05
ivdd_60: -4.432253e-05
ivdd_80: -4.795139e-05
vref_-20: 0.5932623
vref_-40: 0.5935334
vref_0: 0.5939297
vref_100: 0.5934936
vref_125: 0.5917004
vref_20: 0.594162
vref_40: 0.5937448
vref_60: 0.5941142
vref_80: 0.5946101
