caprst_fall_first_-20: 4.975152e-05
caprst_fall_first_-40: 4.995152e-05
caprst_fall_first_0: 4.975152e-05
caprst_fall_first_100: 5.005152e-05
caprst_fall_first_125: 5.025152e-05
caprst_fall_first_20: 4.970152e-05
caprst_fall_first_40: 4.975152e-05
caprst_fall_first_60: 4.975152e-05
caprst_fall_first_80: 4.985152e-05
caprst_fall_second_-20: 0.0001103015
caprst_fall_second_-40: 0.0001105015
caprst_fall_second_0: 0.0001103515
caprst_fall_second_100: 0.0001106015
caprst_fall_second_125: 0.0001110015
caprst_fall_second_20: 0.0001104015
caprst_fall_second_40: 0.0001104015
caprst_fall_second_60: 0.0001104015
caprst_fall_second_80: 0.0001104515
caprst_rise_first_-20: 6.980152e-05
caprst_rise_first_-40: 7.000152e-05
caprst_rise_first_0: 6.985152e-05
caprst_rise_first_100: 7.010152e-05
caprst_rise_first_125: 7.045152e-05
caprst_rise_first_20: 6.990152e-05
caprst_rise_first_40: 6.990152e-05
caprst_rise_first_60: 6.990152e-05
caprst_rise_first_80: 6.995152e-05
caprst_rise_second_-20: 0.0001303515
caprst_rise_second_-40: 0.0001307515
caprst_rise_second_0: 0.0001306015
caprst_rise_second_100: 0.0001307015
caprst_rise_second_125: 0.0001310528
caprst_rise_second_20: 0.0001312015
caprst_rise_second_40: 0.0001305015
caprst_rise_second_60: 0.0001315515
caprst_rise_second_80: 0.0001305515
iptat_first_-20: 6.078992e-06
iptat_first_-40: 5.569408e-06
iptat_first_0: 6.55374e-06
iptat_first_100: 8.719969e-06
iptat_first_125: 9.196574e-06
iptat_first_20: 7.036804e-06
iptat_first_40: 7.467194e-06
iptat_first_60: 7.909002e-06
iptat_first_80: 8.32168e-06
iptat_second_-20: 5.588667e-06
iptat_second_-40: 5.181623e-06
iptat_second_0: 5.982781e-06
iptat_second_100: 7.674402e-06
iptat_second_125: 8.001327e-06
iptat_second_20: 6.365529e-06
iptat_second_40: 6.731908e-06
iptat_second_60: 7.07619e-06
iptat_second_80: 7.381509e-06
tmpcount1_-20: 0.08
tmpcount1_-40: 0.076
tmpcount1_0: 0.063
tmpcount1_100: 0.108
tmpcount1_125: 0.114
tmpcount1_20: 0.089
tmpcount1_40: 0.094
tmpcount1_60: 0.099
tmpcount1_80: 0.103
tmpcount2_-20: 0.075
tmpcount2_-40: 0.073
tmpcount2_0: 0.079
tmpcount2_100: 0.097
tmpcount2_125: 0.101
tmpcount2_20: 0.083
tmpcount2_40: 0.086
tmpcount2_60: 0.093
tmpcount2_80: 0.092
