caprst_fall_first_-20: 4.905152e-05
caprst_fall_first_-40: 4.930152e-05
caprst_fall_first_0: 5.035152e-05
caprst_fall_first_100: 5.065152e-05
caprst_fall_first_125: 5.080152e-05
caprst_fall_first_20: 5.040152e-05
caprst_fall_first_40: 5.040152e-05
caprst_fall_first_60: 5.045152e-05
caprst_fall_first_80: 5.050152e-05
caprst_fall_second_-20: 0.0001099015
caprst_fall_second_-40: 0.0001098515
caprst_fall_second_0: 0.0001110015
caprst_fall_second_100: 0.0001114515
caprst_fall_second_125: 0.0001125515
caprst_fall_second_20: 0.0001109515
caprst_fall_second_40: 0.0001109515
caprst_fall_second_60: 0.0001110015
caprst_fall_second_80: 0.0001112515
caprst_rise_first_-20: 6.940152e-05
caprst_rise_first_-40: 6.935152e-05
caprst_rise_first_0: 7.050152e-05
caprst_rise_first_100: 7.090152e-05
caprst_rise_first_125: 7.205152e-05
caprst_rise_first_20: 7.045152e-05
caprst_rise_first_40: 7.045152e-05
caprst_rise_first_60: 7.050152e-05
caprst_rise_first_80: 7.075152e-05
caprst_rise_second_-20: 0.0001309015
caprst_rise_second_-40: 0.0001301015
caprst_rise_second_0: 0.0001315515
caprst_rise_second_100: 0.0001318015
caprst_rise_second_125: 0.0001326015
caprst_rise_second_20: 0.0001310015
caprst_rise_second_40: 0.0001310519
caprst_rise_second_60: 0.000131052
caprst_rise_second_80: 0.0001317015
iptat_first_-20: 6.40431e-06
iptat_first_-40: 5.918611e-06
iptat_first_0: 6.867673e-06
iptat_first_100: 8.858898e-06
iptat_first_125: 9.255177e-06
iptat_first_20: 7.309192e-06
iptat_first_40: 7.724908e-06
iptat_first_60: 8.128025e-06
iptat_first_80: 8.498984e-06
iptat_second_-20: 5.58035e-06
iptat_second_-40: 5.148934e-06
iptat_second_0: 6.022775e-06
iptat_second_100: 7.944581e-06
iptat_second_125: 8.357756e-06
iptat_second_20: 6.410034e-06
iptat_second_40: 6.838292e-06
iptat_second_60: 7.222049e-06
iptat_second_80: 7.597777e-06
tmpcount1_-20: 0.084
tmpcount1_-40: 0.08
tmpcount1_0: 0.088
tmpcount1_100: 0.109
tmpcount1_125: 0.063
tmpcount1_20: 0.092
tmpcount1_40: 0.096
tmpcount1_60: 0.1
tmpcount1_80: 0.106
tmpcount2_-20: 0.076
tmpcount2_-40: 0.07
tmpcount2_0: 0.078
tmpcount2_100: 0.101
tmpcount2_125: 0.105
tmpcount2_20: 0.08
tmpcount2_40: 0.085
tmpcount2_60: 0.089
tmpcount2_80: 0.095
