caprst_fall_first_-20: 6.890152e-05
caprst_fall_first_-40: 7.020152e-05
caprst_fall_first_0: 6.830152e-05
caprst_fall_first_100: 6.930152e-05
caprst_fall_first_125: 7.160152e-05
caprst_fall_first_20: 6.745152e-05
caprst_fall_first_40: 6.735152e-05
caprst_fall_first_60: 6.735152e-05
caprst_fall_first_80: 6.855152e-05
caprst_fall_second_-20: 0.0001519015
caprst_fall_second_-40: 0.0001548015
caprst_fall_second_0: 0.0001515015
caprst_fall_second_100: 0.0001522515
caprst_fall_second_125: 0.0001571015
caprst_fall_second_20: 0.0001490015
caprst_fall_second_40: 0.0001485015
caprst_fall_second_60: 0.0001489515
caprst_fall_second_80: 0.0001509015
caprst_rise_first_-20: 8.915152e-05
caprst_rise_first_-40: 9.035152e-05
caprst_rise_first_0: 8.935152e-05
caprst_rise_first_100: 8.940152e-05
caprst_rise_first_125: 9.220152e-05
caprst_rise_first_20: 8.775152e-05
caprst_rise_first_40: 8.740152e-05
caprst_rise_first_60: 8.785152e-05
caprst_rise_first_80: 8.875152e-05
caprst_rise_second_-20: 0.0001720015
caprst_rise_second_-40: 0.0001749015
caprst_rise_second_0: 0.0001717515
caprst_rise_second_100: 0.0001725515
caprst_rise_second_125: 0.0001771515
caprst_rise_second_20: 0.0001690515
caprst_rise_second_40: 0.0001685515
caprst_rise_second_60: 0.0001690515
caprst_rise_second_80: 0.0001709515
iptat_first_-20: 9.10389e-06
iptat_first_-40: 8.641016e-06
iptat_first_0: 9.57751e-06
iptat_first_100: 1.078172e-06
iptat_first_125: 1.242331e-05
iptat_first_20: 1.005888e-05
iptat_first_40: 1.050091e-05
iptat_first_60: 1.096379e-05
iptat_first_80: 1.139761e-05
iptat_second_-20: 2.930697e-06
iptat_second_-40: 2.508879e-06
iptat_second_0: 3.314462e-06
iptat_second_100: 4.637833e-06
iptat_second_125: 4.684904e-06
iptat_second_20: 3.693787e-06
iptat_second_40: 3.985212e-06
iptat_second_60: 4.299018e-06
iptat_second_80: 4.477946e-06
tmpcount1_-20: 0.121
tmpcount1_-40: 0.118
tmpcount1_0: 0.129
tmpcount1_100: 0.012
tmpcount1_125: 0.16
tmpcount1_20: 0.129
tmpcount1_40: 0.132
tmpcount1_60: 0.141
tmpcount1_80: 0.143
tmpcount2_-20: 0.038
tmpcount2_-40: 0.034
tmpcount2_0: 0.042
tmpcount2_100: 0.062
tmpcount2_125: 0.062
tmpcount2_20: 0.047
tmpcount2_40: 0.052
tmpcount2_60: 0.055
tmpcount2_80: 0.057
