caprst_fall_first_-20: 4.955152e-05
caprst_fall_first_-40: 5.055152e-05
caprst_fall_first_0: 4.915152e-05
caprst_fall_first_100: 5.060152e-05
caprst_fall_first_125: 5.085152e-05
caprst_fall_first_20: 4.915152e-05
caprst_fall_first_40: 4.915152e-05
caprst_fall_first_60: 4.915152e-05
caprst_fall_first_80: 4.940152e-05
caprst_fall_second_-20: 0.0001122015
caprst_fall_second_-40: 0.0001139515
caprst_fall_second_0: 0.0001111515
caprst_fall_second_100: 0.0001135015
caprst_fall_second_125: 0.0001139015
caprst_fall_second_20: 0.0001110015
caprst_fall_second_40: 0.0001111515
caprst_fall_second_60: 0.0001111015
caprst_fall_second_80: 0.0001116015
caprst_rise_first_-20: 6.995152e-05
caprst_rise_first_-40: 7.065152e-05
caprst_rise_first_0: 6.925152e-05
caprst_rise_first_100: 7.065152e-05
caprst_rise_first_125: 7.090152e-05
caprst_rise_first_20: 6.920152e-05
caprst_rise_first_40: 6.945152e-05
caprst_rise_first_60: 6.930152e-05
caprst_rise_first_80: 6.965152e-05
caprst_rise_second_-20: 0.0001329015
caprst_rise_second_-40: 0.0001341515
caprst_rise_second_0: 0.0001315515
caprst_rise_second_100: 0.0001338015
caprst_rise_second_125: 0.0001341015
caprst_rise_second_20: 0.0001311015
caprst_rise_second_40: 0.0001312515
caprst_rise_second_60: 0.0001311515
caprst_rise_second_80: 0.0001316515
iptat_first_-20: 6.943456e-06
iptat_first_-40: 6.502935e-06
iptat_first_0: 7.407666e-06
iptat_first_100: 9.516504e-06
iptat_first_125: 1.004996e-05
iptat_first_20: 7.847998e-06
iptat_first_40: 8.29689e-06
iptat_first_60: 8.712805e-06
iptat_first_80: 9.122307e-06
iptat_second_-20: 4.836314e-06
iptat_second_-40: 4.394204e-06
iptat_second_0: 5.249804e-06
iptat_second_100: 6.930825e-06
iptat_second_125: 7.222185e-06
iptat_second_20: 5.658833e-06
iptat_second_40: 6.019772e-06
iptat_second_60: 6.396126e-06
iptat_second_80: 6.687897e-06
tmpcount1_-20: 0.093
tmpcount1_-40: 0.089
tmpcount1_0: 0.063
tmpcount1_100: 0.118
tmpcount1_125: 0.125
tmpcount1_20: 0.1
tmpcount1_40: 0.105
tmpcount1_60: 0.11
tmpcount1_80: 0.115
tmpcount2_-20: 0.067
tmpcount2_-40: 0.061
tmpcount2_0: 0.07
tmpcount2_100: 0.088
tmpcount2_125: 0.093
tmpcount2_20: 0.072
tmpcount2_40: 0.077
tmpcount2_60: 0.08
tmpcount2_80: 0.085
