caprst_fall_first_-20: 5.405152e-05
caprst_fall_first_-40: 5.435152e-05
caprst_fall_first_0: 5.345152e-05
caprst_fall_first_100: 5.420152e-05
caprst_fall_first_125: 5.455152e-05
caprst_fall_first_20: 5.340152e-05
caprst_fall_first_40: 5.325152e-05
caprst_fall_first_60: 5.340152e-05
caprst_fall_first_80: 5.355152e-05
caprst_fall_second_-20: 0.0001216515
caprst_fall_second_-40: 0.0001219515
caprst_fall_second_0: 0.0001198015
caprst_fall_second_100: 0.0001208515
caprst_fall_second_125: 0.0001213015
caprst_fall_second_20: 0.0001198515
caprst_fall_second_40: 0.0001194015
caprst_fall_second_60: 0.0001194515
caprst_fall_second_80: 0.0001199015
caprst_rise_first_-20: 7.460152e-05
caprst_rise_first_-40: 7.450152e-05
caprst_rise_first_0: 7.350152e-05
caprst_rise_first_100: 7.425152e-05
caprst_rise_first_125: 7.465152e-05
caprst_rise_first_20: 7.365152e-05
caprst_rise_first_40: 7.340152e-05
caprst_rise_first_60: 7.350152e-05
caprst_rise_first_80: 7.390152e-05
caprst_rise_second_-20: 0.0001417015
caprst_rise_second_-40: 0.0001421515
caprst_rise_second_0: 0.0001399015
caprst_rise_second_100: 0.0001413515
caprst_rise_second_125: 0.0001414015
caprst_rise_second_20: 0.0001400015
caprst_rise_second_40: 0.0001397515
caprst_rise_second_60: 0.0001395515
caprst_rise_second_80: 0.0001400515
iptat_first_-20: 7.303341e-06
iptat_first_-40: 6.84704e-06
iptat_first_0: 7.756523e-06
iptat_first_100: 9.81133e-06
iptat_first_125: 1.027565e-05
iptat_first_20: 8.209298e-06
iptat_first_40: 8.616464e-06
iptat_first_60: 9.031909e-06
iptat_first_80: 9.440516e-06
iptat_second_-20: 4.559124e-06
iptat_second_-40: 4.137503e-06
iptat_second_0: 4.96795e-06
iptat_second_100: 6.676191e-06
iptat_second_125: 7.038699e-06
iptat_second_20: 5.359835e-06
iptat_second_40: 5.734212e-06
iptat_second_60: 6.092284e-06
iptat_second_80: 6.402578e-06
tmpcount1_-20: 0.098
tmpcount1_-40: 0.094
tmpcount1_0: 0.1
tmpcount1_100: 0.123
tmpcount1_125: 0.127
tmpcount1_20: 0.104
tmpcount1_40: 0.108
tmpcount1_60: 0.114
tmpcount1_80: 0.118
tmpcount2_-20: 0.06
tmpcount2_-40: 0.057
tmpcount2_0: 0.065
tmpcount2_100: 0.085
tmpcount2_125: 0.089
tmpcount2_20: 0.069
tmpcount2_40: 0.075
tmpcount2_60: 0.078
tmpcount2_80: 0.082
