caprst_fall_first_-20: 5.535152e-05
caprst_fall_first_-40: 5.630152e-05
caprst_fall_first_0: 5.460152e-05
caprst_fall_first_100: 5.345152e-05
caprst_fall_first_125: 5.360152e-05
caprst_fall_first_20: 5.400152e-05
caprst_fall_first_40: 5.400152e-05
caprst_fall_first_60: 5.400152e-05
caprst_fall_first_80: 5.365152e-05
caprst_fall_second_-20: 0.0001251015
caprst_fall_second_-40: 0.0001267015
caprst_fall_second_0: 0.0001233015
caprst_fall_second_100: 0.0001199015
caprst_fall_second_125: 0.0001198515
caprst_fall_second_20: 0.0001219015
caprst_fall_second_40: 0.0001215015
caprst_fall_second_60: 0.0001215015
caprst_fall_second_80: 0.0001207015
caprst_rise_first_-20: 7.570152e-05
caprst_rise_first_-40: 7.645152e-05
caprst_rise_first_0: 7.475152e-05
caprst_rise_first_100: 7.355152e-05
caprst_rise_first_125: 7.375152e-05
caprst_rise_first_20: 7.420152e-05
caprst_rise_first_40: 7.405152e-05
caprst_rise_first_60: 7.415152e-05
caprst_rise_first_80: 7.390152e-05
caprst_rise_second_-20: 0.0001451515
caprst_rise_second_-40: 0.0001468515
caprst_rise_second_0: 0.0001436515
caprst_rise_second_100: 0.0001403515
caprst_rise_second_125: 0.0001402015
caprst_rise_second_20: 0.0001419515
caprst_rise_second_40: 0.0001416515
caprst_rise_second_60: 0.0001415515
caprst_rise_second_80: 0.0001407515
iptat_first_-20: 7.724968e-06
iptat_first_-40: 7.287939e-06
iptat_first_0: 8.173067e-06
iptat_first_100: 1.009928e-05
iptat_first_125: 1.044545e-05
iptat_first_20: 8.590817e-06
iptat_first_40: 9.003663e-06
iptat_first_60: 9.393635e-06
iptat_first_80: 9.757466e-06
iptat_second_-20: 4.111015e-06
iptat_second_-40: 3.696661e-06
iptat_second_0: 4.567424e-06
iptat_second_100: 6.520344e-06
iptat_second_125: 6.916714e-06
iptat_second_20: 5.006285e-06
iptat_second_40: 5.39247e-06
iptat_second_60: 5.792653e-06
iptat_second_80: 6.201108e-06
tmpcount1_-20: 0.102
tmpcount1_-40: 0.1
tmpcount1_0: 0.104
tmpcount1_100: 0.063
tmpcount1_125: 0.128
tmpcount1_20: 0.108
tmpcount1_40: 0.114
tmpcount1_60: 0.117
tmpcount1_80: 0.121
tmpcount2_-20: 0.054
tmpcount2_-40: 0.051
tmpcount2_0: 0.06
tmpcount2_100: 0.083
tmpcount2_125: 0.089
tmpcount2_20: 0.065
tmpcount2_40: 0.069
tmpcount2_60: 0.072
tmpcount2_80: 0.077
