caprst_fall_first_-20: 5.620152e-05
caprst_fall_first_-40: 5.710152e-05
caprst_fall_first_0: 5.545152e-05
caprst_fall_first_100: 5.540152e-05
caprst_fall_first_125: 5.565152e-05
caprst_fall_first_20: 5.475152e-05
caprst_fall_first_40: 5.455152e-05
caprst_fall_first_60: 5.415152e-05
caprst_fall_first_80: 5.435152e-05
caprst_fall_second_-20: 0.0001268515
caprst_fall_second_-40: 0.0001283515
caprst_fall_second_0: 0.0001251015
caprst_fall_second_100: 0.0001241515
caprst_fall_second_125: 0.0001246015
caprst_fall_second_20: 0.0001236015
caprst_fall_second_40: 0.0001229015
caprst_fall_second_60: 0.0001221028
caprst_fall_second_80: 0.0001222515
caprst_rise_first_-20: 7.670152e-05
caprst_rise_first_-40: 7.720152e-05
caprst_rise_first_0: 7.580152e-05
caprst_rise_first_100: 7.550152e-05
caprst_rise_first_125: 7.580152e-05
caprst_rise_first_20: 7.505152e-05
caprst_rise_first_40: 7.460152e-05
caprst_rise_first_60: 7.435152e-05
caprst_rise_first_80: 7.450152e-05
caprst_rise_second_-20: 0.0001469015
caprst_rise_second_-40: 0.0001485015
caprst_rise_second_0: 0.0001456015
caprst_rise_second_100: 0.0001442015
caprst_rise_second_125: 0.0001448015
caprst_rise_second_20: 0.0001437015
caprst_rise_second_40: 0.0001430015
caprst_rise_second_60: 0.0001422028
caprst_rise_second_80: 0.0001423515
iptat_first_-20: 7.822344e-06
iptat_first_-40: 7.362829e-06
iptat_first_0: 8.25864e-06
iptat_first_100: 1.031336e-05
iptat_first_125: 1.082461e-05
iptat_first_20: 8.690686e-06
iptat_first_40: 9.092774e-06
iptat_first_60: 9.499148e-06
iptat_first_80: 9.910222e-06
iptat_second_-20: 4.130701e-06
iptat_second_-40: 3.680766e-06
iptat_second_0: 4.56156e-06
iptat_second_100: 6.306773e-06
iptat_second_125: 6.563702e-06
iptat_second_20: 4.990857e-06
iptat_second_40: 5.370637e-06
iptat_second_60: 5.70922e-06
iptat_second_80: 6.040263e-06
tmpcount1_-20: 0.106
tmpcount1_-40: 0.101
tmpcount1_0: 0.063
tmpcount1_100: 0.128
tmpcount1_125: 0.134
tmpcount1_20: 0.111
tmpcount1_40: 0.114
tmpcount1_60: 0.119
tmpcount1_80: 0.124
tmpcount2_-20: 0.055
tmpcount2_-40: 0.049
tmpcount2_0: 0.061
tmpcount2_100: 0.081
tmpcount2_125: 0.085
tmpcount2_20: 0.063
tmpcount2_40: 0.069
tmpcount2_60: 0.072
tmpcount2_80: 0.077
