caprst_fall_first_-20: 4.990152e-05
caprst_fall_first_-40: 5.005152e-05
caprst_fall_first_0: 4.975152e-05
caprst_fall_first_100: 4.925152e-05
caprst_fall_first_125: 4.945152e-05
caprst_fall_first_20: 4.910152e-05
caprst_fall_first_40: 4.905152e-05
caprst_fall_first_60: 4.910152e-05
caprst_fall_first_80: 4.920152e-05
caprst_fall_second_-20: 0.0001131515
caprst_fall_second_-40: 0.0001137015
caprst_fall_second_0: 0.0001129015
caprst_fall_second_100: 0.0001113515
caprst_fall_second_125: 0.0001120015
caprst_fall_second_20: 0.0001117515
caprst_fall_second_40: 0.0001115015
caprst_fall_second_60: 0.0001116515
caprst_fall_second_80: 0.0001117515
caprst_rise_first_-20: 6.995152e-05
caprst_rise_first_-40: 7.025152e-05
caprst_rise_first_0: 6.985152e-05
caprst_rise_first_100: 6.930152e-05
caprst_rise_first_125: 6.990152e-05
caprst_rise_first_20: 6.925152e-05
caprst_rise_first_40: 6.915152e-05
caprst_rise_first_60: 6.940152e-05
caprst_rise_first_80: 6.950152e-05
caprst_rise_second_-20: 0.0001334015
caprst_rise_second_-40: 0.0001340515
caprst_rise_second_0: 0.0001329515
caprst_rise_second_100: 0.0001319015
caprst_rise_second_125: 0.0001321015
caprst_rise_second_20: 0.0001319015
caprst_rise_second_40: 0.0001315515
caprst_rise_second_60: 0.0001317515
caprst_rise_second_80: 0.0001320515
iptat_first_-20: 6.914545e-06
iptat_first_-40: 6.473513e-06
iptat_first_0: 7.358078e-06
iptat_first_100: 9.301748e-06
iptat_first_125: 9.752206e-06
iptat_first_20: 7.769422e-06
iptat_first_40: 8.163467e-06
iptat_first_60: 8.572661e-06
iptat_first_80: 8.922777e-06
iptat_second_-20: 4.879067e-06
iptat_second_-40: 4.407385e-06
iptat_second_0: 5.306927e-06
iptat_second_100: 7.267862e-06
iptat_second_125: 7.643911e-06
iptat_second_20: 5.763687e-06
iptat_second_40: 6.153792e-06
iptat_second_60: 6.529021e-06
iptat_second_80: 6.90016e-06
tmpcount1_-20: 0.089
tmpcount1_-40: 0.089
tmpcount1_0: 0.063
tmpcount1_100: 0.114
tmpcount1_125: 0.063
tmpcount1_20: 0.098
tmpcount1_40: 0.102
tmpcount1_60: 0.108
tmpcount1_80: 0.112
tmpcount2_-20: 0.065
tmpcount2_-40: 0.061
tmpcount2_0: 0.068
tmpcount2_100: 0.093
tmpcount2_125: 0.096
tmpcount2_20: 0.073
tmpcount2_40: 0.077
tmpcount2_60: 0.082
tmpcount2_80: 0.087
