caprst_fall_first_-20: 4.960152e-05
caprst_fall_first_-40: 4.965152e-05
caprst_fall_first_0: 4.955152e-05
caprst_fall_first_100: 4.990152e-05
caprst_fall_first_125: 5.005152e-05
caprst_fall_first_20: 4.950152e-05
caprst_fall_first_40: 4.960152e-05
caprst_fall_first_60: 4.965152e-05
caprst_fall_first_80: 4.965152e-05
caprst_fall_second_-20: 0.0001115015
caprst_fall_second_-40: 0.0001123015
caprst_fall_second_0: 0.0001115515
caprst_fall_second_100: 0.0001116015
caprst_fall_second_125: 0.0001116515
caprst_fall_second_20: 0.0001113515
caprst_fall_second_40: 0.0001112015
caprst_fall_second_60: 0.0001115015
caprst_fall_second_80: 0.0001114515
caprst_rise_first_-20: 6.975152e-05
caprst_rise_first_-40: 7.030152e-05
caprst_rise_first_0: 6.980152e-05
caprst_rise_first_100: 7.005152e-05
caprst_rise_first_125: 7.015152e-05
caprst_rise_first_20: 6.970152e-05
caprst_rise_first_40: 6.965152e-05
caprst_rise_first_60: 6.995152e-05
caprst_rise_first_80: 6.995152e-05
caprst_rise_second_-20: 0.0001317515
caprst_rise_second_-40: 0.0001335515
caprst_rise_second_0: 0.0001318015
caprst_rise_second_100: 0.0001319015
caprst_rise_second_125: 0.0001318015
caprst_rise_second_20: 0.0001315515
caprst_rise_second_40: 0.0001312515
caprst_rise_second_60: 0.0001316515
caprst_rise_second_80: 0.0001319015
iptat_first_-20: 6.768815e-06
iptat_first_-40: 6.312672e-06
iptat_first_0: 7.233612e-06
iptat_first_100: 9.333352e-06
iptat_first_125: 9.754087e-06
iptat_first_20: 7.709643e-06
iptat_first_40: 8.123365e-06
iptat_first_60: 8.54633e-06
iptat_first_80: 8.932299e-06
iptat_second_-20: 5.036101e-06
iptat_second_-40: 4.614157e-06
iptat_second_0: 5.466962e-06
iptat_second_100: 7.247465e-06
iptat_second_125: 7.596833e-06
iptat_second_20: 5.851947e-06
iptat_second_40: 6.231342e-06
iptat_second_60: 6.598598e-06
iptat_second_80: 6.921869e-06
tmpcount1_-20: 0.087
tmpcount1_-40: 0.087
tmpcount1_0: 0.092
tmpcount1_100: 0.114
tmpcount1_125: 0.119
tmpcount1_20: 0.096
tmpcount1_40: 0.1
tmpcount1_60: 0.106
tmpcount1_80: 0.111
tmpcount2_-20: 0.066
tmpcount2_-40: 0.066
tmpcount2_0: 0.069
tmpcount2_100: 0.09
tmpcount2_125: 0.095
tmpcount2_20: 0.073
tmpcount2_40: 0.077
tmpcount2_60: 0.082
tmpcount2_80: 0.089
