caprst_fall_first_-20: 6.515152e-05
caprst_fall_first_-40: 6.705152e-05
caprst_fall_first_0: 6.415152e-05
caprst_fall_first_100: 6.265152e-05
caprst_fall_first_125: 6.340152e-05
caprst_fall_first_20: 6.325152e-05
caprst_fall_first_40: 6.255152e-05
caprst_fall_first_60: 6.240152e-05
caprst_fall_first_80: 6.250152e-05
caprst_fall_second_-20: 0.0001419515
caprst_fall_second_-40: 0.0001457015
caprst_fall_second_0: 0.0001398015
caprst_fall_second_100: 0.0001362515
caprst_fall_second_125: 0.0001373515
caprst_fall_second_20: 0.0001379015
caprst_fall_second_40: 0.0001364015
caprst_fall_second_60: 0.0001362015
caprst_fall_second_80: 0.0001359515
caprst_rise_first_-20: 8.540152e-05
caprst_rise_first_-40: 8.735152e-05
caprst_rise_first_0: 8.425152e-05
caprst_rise_first_100: 8.290152e-05
caprst_rise_first_125: 8.345152e-05
caprst_rise_first_20: 8.335152e-05
caprst_rise_first_40: 8.265152e-05
caprst_rise_first_60: 8.265152e-05
caprst_rise_first_80: 8.260152e-05
caprst_rise_second_-20: 0.0001620015
caprst_rise_second_-40: 0.0001657515
caprst_rise_second_0: 0.0001603515
caprst_rise_second_100: 0.0001564015
caprst_rise_second_125: 0.0001578015
caprst_rise_second_20: 0.0001583515
caprst_rise_second_40: 0.0001565015
caprst_rise_second_60: 0.0001564015
caprst_rise_second_80: 0.0001561015
iptat_first_-20: 7.958396e-06
iptat_first_-40: 7.538514e-06
iptat_first_0: 8.403306e-06
iptat_first_100: 1.039722e-05
iptat_first_125: 1.087459e-05
iptat_first_20: 8.817572e-06
iptat_first_40: 9.241209e-06
iptat_first_60: 9.608497e-06
iptat_first_80: 1.002086e-05
iptat_second_-20: 4.043861e-06
iptat_second_-40: 3.586103e-06
iptat_second_0: 4.488758e-06
iptat_second_100: 6.311332e-06
iptat_second_125: 6.628159e-06
iptat_second_20: 4.912703e-06
iptat_second_40: 5.33264e-06
iptat_second_60: 5.674443e-06
iptat_second_80: 6.006931e-06
tmpcount1_-20: 0.105
tmpcount1_-40: 0.102
tmpcount1_0: 0.107
tmpcount1_100: 0.129
tmpcount1_125: 0.133
tmpcount1_20: 0.11
tmpcount1_40: 0.114
tmpcount1_60: 0.119
tmpcount1_80: 0.123
tmpcount2_-20: 0.053
tmpcount2_-40: 0.047
tmpcount2_0: 0.059
tmpcount2_100: 0.081
tmpcount2_125: 0.086
tmpcount2_20: 0.062
tmpcount2_40: 0.066
tmpcount2_60: 0.072
tmpcount2_80: 0.076
