caprst_fall_first_-20: 4.860152e-05
caprst_fall_first_-40: 4.885152e-05
caprst_fall_first_0: 4.850152e-05
caprst_fall_first_100: 5.015152e-05
caprst_fall_first_125: 5.030152e-05
caprst_fall_first_20: 4.990152e-05
caprst_fall_first_40: 4.990152e-05
caprst_fall_first_60: 4.995152e-05
caprst_fall_first_80: 5.000152e-05
caprst_fall_second_-20: 0.0001092515
caprst_fall_second_-40: 0.0001094015
caprst_fall_second_0: 0.0001092015
caprst_fall_second_100: 0.0001108515
caprst_fall_second_125: 0.0001114515
caprst_fall_second_20: 0.0001105515
caprst_fall_second_40: 0.0001105015
caprst_fall_second_60: 0.0001106015
caprst_fall_second_80: 0.0001107015
caprst_rise_first_-20: 6.870152e-05
caprst_rise_first_-40: 6.890152e-05
caprst_rise_first_0: 6.870152e-05
caprst_rise_first_100: 7.035152e-05
caprst_rise_first_125: 7.095152e-05
caprst_rise_first_20: 7.005152e-05
caprst_rise_first_40: 7.000152e-05
caprst_rise_first_60: 7.010152e-05
caprst_rise_first_80: 7.020152e-05
caprst_rise_second_-20: 0.0001294515
caprst_rise_second_-40: 0.0001297015
caprst_rise_second_0: 0.0001293515
caprst_rise_second_100: 0.0001309515
caprst_rise_second_125: 0.0001315015
caprst_rise_second_20: 0.0001306015
caprst_rise_second_40: 0.0001306015
caprst_rise_second_60: 0.0001312015
caprst_rise_second_80: 0.0001313015
iptat_first_-20: 6.39358e-06
iptat_first_-40: 5.948254e-06
iptat_first_0: 6.824006e-06
iptat_first_100: 8.837472e-06
iptat_first_125: 9.280084e-06
iptat_first_20: 7.255429e-06
iptat_first_40: 7.662906e-06
iptat_first_60: 8.065589e-06
iptat_first_80: 8.453825e-06
iptat_second_-20: 5.52629e-06
iptat_second_-40: 5.062079e-06
iptat_second_0: 5.949751e-06
iptat_second_100: 7.868148e-06
iptat_second_125: 8.265057e-06
iptat_second_20: 6.398837e-06
iptat_second_40: 6.801654e-06
iptat_second_60: 7.179983e-06
iptat_second_80: 7.567239e-06
tmpcount1_-20: 0.083
tmpcount1_-40: 0.08
tmpcount1_0: 0.063
tmpcount1_100: 0.108
tmpcount1_125: 0.118
tmpcount1_20: 0.09
tmpcount1_40: 0.095
tmpcount1_60: 0.063
tmpcount1_80: 0.104
tmpcount2_-20: 0.073
tmpcount2_-40: 0.068
tmpcount2_0: 0.075
tmpcount2_100: 0.096
tmpcount2_125: 0.1
tmpcount2_20: 0.08
tmpcount2_40: 0.086
tmpcount2_60: 0.091
tmpcount2_80: 0.095
