caprst_fall_first_-20: 5.640152e-05
caprst_fall_first_-40: 5.760152e-05
caprst_fall_first_0: 5.535152e-05
caprst_fall_first_100: 5.500152e-05
caprst_fall_first_125: 5.590152e-05
caprst_fall_first_20: 5.490152e-05
caprst_fall_first_40: 5.475152e-05
caprst_fall_first_60: 5.475152e-05
caprst_fall_first_80: 5.490152e-05
caprst_fall_second_-20: 0.0001251515
caprst_fall_second_-40: 0.0001280515
caprst_fall_second_0: 0.0001229515
caprst_fall_second_100: 0.0001218515
caprst_fall_second_125: 0.0001235015
caprst_fall_second_20: 0.0001220515
caprst_fall_second_40: 0.0001218015
caprst_fall_second_60: 0.0001218515
caprst_fall_second_80: 0.0001215015
caprst_rise_first_-20: 7.650152e-05
caprst_rise_first_-40: 7.800152e-05
caprst_rise_first_0: 7.545152e-05
caprst_rise_first_100: 7.505152e-05
caprst_rise_first_125: 7.620152e-05
caprst_rise_first_20: 7.505152e-05
caprst_rise_first_40: 7.495152e-05
caprst_rise_first_60: 7.515152e-05
caprst_rise_first_80: 7.495152e-05
caprst_rise_second_-20: 0.0001453515
caprst_rise_second_-40: 0.0001484515
caprst_rise_second_0: 0.0001434515
caprst_rise_second_100: 0.0001420515
caprst_rise_second_125: 0.0001436015
caprst_rise_second_20: 0.0001422515
caprst_rise_second_40: 0.0001419015
caprst_rise_second_60: 0.0001419515
caprst_rise_second_80: 0.0001415515
iptat_first_-20: 7.350967e-06
iptat_first_-40: 6.924523e-06
iptat_first_0: 7.805386e-06
iptat_first_100: 9.845391e-06
iptat_first_125: 1.029486e-05
iptat_first_20: 8.231767e-06
iptat_first_40: 8.602624e-06
iptat_first_60: 9.02285e-06
iptat_first_80: 9.439725e-06
iptat_second_-20: 4.506951e-06
iptat_second_-40: 4.048676e-06
iptat_second_0: 4.921628e-06
iptat_second_100: 6.67812e-06
iptat_second_125: 6.958207e-06
iptat_second_20: 5.343121e-06
iptat_second_40: 5.737869e-06
iptat_second_60: 6.084014e-06
iptat_second_80: 6.431097e-06
tmpcount1_-20: 0.1
tmpcount1_-40: 0.099
tmpcount1_0: 0.103
tmpcount1_100: 0.122
tmpcount1_125: 0.129
tmpcount1_20: 0.106
tmpcount1_40: 0.109
tmpcount1_60: 0.115
tmpcount1_80: 0.117
tmpcount2_-20: 0.06
tmpcount2_-40: 0.058
tmpcount2_0: 0.066
tmpcount2_100: 0.084
tmpcount2_125: 0.09
tmpcount2_20: 0.068
tmpcount2_40: 0.074
tmpcount2_60: 0.078
tmpcount2_80: 0.083
