caprst_fall_first_-20: 6.435152e-05
caprst_fall_first_-40: 6.545152e-05
caprst_fall_first_0: 6.295152e-05
caprst_fall_first_100: 6.370152e-05
caprst_fall_first_125: 6.460152e-05
caprst_fall_first_20: 6.270152e-05
caprst_fall_first_40: 6.255152e-05
caprst_fall_first_60: 6.250152e-05
caprst_fall_first_80: 6.255152e-05
caprst_fall_second_-20: 0.0001425015
caprst_fall_second_-40: 0.0001447515
caprst_fall_second_0: 0.0001395015
caprst_fall_second_100: 0.0001416015
caprst_fall_second_125: 0.0001422028
caprst_fall_second_20: 0.0001388015
caprst_fall_second_40: 0.0001385515
caprst_fall_second_60: 0.0001388015
caprst_fall_second_80: 0.0001391515
caprst_rise_first_-20: 8.460152e-05
caprst_rise_first_-40: 8.595152e-05
caprst_rise_first_0: 8.300152e-05
caprst_rise_first_100: 8.475152e-05
caprst_rise_first_125: 8.465152e-05
caprst_rise_first_20: 8.275152e-05
caprst_rise_first_40: 8.260152e-05
caprst_rise_first_60: 8.300152e-05
caprst_rise_first_80: 8.335152e-05
caprst_rise_second_-20: 0.0001627015
caprst_rise_second_-40: 0.0001649015
caprst_rise_second_0: 0.0001598515
caprst_rise_second_100: 0.0001617015
caprst_rise_second_125: 0.0001626015
caprst_rise_second_20: 0.0001589015
caprst_rise_second_40: 0.0001587015
caprst_rise_second_60: 0.0001589515
caprst_rise_second_80: 0.0001597015
iptat_first_-20: 8.700119e-06
iptat_first_-40: 8.232262e-06
iptat_first_0: 9.137268e-06
iptat_first_100: 1.127481e-05
iptat_first_125: 1.177862e-05
iptat_first_20: 9.584473e-06
iptat_first_40: 1.004713e-05
iptat_first_60: 1.046549e-05
iptat_first_80: 1.086466e-05
iptat_second_-20: 3.345649e-06
iptat_second_-40: 2.9346e-06
iptat_second_0: 3.748882e-06
iptat_second_100: 5.29912e-06
iptat_second_125: 5.537696e-06
iptat_second_20: 4.147011e-06
iptat_second_40: 4.487758e-06
iptat_second_60: 4.812251e-06
iptat_second_80: 5.0644e-06
tmpcount1_-20: 0.114
tmpcount1_-40: 0.111
tmpcount1_0: 0.118
tmpcount1_100: 0.144
tmpcount1_125: 0.145
tmpcount1_20: 0.123
tmpcount1_40: 0.124
tmpcount1_60: 0.131
tmpcount1_80: 0.139
tmpcount2_-20: 0.044
tmpcount2_-40: 0.038
tmpcount2_0: 0.049
tmpcount2_100: 0.068
tmpcount2_125: 0.07
tmpcount2_20: 0.052
tmpcount2_40: 0.058
tmpcount2_60: 0.06
tmpcount2_80: 0.065
