caprst_fall_first_-20: 4.985152e-05
caprst_fall_first_-40: 5.005152e-05
caprst_fall_first_0: 4.920152e-05
caprst_fall_first_100: 4.940152e-05
caprst_fall_first_125: 4.970152e-05
caprst_fall_first_20: 4.915152e-05
caprst_fall_first_40: 4.920152e-05
caprst_fall_first_60: 4.920152e-05
caprst_fall_first_80: 4.930152e-05
caprst_fall_second_-20: 0.0001117015
caprst_fall_second_-40: 0.0001121515
caprst_fall_second_0: 0.0001103015
caprst_fall_second_100: 0.0001102515
caprst_fall_second_125: 0.0001103515
caprst_fall_second_20: 0.0001100515
caprst_fall_second_40: 0.0001098515
caprst_fall_second_60: 0.0001099515
caprst_fall_second_80: 0.0001100515
caprst_rise_first_-20: 7.015152e-05
caprst_rise_first_-40: 7.035152e-05
caprst_rise_first_0: 6.930152e-05
caprst_rise_first_100: 6.970152e-05
caprst_rise_first_125: 6.980152e-05
caprst_rise_first_20: 6.925152e-05
caprst_rise_first_40: 6.925152e-05
caprst_rise_first_60: 6.935152e-05
caprst_rise_first_80: 6.950152e-05
caprst_rise_second_-20: 0.0001317515
caprst_rise_second_-40: 0.0001322015
caprst_rise_second_0: 0.0001303515
caprst_rise_second_100: 0.0001303515
caprst_rise_second_125: 0.0001309015
caprst_rise_second_20: 0.0001301015
caprst_rise_second_40: 0.0001299015
caprst_rise_second_60: 0.0001302515
caprst_rise_second_80: 0.0001303015
iptat_first_-20: 6.693626e-06
iptat_first_-40: 6.246758e-06
iptat_first_0: 7.116256e-06
iptat_first_100: 9.013069e-06
iptat_first_125: 9.432322e-06
iptat_first_20: 7.526616e-06
iptat_first_40: 7.925961e-06
iptat_first_60: 8.311552e-06
iptat_first_80: 8.688971e-06
iptat_second_-20: 5.087101e-06
iptat_second_-40: 4.644579e-06
iptat_second_0: 5.53017e-06
iptat_second_100: 7.487287e-06
iptat_second_125: 7.931022e-06
iptat_second_20: 5.973333e-06
iptat_second_40: 6.387301e-06
iptat_second_60: 6.78043e-06
iptat_second_80: 7.161416e-06
tmpcount1_-20: 0.09
tmpcount1_-40: 0.086
tmpcount1_0: 0.091
tmpcount1_100: 0.113
tmpcount1_125: 0.115
tmpcount1_20: 0.095
tmpcount1_40: 0.1
tmpcount1_60: 0.104
tmpcount1_80: 0.108
tmpcount2_-20: 0.067
tmpcount2_-40: 0.064
tmpcount2_0: 0.07
tmpcount2_100: 0.093
tmpcount2_125: 0.101
tmpcount2_20: 0.076
tmpcount2_40: 0.081
tmpcount2_60: 0.087
tmpcount2_80: 0.091
