caprst_fall_first_-20: 5.085152e-05
caprst_fall_first_-40: 5.155152e-05
caprst_fall_first_0: 5.215152e-05
caprst_fall_first_100: 5.250152e-05
caprst_fall_first_125: 5.405152e-05
caprst_fall_first_20: 5.165152e-05
caprst_fall_first_40: 5.165152e-05
caprst_fall_first_60: 5.180152e-05
caprst_fall_first_80: 5.230152e-05
caprst_fall_second_-20: 0.0001144015
caprst_fall_second_-40: 0.0001158015
caprst_fall_second_0: 0.0001156015
caprst_fall_second_100: 0.0001162015
caprst_fall_second_125: 0.0001183515
caprst_fall_second_20: 0.0001144015
caprst_fall_second_40: 0.0001141515
caprst_fall_second_60: 0.0001144015
caprst_fall_second_80: 0.0001156515
caprst_rise_first_-20: 7.110152e-05
caprst_rise_first_-40: 7.160152e-05
caprst_rise_first_0: 7.245152e-05
caprst_rise_first_100: 7.315152e-05
caprst_rise_first_125: 7.420152e-05
caprst_rise_first_20: 7.180152e-05
caprst_rise_first_40: 7.175152e-05
caprst_rise_first_60: 7.190152e-05
caprst_rise_first_80: 7.275152e-05
caprst_rise_second_-20: 0.0001349015
caprst_rise_second_-40: 0.0001360015
caprst_rise_second_0: 0.0001357515
caprst_rise_second_100: 0.0001373015
caprst_rise_second_125: 0.0001385515
caprst_rise_second_20: 0.0001350015
caprst_rise_second_40: 0.0001342515
caprst_rise_second_60: 0.0001345515
caprst_rise_second_80: 0.0001357515
iptat_first_-20: 6.944805e-06
iptat_first_-40: 6.490352e-06
iptat_first_0: 7.392955e-06
iptat_first_100: 9.488235e-06
iptat_first_125: 1.001915e-05
iptat_first_20: 7.848923e-06
iptat_first_40: 8.269788e-06
iptat_first_60: 8.686661e-06
iptat_first_80: 9.103566e-06
iptat_second_-20: 4.931463e-06
iptat_second_-40: 4.498438e-06
iptat_second_0: 5.371867e-06
iptat_second_100: 7.133497e-06
iptat_second_125: 7.382845e-06
iptat_second_20: 5.789022e-06
iptat_second_40: 6.196299e-06
iptat_second_60: 6.504052e-06
iptat_second_80: 6.811749e-06
tmpcount1_-20: 0.09
tmpcount1_-40: 0.089
tmpcount1_0: 0.094
tmpcount1_100: 0.118
tmpcount1_125: 0.122
tmpcount1_20: 0.098
tmpcount1_40: 0.102
tmpcount1_60: 0.106
tmpcount1_80: 0.116
tmpcount2_-20: 0.066
tmpcount2_-40: 0.059
tmpcount2_0: 0.069
tmpcount2_100: 0.094
tmpcount2_125: 0.093
tmpcount2_20: 0.075
tmpcount2_40: 0.078
tmpcount2_60: 0.082
tmpcount2_80: 0.085
