isnk_20: 5.566787e-07
isrc_20: 5.970287e-07
vctrl_20: 0.4306863
vctrlmax_20: 0.4411029
vctrlmin_20: 0.4211715
vref_20: 0.6185074
