isnk_20: 5.403247e-07
isrc_20: 4.923668e-07
vctrl_20: 0.4331141
vctrlmax_20: 0.4506008
vctrlmin_20: 0.4170458
vref_20: 0.6017288
