isnk_20: 6.638908e-07
isrc_20: 5.835758e-07
vctrl_20: 0.4397484
vctrlmax_20: 0.4537829
vctrlmin_20: 0.4269995
vref_20: 0.6160169
