isnk_20: 6.553515e-07
isrc_20: 5.694172e-07
vctrl_20: 0.4330322
vctrlmax_20: 0.4594853
vctrlmin_20: 0.4076575
vref_20: 0.6076265
