isnk_20: 5.614528e-07
isrc_20: 4.90986e-07
vctrl_20: 0.4302866
vctrlmax_20: 0.437039
vctrlmin_20: 0.4241393
vref_20: 0.619294
