isnk_20: 5.851037e-07
isrc_20: 6.145264e-07
vctrl_20: 0.4387848
vctrlmax_20: 0.4627872
vctrlmin_20: 0.4156171
vref_20: 0.6131823
