isnk_20: 5.575172e-07
isrc_20: 6.043043e-07
vctrl_20: 0.4448811
vctrlmax_20: 0.462125
vctrlmin_20: 0.4285881
vref_20: 0.6140373
