isnk_20: 5.983223e-07
isrc_20: 6.500787e-07
vctrl_20: 0.4358327
vctrlmax_20: 0.4416102
vctrlmin_20: 0.4306924
vref_20: 0.6153351
