isnk_20: 6.283806e-07
isrc_20: 6.156599e-07
vctrl_20: 0.4400986
vctrlmax_20: 0.4708798
vctrlmin_20: 0.4093686
vref_20: 0.6119328
