isnk_20: 6.541855e-07
isrc_20: 6.792937e-07
vctrl_20: 0.4398521
vctrlmax_20: 0.4763093
vctrlmin_20: 0.4057646
vref_20: 0.6115673
