isnk_20: 5.87593e-07
isrc_20: 5.531431e-07
vctrl_20: 0.4342761
vctrlmax_20: 0.4522662
vctrlmin_20: 0.4165302
vref_20: 0.6112897
