isnk_20: 6.620464e-07
isrc_20: 6.817289e-07
vctrl_20: 0.435804
vctrlmax_20: 0.445168
vctrlmin_20: 0.4271601
vref_20: 0.6028974
