isnk_20: 5.738657e-07
isrc_20: 6.394953e-07
vctrl_20: 0.4298732
vctrlmax_20: 0.4536427
vctrlmin_20: 0.4065266
vref_20: 0.6144823
