isnk_20: 5.627509e-07
isrc_20: 7.235895e-07
vctrl_20: 0.4316217
vctrlmax_20: 0.4483016
vctrlmin_20: 0.4154832
vref_20: 0.6271036
