isnk_20: 5.516941e-07
isrc_20: 6.366928e-07
vctrl_20: 0.4376916
vctrlmax_20: 0.4455317
vctrlmin_20: 0.430482
vref_20: 0.6109143
