isnk_20: 7.088531e-07
isrc_20: 6.208807e-07
vctrl_20: 0.4283413
vctrlmax_20: 0.4541848
vctrlmin_20: 0.4046027
vref_20: 0.625665
