isnk_20: 5.806872e-07
isrc_20: 6.365916e-07
vctrl_20: 0.4330138
vctrlmax_20: 0.4823541
vctrlmin_20: 0.3845016
vref_20: 0.6007945
