isnk_20: 7.521905e-07
isrc_20: 6.253534e-07
vctrl_20: 0.4320371
vctrlmax_20: 0.4697216
vctrlmin_20: 0.39624
vref_20: 0.6064676
