isnk_20: 6.465203e-07
isrc_20: 6.31132e-07
vctrl_20: 0.4321696
vctrlmax_20: 0.4406072
vctrlmin_20: 0.4245467
vref_20: 0.6240873
