isnk_20: 6.091848e-07
isrc_20: 6.078042e-07
vctrl_20: 0.4294174
vctrlmax_20: 0.4492548
vctrlmin_20: 0.4104057
vref_20: 0.6093654
