isnk_20: 6.63446e-07
isrc_20: 5.473596e-07
vctrl_20: 0.4394636
vctrlmax_20: 0.4691231
vctrlmin_20: 0.4097501
vref_20: 0.6108223
