isnk_20: 6.6473e-07
isrc_20: 5.724964e-07
vctrl_20: 0.4246295
vctrlmax_20: 0.4339555
vctrlmin_20: 0.4160143
vref_20: 0.6319355
