isnk_20: 6.752551e-07
isrc_20: 7.167434e-07
vctrl_20: 0.435963
vctrlmax_20: 0.4495977
vctrlmin_20: 0.4233018
vref_20: 0.6132511
