isnk_20: 6.242028e-07
isrc_20: 5.691783e-07
vctrl_20: 0.4331179
vctrlmax_20: 0.4440447
vctrlmin_20: 0.4226938
vref_20: 0.6127417
