isnk_20: 5.173768e-07
isrc_20: 9.142909e-07
vctrl_20: 0.4358967
vctrlmax_20: 0.4526604
vctrlmin_20: 0.4200276
vref_20: 0.5940177
