isnk_20: 6.976518e-07
isrc_20: 8.030983e-07
vctrl_20: 0.4321497
vctrlmax_20: 0.4562507
vctrlmin_20: 0.4095227
vref_20: 0.6204054
