isnk_20: 6.023818e-07
isrc_20: 5.258458e-07
vctrl_20: 0.4318663
vctrlmax_20: 0.445315
vctrlmin_20: 0.4194605
vref_20: 0.6194516
