isnk_20: 6.51258e-07
isrc_20: 5.619677e-07
vctrl_20: 0.4384087
vctrlmax_20: 0.4525906
vctrlmin_20: 0.4250179
vref_20: 0.6251941
