isnk_20: 6.574158e-07
isrc_20: 6.136231e-07
vctrl_20: 0.4378794
vctrlmax_20: 0.4550897
vctrlmin_20: 0.4221435
vref_20: 0.6088069
