caprst_fall_first_-20: 5.285152e-05
caprst_fall_first_-40: 5.285152e-05
caprst_fall_first_0: 5.285152e-05
caprst_fall_first_100: 5.475152e-05
caprst_fall_first_125: 5.490152e-05
caprst_fall_first_20: 5.290152e-05
caprst_fall_first_40: 5.295152e-05
caprst_fall_first_60: 5.305152e-05
caprst_fall_first_80: 5.315152e-05
caprst_fall_second_-20: 7.410152e-05
caprst_fall_second_-40: 7.395152e-05
caprst_fall_second_0: 7.395152e-05
caprst_fall_second_100: 7.530152e-05
caprst_fall_second_125: 7.500152e-05
caprst_fall_second_20: 7.400152e-05
caprst_fall_second_40: 7.405152e-05
caprst_fall_second_60: 7.310152e-05
caprst_fall_second_80: 7.320152e-05
caprst_rise_first_-20: 6.560152e-05
caprst_rise_first_-40: 6.545152e-05
caprst_rise_first_0: 6.545152e-05
caprst_rise_first_100: 6.785152e-05
caprst_rise_first_125: 6.755152e-05
caprst_rise_first_20: 6.550152e-05
caprst_rise_first_40: 6.555152e-05
caprst_rise_first_60: 6.565152e-05
caprst_rise_first_80: 6.575152e-05
caprst_rise_second_-20: 8.675152e-05
caprst_rise_second_-40: 8.655152e-05
caprst_rise_second_0: 8.660152e-05
caprst_rise_second_100: 8.790152e-05
caprst_rise_second_125: 8.760152e-05
caprst_rise_second_20: 8.660152e-05
caprst_rise_second_40: 8.665152e-05
caprst_rise_second_60: 8.570152e-05
caprst_rise_second_80: 8.580152e-05
iptat_first_-20: 6.893367e-06
iptat_first_-40: 6.368146e-06
iptat_first_0: 7.405335e-06
iptat_first_100: 7.605048e-06
iptat_first_125: 2.253708e-06
iptat_first_20: 7.902618e-06
iptat_first_40: 8.371903e-06
iptat_first_60: 1.108014e-07
iptat_first_80: 1.971333e-06
iptat_second_-20: 2.104703e-06
iptat_second_-40: 9.594736e-07
iptat_second_0: 7.018572e-06
iptat_second_100: 9.199219e-06
iptat_second_125: 9.410656e-06
iptat_second_20: 7.49504e-06
iptat_second_40: 7.954214e-06
iptat_second_60: 8.393533e-06
iptat_second_80: 6.443672e-07
tmpcount1_-20: 0.2615294
tmpcount1_-40: 0.2022353
tmpcount1_0: 0.27
tmpcount1_100: 0.27
tmpcount1_125: 0.08258824
tmpcount1_20: 0.2668235
tmpcount1_40: 0.27
tmpcount1_60: 0.002117647
tmpcount1_80: 0.06988235
tmpcount2_-20: 0.06458824
tmpcount2_-40: 0.03705882
tmpcount2_0: 0.2488235
tmpcount2_100: 0.27
tmpcount2_125: 0.2583529
tmpcount2_20: 0.252
tmpcount2_40: 0.27
tmpcount2_60: 0.27
tmpcount2_80: 0.02011765
