caprst_fall_first_-20: 5.105152e-05
caprst_fall_first_-40: 5.020152e-05
caprst_fall_first_0: 5.115152e-05
caprst_fall_first_100: 5.265152e-05
caprst_fall_first_125: 5.300152e-05
caprst_fall_first_20: 5.130152e-05
caprst_fall_first_40: 5.215152e-05
caprst_fall_first_60: 5.230152e-05
caprst_fall_first_80: 5.250152e-05
caprst_fall_second_-20: 7.220152e-05
caprst_fall_second_-40: 7.160152e-05
caprst_fall_second_0: 7.225152e-05
caprst_fall_second_100: 7.375152e-05
caprst_fall_second_125: 7.410152e-05
caprst_fall_second_20: 7.240152e-05
caprst_fall_second_40: 7.345152e-05
caprst_fall_second_60: 7.340152e-05
caprst_fall_second_80: 7.360152e-05
caprst_rise_first_-20: 6.370152e-05
caprst_rise_first_-40: 6.310152e-05
caprst_rise_first_0: 6.375152e-05
caprst_rise_first_100: 6.525152e-05
caprst_rise_first_125: 6.560152e-05
caprst_rise_first_20: 6.390152e-05
caprst_rise_first_40: 6.495152e-05
caprst_rise_first_60: 6.490152e-05
caprst_rise_first_80: 6.510152e-05
caprst_rise_second_-20: 8.615152e-05
caprst_rise_second_-40: 8.420152e-05
caprst_rise_second_0: 8.485152e-05
caprst_rise_second_100: 8.635152e-05
caprst_rise_second_125: 8.680152e-05
caprst_rise_second_20: 8.500152e-05
caprst_rise_second_40: 8.605152e-05
caprst_rise_second_60: 8.600152e-05
caprst_rise_second_80: 8.620152e-05
iptat_first_-20: 6.007486e-06
iptat_first_-40: 5.547243e-06
iptat_first_0: 6.45485e-06
iptat_first_100: 8.4002e-06
iptat_first_125: 8.804987e-06
iptat_first_20: 6.881768e-06
iptat_first_40: 7.291721e-06
iptat_first_60: 7.684105e-06
iptat_first_80: 8.053636e-06
iptat_second_-20: 5.698135e-06
iptat_second_-40: 5.25724e-06
iptat_second_0: 6.130162e-06
iptat_second_100: 8.024501e-06
iptat_second_125: 8.423256e-06
iptat_second_20: 6.546042e-06
iptat_second_40: 6.944087e-06
iptat_second_60: 7.325295e-06
iptat_second_80: 7.686981e-06
tmpcount1_-20: 0.1789412
tmpcount1_-40: 0.1715294
tmpcount1_0: 0.2170588
tmpcount1_100: 0.2234118
tmpcount1_125: 0.27
tmpcount1_20: 0.2689412
tmpcount1_40: 0.1492941
tmpcount1_60: 0.252
tmpcount1_80: 0.2562353
tmpcount2_-20: 0.1185882
tmpcount2_-40: 0.1418824
tmpcount2_0: 0.2128235
tmpcount2_100: 0.2689412
tmpcount2_125: 0.2265882
tmpcount2_20: 0.1514118
tmpcount2_40: 0.27
tmpcount2_60: 0.2689412
tmpcount2_80: 0.2011765
