caprst_fall_first_-20: 5.780152e-05
caprst_fall_first_-40: 5.820152e-05
caprst_fall_first_0: 5.760152e-05
caprst_fall_first_100: 5.820152e-05
caprst_fall_first_125: 5.835152e-05
caprst_fall_first_20: 5.740152e-05
caprst_fall_first_40: 5.735152e-05
caprst_fall_first_60: 5.875152e-05
caprst_fall_first_80: 5.880152e-05
caprst_fall_second_-20: 7.785152e-05
caprst_fall_second_-40: 7.825152e-05
caprst_fall_second_0: 7.880152e-05
caprst_fall_second_100: 7.930152e-05
caprst_fall_second_125: 7.840152e-05
caprst_fall_second_20: 7.750152e-05
caprst_fall_second_40: 7.740152e-05
caprst_fall_second_60: 7.990152e-05
caprst_fall_second_80: 7.990152e-05
caprst_rise_first_-20: 7.040152e-05
caprst_rise_first_-40: 7.080152e-05
caprst_rise_first_0: 7.030152e-05
caprst_rise_first_100: 7.080152e-05
caprst_rise_first_125: 7.095152e-05
caprst_rise_first_20: 7.005152e-05
caprst_rise_first_40: 6.995152e-05
caprst_rise_first_60: 7.140152e-05
caprst_rise_first_80: 7.140152e-05
caprst_rise_second_-20: 9.045152e-05
caprst_rise_second_-40: 9.085152e-05
caprst_rise_second_0: 9.140152e-05
caprst_rise_second_100: 9.190152e-05
caprst_rise_second_125: 9.100152e-05
caprst_rise_second_20: 9.015152e-05
caprst_rise_second_40: 9.000152e-05
caprst_rise_second_60: 9.260152e-05
caprst_rise_second_80: 9.250152e-05
iptat_first_-20: 5.468053e-07
iptat_first_-40: 1.792993e-06
iptat_first_0: 6.449303e-06
iptat_first_100: 8.372632e-06
iptat_first_125: 7.286355e-07
iptat_first_20: 2.83752e-06
iptat_first_40: 3.285774e-07
iptat_first_60: 7.663835e-06
iptat_first_80: 8.031519e-06
iptat_second_-20: 5.762875e-06
iptat_second_-40: 5.297429e-06
iptat_second_0: 1.363665e-07
iptat_second_100: 8.128336e-06
iptat_second_125: 7.388754e-07
iptat_second_20: 1.327685e-06
iptat_second_40: 7.031784e-06
iptat_second_60: 2.424132e-06
iptat_second_80: 8.246524e-07
tmpcount1_-20: 0.01588235
tmpcount1_-40: 0.06035294
tmpcount1_0: 0.1556471
tmpcount1_100: 0.27
tmpcount1_125: 0.008470588
tmpcount1_20: 0.1058824
tmpcount1_40: 0.008470588
tmpcount1_60: 0.2244706
tmpcount1_80: 0.27
tmpcount2_-20: 0.1058824
tmpcount2_-40: 0.1736471
tmpcount2_0: 0.004235294
tmpcount2_100: 0.27
tmpcount2_125: 0.01482353
tmpcount2_20: 0.054
tmpcount2_40: 0.27
tmpcount2_60: 0.06247059
tmpcount2_80: 0.03070588
