caprst_fall_first_-20: 5.365152e-05
caprst_fall_first_0: 5.375152e-05
caprst_fall_first_100: 5.535152e-05
caprst_fall_first_125: 5.565152e-05
caprst_fall_first_20: 5.455152e-05
caprst_fall_first_40: 5.475152e-05
caprst_fall_first_60: 5.495152e-05
caprst_fall_first_80: 5.510152e-05
caprst_fall_second_-20: 7.480152e-05
caprst_fall_second_0: 7.495152e-05
caprst_fall_second_100: 7.675152e-05
caprst_fall_second_125: 7.570152e-05
caprst_fall_second_20: 7.465152e-05
caprst_fall_second_40: 7.585152e-05
caprst_fall_second_60: 7.650152e-05
caprst_fall_second_80: 7.520152e-05
caprst_rise_first_-20: 6.630152e-05
caprst_rise_first_0: 6.645152e-05
caprst_rise_first_100: 6.825152e-05
caprst_rise_first_125: 6.825152e-05
caprst_rise_first_20: 6.720152e-05
caprst_rise_first_40: 6.735152e-05
caprst_rise_first_60: 6.800152e-05
caprst_rise_first_80: 6.775152e-05
caprst_rise_second_-20: 8.740152e-05
caprst_rise_second_0: 8.755152e-05
caprst_rise_second_100: 8.980152e-05
caprst_rise_second_125: 8.835152e-05
caprst_rise_second_20: 8.725152e-05
caprst_rise_second_40: 8.850152e-05
caprst_rise_second_60: 8.935152e-05
caprst_rise_second_80: 8.780152e-05
iptat_first_-20: 5.32929e-06
iptat_first_0: 5.712361e-06
iptat_first_100: 7.432368e-06
iptat_first_125: 2.500051e-07
iptat_first_20: 6.092493e-06
iptat_first_40: 6.453903e-06
iptat_first_60: 6.795833e-06
iptat_first_80: 1.01782e-06
iptat_second_-20: 5.105611e-06
iptat_second_0: 5.493558e-06
iptat_second_100: 7.189637e-06
iptat_second_125: 1.552564e-06
iptat_second_20: 5.869075e-06
iptat_second_40: 6.224945e-06
iptat_second_60: 6.562188e-06
iptat_second_80: 6.886664e-06
tmpcount1_-20: 0.09952941
tmpcount1_-40: 0.0
tmpcount1_0: 0.1238824
tmpcount1_100: 0.1408235
tmpcount1_125: 0.006352941
tmpcount1_20: 0.1101176
tmpcount1_40: 0.1175294
tmpcount1_60: 0.1249412
tmpcount1_80: 0.01905882
tmpcount2_-20: 0.09423529
tmpcount2_-40: 0.0
tmpcount2_0: 0.09952941
tmpcount2_100: 0.1291765
tmpcount2_125: 0.02752941
tmpcount2_20: 0.1376471
tmpcount2_40: 0.1334118
tmpcount2_60: 0.1238824
tmpcount2_80: 0.1122353
