caprst_fall_first_-40: 5.095152e-05
caprst_fall_first_125: 5.230152e-05
caprst_fall_first_20: 5.000152e-05
caprst_fall_second_-40: 0.0001029515
caprst_fall_second_125: 0.0001043015
caprst_fall_second_20: 0.0001009015
caprst_rise_first_-40: 5.950152e-05
caprst_rise_first_125: 6.090152e-05
caprst_rise_first_20: 5.855152e-05
caprst_rise_second_-40: 0.0001121015
caprst_rise_second_125: 0.0001128515
caprst_rise_second_20: 0.0001094515
iptat_first_-40: 6.296573e-06
iptat_first_125: 1.005939e-05
iptat_first_20: 7.947823e-06
iptat_second_-40: 6.070939e-06
iptat_second_125: 9.694924e-06
iptat_second_20: 7.575832e-06
tmpcount1_-40: 0.1895294
tmpcount1_125: 0.2594118
tmpcount1_20: 0.2318824
tmpcount2_-40: 0.2181176
tmpcount2_125: 0.2414118
tmpcount2_20: 0.2075294
