caprst_fall_first_-40: 5.280152e-05
caprst_fall_first_125: 5.595152e-05
caprst_fall_first_20: 5.385152e-05
caprst_fall_second_-40: 0.0001053015
caprst_fall_second_125: 0.0001081515
caprst_fall_second_20: 0.0001058015
caprst_rise_first_-40: 6.140152e-05
caprst_rise_first_125: 6.455152e-05
caprst_rise_first_20: 6.240152e-05
caprst_rise_second_-40: 0.0001140515
caprst_rise_second_125: 0.0001188515
caprst_rise_second_20: 0.0001143515
iptat_first_-40: 4.93627e-06
iptat_first_125: 7.781303e-06
iptat_first_20: 4.176478e-09
iptat_second_-40: 4.728386e-06
iptat_second_125: 7.528689e-06
iptat_second_20: 3.236569e-09
tmpcount1_-40: 0.1217647
tmpcount1_125: 0.1567059
tmpcount1_20: 0.0
tmpcount2_-40: 0.1069412
tmpcount2_125: 0.1810588
tmpcount2_20: 0.0
