caprst_fall_first_-40: 5.215152e-05
caprst_fall_first_125: 5.165152e-05
caprst_fall_first_20: 5.215152e-05
caprst_fall_second_-40: 0.0001042015
caprst_fall_second_125: 0.0001032515
caprst_fall_second_20: 0.0001043515
caprst_rise_first_-40: 6.080152e-05
caprst_rise_first_125: 6.090152e-05
caprst_rise_first_20: 6.095152e-05
caprst_rise_second_-40: 0.0001129515
caprst_rise_second_125: 0.0001118015
caprst_rise_second_20: 0.0001129015
iptat_first_-40: 5.545535e-06
iptat_first_125: 8.742498e-06
iptat_first_20: 6.866138e-06
iptat_second_-40: 5.269843e-06
iptat_second_125: 8.454119e-06
iptat_second_20: 6.557437e-06
tmpcount1_-40: 0.1165263
tmpcount1_125: 0.1904211
tmpcount1_20: 0.1430526
tmpcount2_-40: 0.1108421
tmpcount2_125: 0.162
tmpcount2_20: 0.1326316
