caprst_fall_first_-40: 5.515152e-05
caprst_fall_first_125: 5.685152e-05
caprst_fall_first_20: 5.460152e-05
caprst_fall_second_-40: 0.0001075015
caprst_fall_second_125: 0.0001089515
caprst_fall_second_20: 0.0001076015
caprst_rise_first_-40: 6.370152e-05
caprst_rise_first_125: 6.555152e-05
caprst_rise_first_20: 6.395152e-05
caprst_rise_second_-40: 0.0001160515
caprst_rise_second_125: 0.0001175015
caprst_rise_second_20: 0.0001162015
iptat_first_-40: 5.584958e-06
iptat_first_125: 8.809526e-06
iptat_first_20: 6.880017e-06
iptat_second_-40: 5.315871e-06
iptat_second_125: 8.486786e-06
iptat_second_20: 6.641939e-06
tmpcount1_-40: 0.1312941
tmpcount1_125: 0.2361176
tmpcount1_20: 0.1842353
tmpcount2_-40: 0.1207059
tmpcount2_125: 0.1810588
tmpcount2_20: 0.1556471
