caprst_fall_first_-40: 5.625152e-05
caprst_fall_first_125: 5.945152e-05
caprst_fall_first_20: 5.735152e-05
caprst_fall_second_-40: 0.0001083015
caprst_fall_second_125: 0.0001114015
caprst_fall_second_20: 0.0001082515
caprst_rise_first_-40: 6.485152e-05
caprst_rise_first_125: 6.800152e-05
caprst_rise_first_20: 6.590152e-05
caprst_rise_second_-40: 0.0001168515
caprst_rise_second_125: 0.0001307015
caprst_rise_second_20: 0.0001168015
iptat_first_-40: 5.626855e-06
iptat_first_125: 8.806385e-06
iptat_first_20: 6.886242e-06
iptat_second_-40: 5.271073e-06
iptat_second_125: 8.573527e-06
iptat_second_20: 6.658496e-06
tmpcount1_-40: 0.1241053
tmpcount1_125: 0.1856842
tmpcount1_20: 0.1468421
tmpcount2_-40: 0.1155789
tmpcount2_125: 0.2415789
tmpcount2_20: 0.1411579
