caprst_fall_first_-40: 5.230152e-05
caprst_fall_first_125: 5.265152e-05
caprst_fall_first_20: 5.350152e-05
caprst_fall_second_-40: 0.0001047015
caprst_fall_second_125: 0.0001037015
caprst_fall_second_20: 0.0001054515
caprst_rise_first_-40: 6.130152e-05
caprst_rise_first_125: 6.135152e-05
caprst_rise_first_20: 6.205152e-05
caprst_rise_second_-40: 0.0001135015
caprst_rise_second_125: 0.0001123015
caprst_rise_second_20: 0.0001140015
iptat_first_-40: 6.326825e-06
iptat_first_125: 1.007095e-05
iptat_first_20: 7.875153e-06
iptat_second_-40: 6.0375e-06
iptat_second_125: 9.686082e-06
iptat_second_20: 7.529779e-06
tmpcount1_-40: 0.1610526
tmpcount1_125: 0.2415789
tmpcount1_20: 0.1942105
tmpcount2_-40: 0.1515789
tmpcount2_125: 0.2169474
tmpcount2_20: 0.1847368
