caprst_fall_first_-40: 4.835152e-05
caprst_fall_first_125: 4.945152e-05
caprst_fall_first_20: 5.015152e-05
caprst_fall_second_-40: 0.0001005015
caprst_fall_second_125: 0.0001003515
caprst_fall_second_20: 0.0001011515
caprst_rise_first_-40: 5.700152e-05
caprst_rise_first_125: 5.800152e-05
caprst_rise_first_20: 5.875152e-05
caprst_rise_second_-40: 0.0001091515
caprst_rise_second_125: 0.0001089015
caprst_rise_second_20: 0.0001098015
iptat_first_-40: 5.504115e-06
iptat_first_125: 8.671496e-06
iptat_first_20: 6.82296e-06
iptat_second_-40: 5.285638e-06
iptat_second_125: 8.441292e-06
iptat_second_20: 6.576402e-06
tmpcount1_-40: 0.1312941
tmpcount1_125: 0.1810588
tmpcount1_20: 0.1450588
tmpcount2_-40: 0.126
tmpcount2_125: 0.1810588
tmpcount2_20: 0.1482353
