caprst_fall_first_-40: 5.680152e-05
caprst_fall_first_125: 5.770152e-05
caprst_fall_first_20: 5.645152e-05
caprst_fall_second_-40: 0.0001088515
caprst_fall_second_125: 0.0001099515
caprst_fall_second_20: 0.0001084015
caprst_rise_first_-40: 6.535152e-05
caprst_rise_first_125: 6.655152e-05
caprst_rise_first_20: 6.500152e-05
caprst_rise_second_-40: 0.0001174015
caprst_rise_second_125: 0.0001185015
caprst_rise_second_20: 0.0001169515
iptat_first_-40: 4.9489e-06
iptat_first_125: 7.78819e-06
iptat_first_20: 4.980704e-09
iptat_second_-40: 4.693877e-06
iptat_second_125: 7.540646e-06
iptat_second_20: 3.985777e-09
tmpcount1_-40: 0.1070526
tmpcount1_125: 0.1525263
tmpcount1_20: 0.0
tmpcount2_-40: 0.09947368
tmpcount2_125: 0.1402105
tmpcount2_20: 0.0
