icmptail_-20: 2.224645e-05
icmptail_-40: 2.187528e-05
icmptail_0: 2.257099e-05
icmptail_100: 2.343224e-05
icmptail_125: 2.347728e-05
icmptail_20: 2.284548e-05
icmptail_40: 2.30679e-05
icmptail_60: 2.323749e-05
icmptail_80: 2.335708e-05
tmpcount_-20: 0.101
tmpcount_-40: 0.097
tmpcount_0: 0.105
tmpcount_100: 0.132
tmpcount_125: 0.14
tmpcount_20: 0.11
tmpcount_40: 0.115
tmpcount_60: 0.121
tmpcount_80: 0.127
