icmptail_-20: 2.051263e-05
icmptail_-40: 2.002703e-05
icmptail_0: 2.093954e-05
icmptail_100: 2.219756e-05
icmptail_125: 2.232005e-05
icmptail_20: 2.130681e-05
icmptail_40: 2.16143e-05
icmptail_60: 2.186273e-05
icmptail_80: 2.205522e-05
tmpcount_-20: 0.087
tmpcount_-40: 0.085
tmpcount_0: 0.091
tmpcount_100: 0.116
tmpcount_125: 0.122
tmpcount_20: 0.095
tmpcount_40: 0.1
tmpcount_60: 0.105
tmpcount_80: 0.11
