icmptail_-20: 2.195147e-05
icmptail_-40: 2.163823e-05
icmptail_0: 2.220554e-05
icmptail_100: 2.273922e-05
icmptail_125: 2.274674e-05
icmptail_20: 2.240384e-05
icmptail_40: 2.254948e-05
icmptail_60: 2.265092e-05
icmptail_80: 2.271135e-05
tmpcount_-20: 0.087
tmpcount_-40: 0.082
tmpcount_0: 0.091
tmpcount_100: 0.113
tmpcount_125: 0.119
tmpcount_20: 0.095
tmpcount_40: 0.1
tmpcount_60: 0.105
tmpcount_80: 0.109
