icmptail_-20: 2.101437e-05
icmptail_-40: 2.054103e-05
icmptail_0: 2.142984e-05
icmptail_100: 2.264853e-05
icmptail_125: 2.276553e-05
icmptail_20: 2.178649e-05
icmptail_40: 2.208456e-05
icmptail_60: 2.23251e-05
icmptail_80: 2.251124e-05
tmpcount_-20: 0.098
tmpcount_-40: 0.094
tmpcount_0: 0.101
tmpcount_100: 0.125
tmpcount_125: 0.13
tmpcount_20: 0.106
tmpcount_40: 0.11
tmpcount_60: 0.115
tmpcount_80: 0.12
