icmptail_-20: 2.251565e-05
icmptail_-40: 2.226844e-05
icmptail_0: 2.270274e-05
icmptail_100: 2.290844e-05
icmptail_125: 2.282768e-05
icmptail_20: 2.283398e-05
icmptail_40: 2.291464e-05
icmptail_60: 2.295004e-05
icmptail_80: 2.294583e-05
tmpcount_-20: 0.088
tmpcount_-40: 0.085
tmpcount_0: 0.091
tmpcount_100: 0.112
tmpcount_125: 0.117
tmpcount_20: 0.092
tmpcount_40: 0.098
tmpcount_60: 0.103
tmpcount_80: 0.108
