icmptail_-20: 2.491884e-05
icmptail_-40: 2.469976e-05
icmptail_0: 2.509515e-05
icmptail_100: 2.533445e-05
icmptail_125: 2.526166e-05
icmptail_20: 2.522765e-05
icmptail_40: 2.531569e-05
icmptail_60: 2.536035e-05
icmptail_80: 2.53647e-05
tmpcount_-20: 0.1
tmpcount_-40: 0.098
tmpcount_0: 0.105
tmpcount_100: 0.13
tmpcount_125: 0.136
tmpcount_20: 0.11
tmpcount_40: 0.115
tmpcount_60: 0.12
tmpcount_80: 0.125
