vref_-40: 1.013395
vref_125: 1.013395
vref_20: 1.013395
