vref_-40: 1.052539
vref_125: 1.052539
vref_20: 1.052539
