vref_-40: 1.05666
vref_125: 1.05666
vref_20: 1.05666
