vref_-40: 1.052725
vref_125: 1.052725
vref_20: 1.052725
