vref_-40: 1.042849
vref_125: 1.042849
vref_20: 1.042849
