vref_-40: 1.053035
vref_125: 1.053035
vref_20: 1.053035
