vref_-40: 1.044581
vref_125: 1.044581
vref_20: 1.044581
