vref_-40: 1.036822
vref_125: 1.036822
vref_20: 1.036822
