vref_-40: 1.04519
vref_125: 1.04519
vref_20: 1.04519
