vref_-40: 1.052118
vref_125: 1.052118
vref_20: 1.052118
