vref_-40: 1.043815
vref_125: 1.043815
vref_20: 1.043815
