vref_-40: 1.055355
vref_125: 1.055355
vref_20: 1.055355
