vref_-40: 1.04857
vref_125: 1.04857
vref_20: 1.04857
