vref_-40: 1.034826
vref_125: 1.034826
vref_20: 1.034826
