vref_-40: 1.050079
vref_125: 1.050079
vref_20: 1.050079
