vref_-40: 1.049339
vref_125: 1.049339
vref_20: 1.049339
