vref_-40: 1.047951
vref_125: 1.047951
vref_20: 1.047951
