vref_-40: 1.05763
vref_125: 1.05763
vref_20: 1.05763
