vref_-40: 1.03654
vref_125: 1.03654
vref_20: 1.03654
