vref_-40: 1.06339
vref_125: 1.06339
vref_20: 1.06339
