vref_-40: 1.056004
vref_125: 1.056004
vref_20: 1.056004
