vref_-40: 1.044614
vref_125: 1.044614
vref_20: 1.044614
