vref_-40: 1.057481
vref_125: 1.057481
vref_20: 1.057481
