vref_-40: 1.060136
vref_125: 1.060136
vref_20: 1.060136
