vref_-40: 1.044109
vref_125: 1.044109
vref_20: 1.044109
