vref_-40: 1.036399
vref_125: 1.036399
vref_20: 1.036399
