vref_-40: 1.050458
vref_125: 1.050458
vref_20: 1.050458
