vref_-40: 1.052166
vref_125: 1.052166
vref_20: 1.052166
