isnk_20: 5.849918e-07
isrc_20: 6.713198e-07
vctrl_20: 0.4229378
vctrlmax_20: 0.4267359
vctrlmin_20: 0.419711
vref_20: 0.57465
