isnk_20: 5.513944e-07
isrc_20: 5.320117e-07
vctrl_20: 0.4241333
vctrlmax_20: 0.4289217
vctrlmin_20: 0.420014
vref_20: 0.5693588
