isnk_20: 5.997715e-07
isrc_20: 6.473004e-07
vctrl_20: 0.4305326
vctrlmax_20: 0.4600487
vctrlmin_20: 0.4022953
vref_20: 0.5681939
