isnk_20: 6.378957e-07
isrc_20: 6.805225e-07
vctrl_20: 0.4228097
vctrlmax_20: 0.4477183
vctrlmin_20: 0.4000347
vref_20: 0.5692907
