isnk_20: 6.543058e-07
isrc_20: 5.540188e-07
vctrl_20: 0.4137145
vctrlmax_20: 0.4416019
vctrlmin_20: 0.3854716
vref_20: 0.5747965
