isnk_20: 5.442376e-07
isrc_20: 6.073651e-07
vctrl_20: 0.4234549
vctrlmax_20: 0.4309685
vctrlmin_20: 0.4166947
vref_20: 0.5704248
