isnk_20: 5.87524e-07
isrc_20: 4.982906e-07
vctrl_20: 0.4255413
vctrlmax_20: 0.4305697
vctrlmin_20: 0.4212368
vref_20: 0.5720078
