isnk_20: 5.669596e-07
isrc_20: 5.628418e-07
vctrl_20: 0.4243643
vctrlmax_20: 0.451855
vctrlmin_20: 0.399333
vref_20: 0.5696876
