isnk_20: 6.111254e-07
isrc_20: 5.23973e-07
vctrl_20: 0.4258102
vctrlmax_20: 0.4654971
vctrlmin_20: 0.3851724
vref_20: 0.5724159
