isnk_20: 6.804539e-07
isrc_20: 6.216162e-07
vctrl_20: 0.425562
vctrlmax_20: 0.4604114
vctrlmin_20: 0.3922283
vref_20: 0.5715611
