isnk_20: 6.395855e-07
isrc_20: 5.104864e-07
vctrl_20: 0.4304606
vctrlmax_20: 0.435789
vctrlmin_20: 0.4258304
vref_20: 0.5724659
