isnk_20: 5.886395e-07
isrc_20: 6.842763e-07
vctrl_20: 0.4167991
vctrlmax_20: 0.4270481
vctrlmin_20: 0.4074825
vref_20: 0.5680189
