isnk_20: 7.09552e-07
isrc_20: 5.616942e-07
vctrl_20: 0.4257449
vctrlmax_20: 0.4544227
vctrlmin_20: 0.3986809
vref_20: 0.5741867
