isnk_20: 6.001861e-07
isrc_20: 6.26129e-07
vctrl_20: 0.4248804
vctrlmax_20: 0.4454038
vctrlmin_20: 0.4055185
vref_20: 0.5725929
