isnk_20: 6.774457e-07
isrc_20: 5.320272e-07
vctrl_20: 0.424471
vctrlmax_20: 0.431338
vctrlmin_20: 0.4179572
vref_20: 0.5731268
