isnk_20: 5.812314e-07
isrc_20: 5.245944e-07
vctrl_20: 0.4252915
vctrlmax_20: 0.4427239
vctrlmin_20: 0.4089542
vref_20: 0.5733931
