isnk_20: 7.349226e-07
isrc_20: 5.601435e-07
vctrl_20: 0.4342211
vctrlmax_20: 0.4760434
vctrlmin_20: 0.3947431
vref_20: 0.5702938
