isnk_20: 6.231875e-07
isrc_20: 6.046155e-07
vctrl_20: 0.4399573
vctrlmax_20: 0.4835568
vctrlmin_20: 0.3967115
vref_20: 0.5604479
