isnk_20: 6.450472e-07
isrc_20: 6.018509e-07
vctrl_20: 0.4250684
vctrlmax_20: 0.4288596
vctrlmin_20: 0.4221083
vref_20: 0.5689799
