isnk_20: 5.805776e-07
isrc_20: 6.0084e-07
vctrl_20: 0.4179883
vctrlmax_20: 0.443714
vctrlmin_20: 0.3936303
vref_20: 0.5701675
