isnk_20: 5.826767e-07
isrc_20: 5.303086e-07
vctrl_20: 0.423989
vctrlmax_20: 0.4538179
vctrlmin_20: 0.3955177
vref_20: 0.5719896
