isnk_20: 5.665249e-07
isrc_20: 5.851732e-07
vctrl_20: 0.4316204
vctrlmax_20: 0.444293
vctrlmin_20: 0.4195758
vref_20: 0.5704497
