isnk_20: 6.237323e-07
isrc_20: 5.006988e-07
vctrl_20: 0.424171
vctrlmax_20: 0.4402489
vctrlmin_20: 0.4100464
vref_20: 0.5692405
