isnk_20: 5.983804e-07
isrc_20: 7.080876e-07
vctrl_20: 0.4218914
vctrlmax_20: 0.4309412
vctrlmin_20: 0.4137709
vref_20: 0.5695455
