isnk_20: 6.377879e-07
isrc_20: 6.317545e-07
vctrl_20: 0.4271316
vctrlmax_20: 0.447875
vctrlmin_20: 0.4078465
vref_20: 0.5697226
