isnk_20: 6.465617e-07
isrc_20: 4.884196e-07
vctrl_20: 0.4266306
vctrlmax_20: 0.447891
vctrlmin_20: 0.4073809
vref_20: 0.5765423
