isnk_20: 6.424111e-07
isrc_20: 6.194523e-07
vctrl_20: 0.4239366
vctrlmax_20: 0.4363705
vctrlmin_20: 0.4125158
vref_20: 0.5734049
