isnk_20: 6.101209e-07
isrc_20: 6.323114e-07
vctrl_20: 0.4259715
vctrlmax_20: 0.4325832
vctrlmin_20: 0.4200767
vref_20: 0.5755085
