isnk_20: 6.48258e-07
isrc_20: 7.119918e-07
vctrl_20: 0.4298064
vctrlmax_20: 0.4442516
vctrlmin_20: 0.4159168
vref_20: 0.5713363
