isnk_20: 6.437041e-07
isrc_20: 6.333888e-07
vctrl_20: 0.4205882
vctrlmax_20: 0.4392544
vctrlmin_20: 0.4030634
vref_20: 0.5743805
