ipmos_-40: 1.530333e-05
ipmos_125: 1.40572e-05
ipmos_40: 1.489044e-05
isnk_-40: 2.544548e-07
isnk_125: 3.769323e-07
isnk_40: 3.276269e-07
isrc_-40: 1.753151e-07
isrc_125: 2.760678e-07
isrc_40: 2.303419e-07
vctrl_-40: 0.3753613
vctrl_125: 0.5713415
vctrl_40: 0.4625408
vctrlmax_-40: 0.4343208
vctrlmax_125: 0.6498923
vctrlmax_40: 0.5262964
vctrlmin_-40: 0.3459943
vctrlmin_125: 0.5191376
vctrlmin_40: 0.4129146
vref_-40: 1.045543
vref_125: 1.033075
vref_40: 1.045546
