ipmos_-40: 1.55155e-05
ipmos_125: 1.402509e-05
ipmos_40: 1.505175e-05
isnk_-40: 1.972909e-07
isnk_125: 2.967116e-07
isnk_40: 2.535422e-07
isrc_-40: 2.50505e-07
isrc_125: 3.704754e-07
isrc_40: 3.202998e-07
vctrl_-40: 0.3728042
vctrl_125: 0.5729036
vctrl_40: 0.4609698
vctrlmax_-40: 0.4484996
vctrlmax_125: 0.6765885
vctrlmax_40: 0.5478719
vctrlmin_-40: 0.3131255
vctrlmin_125: 0.4894843
vctrlmin_40: 0.3911164
vref_-40: 1.03258
vref_125: 0.997753
vref_40: 1.027701
