ipmos_-40: 1.48174e-05
ipmos_125: 1.373675e-05
ipmos_40: 1.453806e-05
isnk_-40: 2.340796e-07
isnk_125: 3.409703e-07
isnk_40: 2.963056e-07
isrc_-40: 2.378985e-07
isrc_125: 3.451593e-07
isrc_40: 2.969722e-07
vctrl_-40: 0.3709015
vctrl_125: 0.5650846
vctrl_40: 0.4573061
vctrlmax_-40: 0.4182781
vctrlmax_125: 0.6276203
vctrlmax_40: 0.5138913
vctrlmin_-40: 0.3390001
vctrlmin_125: 0.5336656
vctrlmin_40: 0.4220069
vref_-40: 1.043587
vref_125: 1.043176
vref_40: 1.045336
