ipmos_-40: 1.521194e-05
ipmos_125: 1.399273e-05
ipmos_40: 1.48494e-05
isnk_-40: 2.554665e-07
isnk_125: 3.827992e-07
isnk_40: 3.316301e-07
isrc_-40: 2.592833e-07
isrc_125: 3.756175e-07
isrc_40: 3.257877e-07
vctrl_-40: 0.3672766
vctrl_125: 0.5616229
vctrl_40: 0.4528293
vctrlmax_-40: 0.4256214
vctrlmax_125: 0.6391401
vctrlmax_40: 0.5240382
vctrlmin_-40: 0.3242837
vctrlmin_125: 0.5068343
vctrlmin_40: 0.410171
vref_-40: 1.052883
vref_125: 1.043013
vref_40: 1.051962
