ipmos_-40: 1.504549e-05
ipmos_125: 1.394864e-05
ipmos_40: 1.475286e-05
isnk_-40: 2.576062e-07
isnk_125: 3.859465e-07
isnk_40: 3.350228e-07
isrc_-40: 2.426429e-07
isrc_125: 3.833664e-07
isrc_40: 3.242137e-07
vctrl_-40: 0.3735073
vctrl_125: 0.5669978
vctrl_40: 0.4591769
vctrlmax_-40: 0.4216068
vctrlmax_125: 0.6309003
vctrlmax_40: 0.5183877
vctrlmin_-40: 0.3535542
vctrlmin_125: 0.522233
vctrlmin_40: 0.4194384
vref_-40: 1.052218
vref_125: 1.049622
vref_40: 1.053473
