ipmos_-40: 1.457807e-05
ipmos_125: 1.457807e-05
ipmos_40: 1.457807e-05
isnk_-40: 2.249004e-07
isnk_125: 2.249004e-07
isnk_40: 2.249004e-07
isrc_-40: 1.930112e-07
isrc_125: 1.930112e-07
isrc_40: 1.930112e-07
vctrl_-40: 0.3756512
vctrl_125: 0.3756512
vctrl_40: 0.3756512
vctrlmax_-40: 0.4151373
vctrlmax_125: 0.4151373
vctrlmax_40: 0.4151373
vctrlmin_-40: 0.3500796
vctrlmin_125: 0.3500796
vctrlmin_40: 0.3500796
vref_-40: 1.050638
vref_125: 1.050638
vref_40: 1.050638
