ipmos_-40: 1.527844e-05
ipmos_125: 1.395738e-05
ipmos_40: 1.483271e-05
isnk_-40: 2.191359e-07
isnk_125: 3.452278e-07
isnk_40: 2.929481e-07
isrc_-40: 2.082034e-07
isrc_125: 3.342838e-07
isrc_40: 2.81154e-07
vctrl_-40: 0.366427
vctrl_125: 0.5623564
vctrl_40: 0.4535635
vctrlmax_-40: 0.4260048
vctrlmax_125: 0.6413847
vctrlmax_40: 0.5235354
vctrlmin_-40: 0.3363787
vctrlmin_125: 0.5146435
vctrlmin_40: 0.4023166
vref_-40: 1.04123
vref_125: 1.032529
vref_40: 1.041618
