ipmos_-40: 1.520552e-05
ipmos_125: 1.387812e-05
ipmos_40: 1.486717e-05
isnk_-40: 2.540734e-07
isnk_125: 3.652101e-07
isnk_40: 3.201153e-07
isrc_-40: 2.331487e-07
isrc_125: 3.530757e-07
isrc_40: 3.027394e-07
vctrl_-40: 0.3714909
vctrl_125: 0.5703112
vctrl_40: 0.4581832
vctrlmax_-40: 0.4346234
vctrlmax_125: 0.6595744
vctrlmax_40: 0.5350563
vctrlmin_-40: 0.3375492
vctrlmin_125: 0.5090343
vctrlmin_40: 0.4105049
vref_-40: 1.041658
vref_125: 1.019031
vref_40: 1.037931
