ipmos_-40: 1.502846e-05
ipmos_125: 1.366894e-05
ipmos_40: 1.450771e-05
isnk_-40: 2.206056e-07
isnk_125: 3.276477e-07
isnk_40: 2.822165e-07
isrc_-40: 1.975399e-07
isrc_125: 3.315399e-07
isrc_40: 2.74632e-07
vctrl_-40: 0.3706068
vctrl_125: 0.5657756
vctrl_40: 0.4573984
vctrlmax_-40: 0.4177204
vctrlmax_125: 0.6175982
vctrlmax_40: 0.5073124
vctrlmin_-40: 0.3372555
vctrlmin_125: 0.5352667
vctrlmin_40: 0.4329659
vref_-40: 1.060814
vref_125: 1.054368
vref_40: 1.059255
