ipmos_-40: 1.488606e-05
ipmos_125: 1.378949e-05
ipmos_40: 1.451927e-05
isnk_-40: 1.992363e-07
isnk_125: 2.891931e-07
isnk_40: 2.485051e-07
isrc_-40: 2.823048e-07
isrc_125: 4.113309e-07
isrc_40: 3.577439e-07
vctrl_-40: 0.373565
vctrl_125: 0.5681208
vctrl_40: 0.4599694
vctrlmax_-40: 0.4200472
vctrlmax_125: 0.6258658
vctrlmax_40: 0.5169475
vctrlmin_-40: 0.341967
vctrlmin_125: 0.5298379
vctrlmin_40: 0.4249429
vref_-40: 1.05312
vref_125: 1.048096
vref_40: 1.053119
