ipmos_-40: 1.484875e-05
ipmos_125: 1.374508e-05
ipmos_40: 1.453514e-05
isnk_-40: 2.081445e-07
isnk_125: 3.155991e-07
isnk_40: 2.690405e-07
isrc_-40: 1.746545e-07
isrc_125: 2.962065e-07
isrc_40: 2.405088e-07
vctrl_-40: 0.3706217
vctrl_125: 0.5641739
vctrl_40: 0.4566166
vctrlmax_-40: 0.413464
vctrlmax_125: 0.6171037
vctrlmax_40: 0.508213
vctrlmin_-40: 0.3537486
vctrlmin_125: 0.5335173
vctrlmin_40: 0.4250516
vref_-40: 1.057774
vref_125: 1.0547
vref_40: 1.058735
