ipmos_-40: 1.510411e-05
ipmos_125: 1.400906e-05
ipmos_40: 1.480435e-05
isnk_-40: 2.068806e-07
isnk_125: 3.132727e-07
isnk_40: 2.673082e-07
isrc_-40: 2.297834e-07
isrc_125: 3.409003e-07
isrc_40: 2.924526e-07
vctrl_-40: 0.3740295
vctrl_125: 0.5685995
vctrl_40: 0.4603867
vctrlmax_-40: 0.4292036
vctrlmax_125: 0.6393048
vctrlmax_40: 0.5292343
vctrlmin_-40: 0.3356739
vctrlmin_125: 0.5152963
vctrlmin_40: 0.4147104
vref_-40: 1.045461
vref_125: 1.042943
vref_40: 1.047773
