ipmos_-40: 1.485297e-05
ipmos_125: 1.38056e-05
ipmos_40: 1.457344e-05
isnk_-40: 1.881048e-07
isnk_125: 2.641389e-07
isnk_40: 2.276013e-07
isrc_-40: 1.878402e-07
isrc_125: 2.999921e-07
isrc_40: 2.495208e-07
vctrl_-40: 0.373844
vctrl_125: 0.5676334
vctrl_40: 0.4600848
vctrlmax_-40: 0.4157049
vctrlmax_125: 0.6189691
vctrlmax_40: 0.5127997
vctrlmin_-40: 0.3470433
vctrlmin_125: 0.5422798
vctrlmin_40: 0.4347938
vref_-40: 1.055697
vref_125: 1.052134
vref_40: 1.05626
