ipmos_-40: 1.510932e-05
ipmos_125: 1.402147e-05
ipmos_40: 1.483144e-05
isnk_-40: 2.034665e-07
isnk_125: 3.016579e-07
isnk_40: 2.582153e-07
isrc_-40: 2.39958e-07
isrc_125: 3.675828e-07
isrc_40: 3.135103e-07
vctrl_-40: 0.3710342
vctrl_125: 0.5652643
vctrl_40: 0.4571794
vctrlmax_-40: 0.4247921
vctrlmax_125: 0.6365283
vctrlmax_40: 0.5200838
vctrlmin_-40: 0.3373446
vctrlmin_125: 0.5186495
vctrlmin_40: 0.4161674
vref_-40: 1.053501
vref_125: 1.044651
vref_40: 1.052467
