ipmos_-40: 1.533206e-05
ipmos_125: 1.389322e-05
ipmos_40: 1.487847e-05
isnk_-40: 2.328102e-07
isnk_125: 3.441898e-07
isnk_40: 2.98014e-07
isrc_-40: 1.845705e-07
isrc_125: 2.966778e-07
isrc_40: 2.468577e-07
vctrl_-40: 0.3758708
vctrl_125: 0.577312
vctrl_40: 0.4641353
vctrlmax_-40: 0.44961
vctrlmax_125: 0.6866079
vctrlmax_40: 0.549845
vctrlmin_-40: 0.3175693
vctrlmin_125: 0.490017
vctrlmin_40: 0.3932382
vref_-40: 1.029261
vref_125: 0.9865289
vref_40: 1.021694
