ipmos_-40: 1.465278e-05
ipmos_125: 1.349892e-05
ipmos_40: 1.428488e-05
isnk_-40: 2.533316e-07
isnk_125: 3.69377e-07
isnk_40: 3.224548e-07
isrc_-40: 2.636219e-07
isrc_125: 3.64349e-07
isrc_40: 3.196508e-07
vctrl_-40: 0.3706253
vctrl_125: 0.5643406
vctrl_40: 0.4566664
vctrlmax_-40: 0.4124096
vctrlmax_125: 0.6127108
vctrlmax_40: 0.5061098
vctrlmin_-40: 0.3437341
vctrlmin_125: 0.5426722
vctrlmin_40: 0.4410087
vref_-40: 1.052676
vref_125: 1.050998
vref_40: 1.054499
