ipmos_-40: 1.52694e-05
ipmos_125: 1.410628e-05
ipmos_40: 1.489551e-05
isnk_-40: 1.711781e-07
isnk_125: 2.538947e-07
isnk_40: 2.148718e-07
isrc_-40: 2.143753e-07
isrc_125: 3.409508e-07
isrc_40: 2.875845e-07
vctrl_-40: 0.3710367
vctrl_125: 0.5650429
vctrl_40: 0.4570444
vctrlmax_-40: 0.4319016
vctrlmax_125: 0.6431925
vctrlmax_40: 0.5295804
vctrlmin_-40: 0.3247071
vctrlmin_125: 0.5156685
vctrlmin_40: 0.4060157
vref_-40: 1.038664
vref_125: 1.029843
vref_40: 1.03877
