ipmos_-40: 1.521239e-05
ipmos_125: 1.400767e-05
ipmos_40: 1.485037e-05
isnk_-40: 2.764292e-07
isnk_125: 3.902381e-07
isnk_40: 3.453294e-07
isrc_-40: 2.407813e-07
isrc_125: 3.498279e-07
isrc_40: 3.025782e-07
vctrl_-40: 0.3655922
vctrl_125: 0.5605495
vctrl_40: 0.4515056
vctrlmax_-40: 0.4226469
vctrlmax_125: 0.6330309
vctrlmax_40: 0.5197886
vctrlmin_-40: 0.3244014
vctrlmin_125: 0.5153293
vctrlmin_40: 0.4121477
vref_-40: 1.050262
vref_125: 1.040084
vref_40: 1.049048
