ipmos_-40: 1.481513e-05
ipmos_125: 1.360693e-05
ipmos_40: 1.446911e-05
isnk_-40: 2.653442e-07
isnk_125: 3.905537e-07
isnk_40: 3.411873e-07
isrc_-40: 3.177839e-07
isrc_125: 4.703086e-07
isrc_40: 4.072758e-07
vctrl_-40: 0.3728268
vctrl_125: 0.5682064
vctrl_40: 0.4598362
vctrlmax_-40: 0.4238568
vctrlmax_125: 0.6319433
vctrlmax_40: 0.5175436
vctrlmin_-40: 0.3355149
vctrlmin_125: 0.5307992
vctrlmin_40: 0.4188426
vref_-40: 1.041338
vref_125: 1.034578
vref_40: 1.041796
