ipmos_-40: 1.511234e-05
ipmos_125: 1.394744e-05
ipmos_40: 1.482378e-05
isnk_-40: 2.00999e-07
isnk_125: 3.025407e-07
isnk_40: 2.579101e-07
isrc_-40: 1.639023e-07
isrc_125: 2.631999e-07
isrc_40: 2.165484e-07
vctrl_-40: 0.3771218
vctrl_125: 0.5740858
vctrl_40: 0.463924
vctrlmax_-40: 0.4353405
vctrlmax_125: 0.6522509
vctrlmax_40: 0.5320239
vctrlmin_-40: 0.3340226
vctrlmin_125: 0.5252033
vctrlmin_40: 0.4268249
vref_-40: 1.031855
vref_125: 1.020967
vref_40: 1.032462
