ipmos_-40: 1.519558e-05
ipmos_125: 1.416902e-05
ipmos_40: 1.486913e-05
isnk_-40: 2.313503e-07
isnk_125: 3.400132e-07
isnk_40: 2.948726e-07
isrc_-40: 2.098457e-07
isrc_125: 3.35895e-07
isrc_40: 2.83177e-07
vctrl_-40: 0.3673432
vctrl_125: 0.5625725
vctrl_40: 0.4536805
vctrlmax_-40: 0.4219458
vctrlmax_125: 0.6415085
vctrlmax_40: 0.5213468
vctrlmin_-40: 0.3278867
vctrlmin_125: 0.5098897
vctrlmin_40: 0.4062623
vref_-40: 1.057616
vref_125: 1.042969
vref_40: 1.05578
