ipmos_-40: 1.470401e-05
ipmos_125: 1.352041e-05
ipmos_40: 1.437292e-05
isnk_-40: 1.983064e-07
isnk_125: 2.944352e-07
isnk_40: 2.514706e-07
isrc_-40: 2.067407e-07
isrc_125: 3.338697e-07
isrc_40: 2.793995e-07
vctrl_-40: 0.3716935
vctrl_125: 0.5656941
vctrl_40: 0.4579699
vctrlmax_-40: 0.4154327
vctrlmax_125: 0.6192361
vctrlmax_40: 0.5087649
vctrlmin_-40: 0.343356
vctrlmin_125: 0.5434306
vctrlmin_40: 0.4281759
vref_-40: 1.04899
vref_125: 1.046112
vref_40: 1.049287
