ipmos_-40: 1.511639e-05
ipmos_125: 1.394365e-05
ipmos_40: 1.474127e-05
isnk_-40: 2.173584e-07
isnk_125: 3.207317e-07
isnk_40: 2.766509e-07
isrc_-40: 2.046444e-07
isrc_125: 3.259683e-07
isrc_40: 2.750243e-07
vctrl_-40: 0.3708776
vctrl_125: 0.565585
vctrl_40: 0.4575296
vctrlmax_-40: 0.4228618
vctrlmax_125: 0.6375364
vctrlmax_40: 0.5202695
vctrlmin_-40: 0.3440131
vctrlmin_125: 0.5189073
vctrlmin_40: 0.4198231
vref_-40: 1.051856
vref_125: 1.042173
vref_40: 1.051076
