ipmos_-40: 1.507767e-05
ipmos_125: 1.387127e-05
ipmos_40: 1.471863e-05
isnk_-40: 2.268744e-07
isnk_125: 3.132848e-07
isnk_40: 2.752452e-07
isrc_-40: 2.124112e-07
isrc_125: 3.335621e-07
isrc_40: 2.822751e-07
vctrl_-40: 0.3750035
vctrl_125: 0.5725081
vctrl_40: 0.4621795
vctrlmax_-40: 0.4362216
vctrlmax_125: 0.648524
vctrlmax_40: 0.533584
vctrlmin_-40: 0.3388346
vctrlmin_125: 0.5147541
vctrlmin_40: 0.4117706
vref_-40: 1.034255
vref_125: 1.023309
vref_40: 1.034016
