ipmos_-40: 1.510323e-05
ipmos_125: 1.407325e-05
ipmos_40: 1.473721e-05
isnk_-40: 2.247763e-07
isnk_125: 3.236164e-07
isnk_40: 2.816777e-07
isrc_-40: 2.496944e-07
isrc_125: 3.711834e-07
isrc_40: 3.165526e-07
vctrl_-40: 0.3730141
vctrl_125: 0.5659949
vctrl_40: 0.4587731
vctrlmax_-40: 0.4308769
vctrlmax_125: 0.6366794
vctrlmax_40: 0.5254774
vctrlmin_-40: 0.3301862
vctrlmin_125: 0.5235916
vctrlmin_40: 0.4247295
vref_-40: 1.041997
vref_125: 1.039091
vref_40: 1.044543
