ipmos_-40: 1.538864e-05
ipmos_125: 1.414133e-05
ipmos_40: 1.504963e-05
isnk_-40: 1.794443e-07
isnk_125: 2.798817e-07
isnk_40: 2.352138e-07
isrc_-40: 1.432933e-07
isrc_125: 2.391116e-07
isrc_40: 1.938096e-07
vctrl_-40: 0.3734051
vctrl_125: 0.5702847
vctrl_40: 0.459453
vctrlmax_-40: 0.4347177
vctrlmax_125: 0.6546634
vctrlmax_40: 0.5350885
vctrlmin_-40: 0.3256687
vctrlmin_125: 0.5067577
vctrlmin_40: 0.4055372
vref_-40: 1.035354
vref_125: 1.025887
vref_40: 1.036933
