ipmos_-40: 1.474616e-05
ipmos_125: 1.371075e-05
ipmos_40: 1.443098e-05
isnk_-40: 2.332832e-07
isnk_125: 3.344082e-07
isnk_40: 2.916894e-07
isrc_-40: 2.964648e-07
isrc_125: 4.144534e-07
isrc_40: 3.628311e-07
vctrl_-40: 0.366414
vctrl_125: 0.5606464
vctrl_40: 0.4528294
vctrlmax_-40: 0.4097194
vctrlmax_125: 0.6177374
vctrlmax_40: 0.5077518
vctrlmin_-40: 0.3364012
vctrlmin_125: 0.5209975
vctrlmin_40: 0.4210925
vref_-40: 1.048799
vref_125: 1.045512
vref_40: 1.050109
