ipmos_-40: 1.500875e-05
ipmos_125: 1.386341e-05
ipmos_40: 1.465128e-05
isnk_-40: 1.948352e-07
isnk_125: 3.000613e-07
isnk_40: 2.542916e-07
isrc_-40: 2.094969e-07
isrc_125: 3.238032e-07
isrc_40: 2.732666e-07
vctrl_-40: 0.3695912
vctrl_125: 0.5627566
vctrl_40: 0.4552142
vctrlmax_-40: 0.4179878
vctrlmax_125: 0.6256279
vctrlmax_40: 0.5096999
vctrlmin_-40: 0.3357129
vctrlmin_125: 0.5263964
vctrlmin_40: 0.4176917
vref_-40: 1.049114
vref_125: 1.044705
vref_40: 1.050415
