ipmos_-40: 1.485707e-05
ipmos_125: 1.375145e-05
ipmos_40: 1.455396e-05
isnk_-40: 2.647241e-07
isnk_125: 4.009741e-07
isnk_40: 3.464408e-07
isrc_-40: 2.065936e-07
isrc_125: 3.289445e-07
isrc_40: 2.742543e-07
vctrl_-40: 0.3695978
vctrl_125: 0.5635911
vctrl_40: 0.4558697
vctrlmax_-40: 0.4163418
vctrlmax_125: 0.6230951
vctrlmax_40: 0.511484
vctrlmin_-40: 0.339002
vctrlmin_125: 0.5310689
vctrlmin_40: 0.4331158
vref_-40: 1.046149
vref_125: 1.044613
vref_40: 1.048265
