ipmos_-40: 1.532433e-05
ipmos_125: 1.392487e-05
ipmos_40: 1.479941e-05
isnk_-40: 2.386819e-07
isnk_125: 3.399396e-07
isnk_40: 2.971586e-07
isrc_-40: 2.305554e-07
isrc_125: 3.677978e-07
isrc_40: 3.076261e-07
vctrl_-40: 0.3693148
vctrl_125: 0.563612
vctrl_40: 0.4561898
vctrlmax_-40: 0.4307155
vctrlmax_125: 0.6294025
vctrlmax_40: 0.5243964
vctrlmin_-40: 0.3264198
vctrlmin_125: 0.5249611
vctrlmin_40: 0.410793
vref_-40: 1.05399
vref_125: 1.046939
vref_40: 1.052657
