ivdd_-20: -8.414647e-05
ivdd_-40: -7.823009e-05
ivdd_0: -9.229582e-05
ivdd_100: -0.0001293011
ivdd_125: -0.0001300099
ivdd_20: -0.0001010047
ivdd_40: -0.0001093545
ivdd_60: -0.0001176045
ivdd_80: -0.0001232958
vn_-20: 0.8067933
vn_-40: 0.8376955
vn_0: 0.7734863
vn_100: 0.6045681
vn_125: 0.559654
vn_20: 0.7418044
vn_40: 0.7076058
vn_60: 0.6735232
vn_80: 0.6387088
vp_-20: 0.8064759
vp_-40: 0.8367392
vp_0: 0.7738229
vp_100: 0.604642
vp_125: 0.5602742
vp_20: 0.7421382
vp_40: 0.706094
vp_60: 0.6739437
vp_80: 0.6387294
vref_-20: 0.6121804
vref_-40: 0.6124998
vref_0: 0.6121047
vref_100: 0.6113441
vref_125: 0.6104532
vref_20: 0.6123798
vref_40: 0.6124492
vref_60: 0.6121867
vref_80: 0.6118737
