ivdd_-20: -8.569982e-05
ivdd_-40: -7.858739e-05
ivdd_0: -9.990226e-05
ivdd_100: -0.0001346528
ivdd_125: -0.0001451822
ivdd_20: -0.0001070112
ivdd_40: -0.000116683
ivdd_60: -0.0001251972
ivdd_80: -0.0001352231
vn_-20: 0.8071612
vn_-40: 0.8385853
vn_0: 0.7750404
vn_100: 0.6051
vn_125: 0.5605103
vn_20: 0.7421836
vn_40: 0.708767
vn_60: 0.6747939
vn_80: 0.6401696
vp_-20: 0.8067001
vp_-40: 0.8381546
vp_0: 0.774573
vp_100: 0.604415
vp_125: 0.5596872
vp_20: 0.7416863
vp_40: 0.708246
vp_60: 0.6742454
vp_80: 0.6394962
vref_-20: 0.6182216
vref_-40: 0.6175016
vref_0: 0.6192835
vref_100: 0.6197611
vref_125: 0.6189312
vref_20: 0.6198383
vref_40: 0.6200588
vref_60: 0.6203298
vref_80: 0.6201566
