ivdd_-20: -8.346719e-05
ivdd_-40: -7.71015e-05
ivdd_0: -9.320352e-05
ivdd_100: -0.0001350172
ivdd_125: -0.0001404934
ivdd_20: -0.0001041492
ivdd_40: -0.0001154283
ivdd_60: -0.0001241079
ivdd_80: -0.0001309436
vn_-20: 0.8062551
vn_-40: 0.8377872
vn_0: 0.7739506
vn_100: 0.604054
vn_125: 0.5597249
vn_20: 0.7411226
vn_40: 0.7076844
vn_60: 0.6739451
vn_80: 0.6392638
vp_-20: 0.8061182
vp_-40: 0.8377045
vp_0: 0.7736558
vp_100: 0.6038593
vp_125: 0.5593182
vp_20: 0.7407566
vp_40: 0.7073165
vp_60: 0.6738196
vp_80: 0.6392392
vref_-20: 0.5998834
vref_-40: 0.5997159
vref_0: 0.6005845
vref_100: 0.6019828
vref_125: 0.6012487
vref_20: 0.6012098
vref_40: 0.6015451
vref_60: 0.6019655
vref_80: 0.6021011
