ivdd_-20: -8.169692e-05
ivdd_-40: -7.874763e-05
ivdd_0: -8.862497e-05
ivdd_100: -0.0001145995
ivdd_125: -0.0001151586
ivdd_20: -9.692502e-05
ivdd_40: -0.0001039187
ivdd_60: -0.0001091073
ivdd_80: -0.0001128472
vn_-20: 0.8069208
vn_-40: 0.8379846
vn_0: 0.7722697
vn_100: 0.6016827
vn_125: 0.5570486
vn_20: 0.7388104
vn_40: 0.7055043
vn_60: 0.6714278
vn_80: 0.636838
vp_-20: 0.8035631
vp_-40: 0.8419694
vp_0: 0.7700979
vp_100: 0.6012553
vp_125: 0.5567939
vp_20: 0.7386516
vp_40: 0.7063482
vp_60: 0.6734014
vp_80: 0.6376902
vref_-20: 0.6212883
vref_-40: 0.6220166
vref_0: 0.6211493
vref_100: 0.6214555
vref_125: 0.6205982
vref_20: 0.6215328
vref_40: 0.6219274
vref_60: 0.6218262
vref_80: 0.6218702
