ivdd_-20: -8.21618e-05
ivdd_-40: -7.616728e-05
ivdd_0: -9.234588e-05
ivdd_100: -0.000137795
ivdd_125: -0.0001421195
ivdd_20: -0.0001026972
ivdd_40: -0.0001139376
ivdd_60: -0.0001241501
ivdd_80: -0.0001318942
vn_-20: 0.8065288
vn_-40: 0.8379545
vn_0: 0.7742488
vn_100: 0.6044241
vn_125: 0.5598636
vn_20: 0.7414121
vn_40: 0.7079755
vn_60: 0.673984
vn_80: 0.6394209
vp_-20: 0.8061546
vp_-40: 0.8373993
vp_0: 0.7735975
vp_100: 0.6039376
vp_125: 0.5594442
vp_20: 0.7410956
vp_40: 0.7076651
vp_60: 0.673575
vp_80: 0.6389996
vref_-20: 0.6112503
vref_-40: 0.6111636
vref_0: 0.6119958
vref_100: 0.6122923
vref_125: 0.6116882
vref_20: 0.6120119
vref_40: 0.6125782
vref_60: 0.6127641
vref_80: 0.6126682
