ivdd_-20: -8.589081e-05
ivdd_-40: -7.895391e-05
ivdd_0: -9.64419e-05
ivdd_100: -0.0001408782
ivdd_125: -0.0001433888
ivdd_20: -0.0001080138
ivdd_40: -0.0001189549
ivdd_60: -0.0001283977
ivdd_80: -0.0001357648
vn_-20: 0.8053492
vn_-40: 0.8373989
vn_0: 0.7734585
vn_100: 0.6033738
vn_125: 0.5587302
vn_20: 0.7409078
vn_40: 0.7076021
vn_60: 0.6731282
vn_80: 0.6384405
vp_-20: 0.8059377
vp_-40: 0.8387233
vp_0: 0.7739805
vp_100: 0.6045568
vp_125: 0.5596932
vp_20: 0.7412324
vp_40: 0.7070676
vp_60: 0.6725162
vp_80: 0.6383253
vref_-20: 0.621454
vref_-40: 0.6214467
vref_0: 0.6211362
vref_100: 0.6198381
vref_125: 0.6188136
vref_20: 0.6213791
vref_40: 0.6215911
vref_60: 0.6214809
vref_80: 0.6212359
