ivdd_-20: -8.401322e-05
ivdd_-40: -7.875038e-05
ivdd_0: -9.208509e-05
ivdd_100: -0.0001308457
ivdd_125: -0.0001314537
ivdd_20: -0.0001019336
ivdd_40: -0.000111554
ivdd_60: -0.0001200006
ivdd_80: -0.000126488
vn_-20: 0.8073007
vn_-40: 0.8388594
vn_0: 0.7749381
vn_100: 0.605059
vn_125: 0.5604087
vn_20: 0.7422324
vn_40: 0.7086986
vn_60: 0.6750079
vn_80: 0.6403077
vp_-20: 0.8068647
vp_-40: 0.8382412
vp_0: 0.7743817
vp_100: 0.6046369
vp_125: 0.5595709
vp_20: 0.741441
vp_40: 0.7086919
vp_60: 0.6747748
vp_80: 0.6401626
vref_-20: 0.624061
vref_-40: 0.6241016
vref_0: 0.6246472
vref_100: 0.625246
vref_125: 0.6245319
vref_20: 0.6252574
vref_40: 0.6256245
vref_60: 0.6256406
vref_80: 0.6255801
