ivdd_-20: -8.411002e-05
ivdd_-40: -7.698908e-05
ivdd_0: -9.431972e-05
ivdd_100: -0.0001330415
ivdd_125: -0.0001342134
ivdd_20: -0.0001052487
ivdd_40: -0.0001154873
ivdd_60: -0.0001239265
ivdd_80: -0.0001303016
vn_-20: 0.8060688
vn_-40: 0.8378514
vn_0: 0.7739044
vn_100: 0.6042928
vn_125: 0.5597233
vn_20: 0.7416413
vn_40: 0.7077394
vn_60: 0.6739999
vn_80: 0.639339
vp_-20: 0.8053125
vp_-40: 0.8369395
vp_0: 0.7735158
vp_100: 0.6039574
vp_125: 0.5592821
vp_20: 0.7411522
vp_40: 0.7075209
vp_60: 0.6738281
vp_80: 0.6387995
vref_-20: 0.6119297
vref_-40: 0.6125527
vref_0: 0.6120961
vref_100: 0.6126727
vref_125: 0.6120017
vref_20: 0.61254
vref_40: 0.6128697
vref_60: 0.6130563
vref_80: 0.612768
