ivdd_-20: -8.381058e-05
ivdd_-40: -7.707494e-05
ivdd_0: -9.418282e-05
ivdd_100: -0.0001369172
ivdd_125: -0.0001402107
ivdd_20: -0.0001054317
ivdd_40: -0.0001163311
ivdd_60: -0.0001255992
ivdd_80: -0.0001327485
vn_-20: 0.8059969
vn_-40: 0.8372802
vn_0: 0.7739007
vn_100: 0.6042152
vn_125: 0.559646
vn_20: 0.7409426
vn_40: 0.7078025
vn_60: 0.6738156
vn_80: 0.6391699
vp_-20: 0.8054551
vp_-40: 0.8372463
vp_0: 0.7738302
vp_100: 0.6039168
vp_125: 0.5590976
vp_20: 0.7403869
vp_40: 0.7074368
vp_60: 0.6734059
vp_80: 0.6388514
vref_-20: 0.6076631
vref_-40: 0.6078333
vref_0: 0.608563
vref_100: 0.6089597
vref_125: 0.608233
vref_20: 0.6089946
vref_40: 0.609387
vref_60: 0.6095058
vref_80: 0.6093603
