ivdd_-20: -8.294387e-05
ivdd_-40: -7.768073e-05
ivdd_0: -9.029147e-05
ivdd_100: -0.0001213907
ivdd_125: -0.0001228079
ivdd_20: -9.964832e-05
ivdd_40: -0.0001073989
ivdd_60: -0.00011367
ivdd_80: -0.0001181978
vn_-20: 0.805423
vn_-40: 0.8361216
vn_0: 0.7728166
vn_100: 0.6021941
vn_125: 0.5585925
vn_20: 0.7404016
vn_40: 0.7067694
vn_60: 0.6723801
vn_80: 0.6374989
vp_-20: 0.8048342
vp_-40: 0.836192
vp_0: 0.7721669
vp_100: 0.6014988
vp_125: 0.5573099
vp_20: 0.7408295
vp_40: 0.7076914
vp_60: 0.6732252
vp_80: 0.6379085
vref_-20: 0.5977245
vref_-40: 0.5977068
vref_0: 0.5981463
vref_100: 0.598524
vref_125: 0.5976338
vref_20: 0.5987131
vref_40: 0.5991978
vref_60: 0.5990506
vref_80: 0.5988177
