ivdd_-20: -8.469028e-05
ivdd_-40: -7.891363e-05
ivdd_0: -9.169446e-05
ivdd_100: -0.0001181957
ivdd_125: -0.0001194302
ivdd_20: -9.931916e-05
ivdd_40: -0.000106446
ivdd_60: -0.0001122939
ivdd_80: -0.000116217
vn_-20: 0.806313
vn_-40: 0.8387241
vn_0: 0.7746293
vn_100: 0.6046145
vn_125: 0.5599821
vn_20: 0.7415389
vn_40: 0.708208
vn_60: 0.6741974
vn_80: 0.6397112
vp_-20: 0.8072758
vp_-40: 0.8378173
vp_0: 0.7746409
vp_100: 0.6043828
vp_125: 0.5600188
vp_20: 0.7415518
vp_40: 0.7079575
vp_60: 0.674338
vp_80: 0.6393474
vref_-20: 0.629204
vref_-40: 0.6294552
vref_0: 0.6292278
vref_100: 0.6275921
vref_125: 0.6262293
vref_20: 0.6292499
vref_40: 0.6290996
vref_60: 0.6289218
vref_80: 0.6282113
