ivdd_-20: -8.17796e-05
ivdd_-40: -7.567525e-05
ivdd_0: -8.954513e-05
ivdd_100: -0.000119429
ivdd_125: -0.0001212909
ivdd_20: -9.789896e-05
ivdd_40: -0.0001057803
ivdd_60: -0.0001127401
ivdd_80: -0.0001166789
vn_-20: 0.80486
vn_-40: 0.8364365
vn_0: 0.7724615
vn_100: 0.6028344
vn_125: 0.5586134
vn_20: 0.7396744
vn_40: 0.7061809
vn_60: 0.6723516
vn_80: 0.6380523
vp_-20: 0.8050161
vp_-40: 0.8363112
vp_0: 0.7724581
vp_100: 0.6039342
vp_125: 0.5593629
vp_20: 0.739567
vp_40: 0.7068272
vp_60: 0.6731474
vp_80: 0.6390068
vref_-20: 0.6043191
vref_-40: 0.6041594
vref_0: 0.6046594
vref_100: 0.6060146
vref_125: 0.6054944
vref_20: 0.6054687
vref_40: 0.6059562
vref_60: 0.606397
vref_80: 0.6061584
