ivdd_-20: -8.411126e-05
ivdd_-40: -7.864528e-05
ivdd_0: -9.241605e-05
ivdd_100: -0.0001304978
ivdd_125: -0.0001337671
ivdd_20: -0.0001016411
ivdd_40: -0.0001112648
ivdd_60: -0.0001192366
ivdd_80: -0.0001278162
vn_-20: 0.8068852
vn_-40: 0.8394188
vn_0: 0.7751974
vn_100: 0.6051801
vn_125: 0.5604973
vn_20: 0.7421791
vn_40: 0.7088385
vn_60: 0.6745974
vn_80: 0.6403228
vp_-20: 0.8067843
vp_-40: 0.8391621
vp_0: 0.7749772
vp_100: 0.604936
vp_125: 0.5603683
vp_20: 0.7421097
vp_40: 0.7088306
vp_60: 0.674013
vp_80: 0.6397323
vref_-20: 0.618668
vref_-40: 0.6192911
vref_0: 0.6190987
vref_100: 0.6178227
vref_125: 0.6165739
vref_20: 0.6190934
vref_40: 0.6191337
vref_60: 0.6190502
vref_80: 0.6185411
