ivdd_-20: -8.130446e-05
ivdd_-40: -7.631965e-05
ivdd_0: -8.848922e-05
ivdd_100: -0.0001213145
ivdd_125: -0.0001235732
ivdd_20: -9.681865e-05
ivdd_40: -0.000104595
ivdd_60: -0.0001112606
ivdd_80: -0.0001165333
vn_-20: 0.8064956
vn_-40: 0.8370647
vn_0: 0.7743688
vn_100: 0.6043805
vn_125: 0.5597731
vn_20: 0.7413491
vn_40: 0.7070608
vn_60: 0.6730122
vn_80: 0.638448
vp_-20: 0.8074066
vp_-40: 0.8374264
vp_0: 0.7749044
vp_100: 0.6031952
vp_125: 0.5596339
vp_20: 0.7422503
vp_40: 0.7071207
vp_60: 0.6723801
vp_80: 0.637373
vref_-20: 0.612544
vref_-40: 0.6117154
vref_0: 0.6131872
vref_100: 0.6145241
vref_125: 0.613723
vref_20: 0.6139062
vref_40: 0.614447
vref_60: 0.6147526
vref_80: 0.614675
