ivdd_-20: -8.23249e-05
ivdd_-40: -7.730302e-05
ivdd_0: -9.026458e-05
ivdd_100: -0.0001307988
ivdd_125: -0.000134707
ivdd_20: -9.991021e-05
ivdd_40: -0.0001105657
ivdd_60: -0.0001189779
ivdd_80: -0.000126247
vn_-20: 0.8073093
vn_-40: 0.838907
vn_0: 0.7751922
vn_100: 0.6053933
vn_125: 0.5606217
vn_20: 0.7422574
vn_40: 0.7088399
vn_60: 0.6750827
vn_80: 0.6403961
vp_-20: 0.8068372
vp_-40: 0.8390471
vp_0: 0.7751069
vp_100: 0.6048263
vp_125: 0.5595527
vp_20: 0.7416773
vp_40: 0.7084786
vp_60: 0.6750428
vp_80: 0.6397104
vref_-20: 0.6277456
vref_-40: 0.6272414
vref_0: 0.6284579
vref_100: 0.6294686
vref_125: 0.628819
vref_20: 0.6291065
vref_40: 0.6294134
vref_60: 0.6296994
vref_80: 0.6296904
