ivdd_-20: -8.223345e-05
ivdd_-40: -7.572104e-05
ivdd_0: -9.001485e-05
ivdd_100: -0.0001303959
ivdd_125: -0.0001321749
ivdd_20: -0.0001000615
ivdd_40: -0.0001090221
ivdd_60: -0.0001172795
ivdd_80: -0.0001250563
vn_-20: 0.8063305
vn_-40: 0.837695
vn_0: 0.7741326
vn_100: 0.6039152
vn_125: 0.5593829
vn_20: 0.7411279
vn_40: 0.7078372
vn_60: 0.6737531
vn_80: 0.6390403
vp_-20: 0.8060854
vp_-40: 0.8372919
vp_0: 0.7739406
vp_100: 0.6029928
vp_125: 0.5583628
vp_20: 0.7406682
vp_40: 0.7072296
vp_60: 0.6732076
vp_80: 0.6382771
vref_-20: 0.6160836
vref_-40: 0.616212
vref_0: 0.6160413
vref_100: 0.6151626
vref_125: 0.6143344
vref_20: 0.6162936
vref_40: 0.6162817
vref_60: 0.6162657
vref_80: 0.6156862
