ivdd_-20: -8.723339e-05
ivdd_-40: -7.993153e-05
ivdd_0: -9.979033e-05
ivdd_100: -0.0001403197
ivdd_125: -0.0001421236
ivdd_20: -0.0001094054
ivdd_40: -0.0001201814
ivdd_60: -0.000130121
ivdd_80: -0.0001371275
vn_-20: 0.806396
vn_-40: 0.8362103
vn_0: 0.7741857
vn_100: 0.6054451
vn_125: 0.5592685
vn_20: 0.7419984
vn_40: 0.7064227
vn_60: 0.673027
vn_80: 0.6403995
vp_-20: 0.8022022
vp_-40: 0.8341287
vp_0: 0.7777279
vp_100: 0.6036402
vp_125: 0.5567415
vp_20: 0.7388082
vp_40: 0.7056291
vp_60: 0.6751452
vp_80: 0.6417343
vref_-20: 0.6187137
vref_-40: 0.62145
vref_0: 0.6178324
vref_100: 0.6168545
vref_125: 0.6143627
vref_20: 0.617378
vref_40: 0.6175611
vref_60: 0.6174957
vref_80: 0.6172862
