ivdd_-20: -8.927991e-05
ivdd_-40: -8.101264e-05
ivdd_0: -0.0001009334
ivdd_100: -0.0001381821
ivdd_125: -0.0001413763
ivdd_20: -0.0001113419
ivdd_40: -0.000121685
ivdd_60: -0.0001302731
ivdd_80: -0.0001353884
vn_-20: 0.8071124
vn_-40: 0.8383206
vn_0: 0.775464
vn_100: 0.604886
vn_125: 0.5601195
vn_20: 0.7422788
vn_40: 0.7082092
vn_60: 0.6743046
vn_80: 0.6397142
vp_-20: 0.8057986
vp_-40: 0.8374515
vp_0: 0.7766844
vp_100: 0.6035168
vp_125: 0.5590509
vp_20: 0.7404698
vp_40: 0.7075136
vp_60: 0.6745089
vp_80: 0.6389625
vref_-20: 0.631527
vref_-40: 0.6311165
vref_0: 0.6323207
vref_100: 0.6349518
vref_125: 0.6342422
vref_20: 0.6327217
vref_40: 0.6336958
vref_60: 0.6343041
vref_80: 0.6347281
