ivdd_-20: -8.135479e-05
ivdd_-40: -7.568847e-05
ivdd_0: -8.981892e-05
ivdd_100: -0.000127038
ivdd_125: -0.0001264236
ivdd_20: -9.827181e-05
ivdd_40: -0.0001076769
ivdd_60: -0.0001151432
ivdd_80: -0.0001204511
vn_-20: 0.8075339
vn_-40: 0.8388167
vn_0: 0.7748334
vn_100: 0.6051706
vn_125: 0.56058
vn_20: 0.7423148
vn_40: 0.7089297
vn_60: 0.674988
vn_80: 0.6403158
vp_-20: 0.8069592
vp_-40: 0.8377488
vp_0: 0.7748321
vp_100: 0.6050156
vp_125: 0.5602406
vp_20: 0.741422
vp_40: 0.7087712
vp_60: 0.6748976
vp_80: 0.6400597
vref_-20: 0.616869
vref_-40: 0.6172105
vref_0: 0.6177176
vref_100: 0.6174764
vref_125: 0.6163646
vref_20: 0.6181056
vref_40: 0.6184201
vref_60: 0.6184984
vref_80: 0.6180078
