ivdd_-20: -8.399256e-05
ivdd_-40: -7.840095e-05
ivdd_0: -9.164974e-05
ivdd_100: -0.0001263936
ivdd_125: -0.0001278693
ivdd_20: -9.973379e-05
ivdd_40: -0.0001091831
ivdd_60: -0.0001160411
ivdd_80: -0.0001214425
vn_-20: 0.8071217
vn_-40: 0.8381872
vn_0: 0.7750425
vn_100: 0.6043629
vn_125: 0.5600582
vn_20: 0.7414015
vn_40: 0.7084305
vn_60: 0.6748459
vn_80: 0.6398472
vp_-20: 0.8072734
vp_-40: 0.8382793
vp_0: 0.7759197
vp_100: 0.6043853
vp_125: 0.5601703
vp_20: 0.7405554
vp_40: 0.7095189
vp_60: 0.6743087
vp_80: 0.638648
vref_-20: 0.6194743
vref_-40: 0.6194496
vref_0: 0.6198342
vref_100: 0.6198217
vref_125: 0.6188279
vref_20: 0.620243
vref_40: 0.6205555
vref_60: 0.6205027
vref_80: 0.620323
